1.242864779631296795e-01
9.521540986167059684e-02
7.079405635595321933e-02
6.543085859881507538e-02
6.223920933074421347e-02
5.997573102513949206e-02
5.932104059391551248e-02
5.822652240594228257e-02
5.784956369135114962e-02
5.753962195581859701e-02
5.703090058432685322e-02
5.721808708376354552e-02
5.827562300695313113e-02
5.723279158274332395e-02
5.674688107437557416e-02
5.672669453753365065e-02
5.700195954905615953e-02
3.770488760537571427e-02
3.441341198152966102e-02
3.402893192238277964e-02
3.396782954533894561e-02
3.426965877413749861e-02
3.416551558507813224e-02
3.401997698677911020e-02
3.393662624888949680e-02
3.346420574519369528e-02
2.683299577070607025e-02
6.383593239718013575e-03
4.281384411992297974e-03
3.758272498639093559e-03
3.540405929088592460e-03
3.463248186227348147e-03
3.430296950456168843e-03
3.220941185330351061e-03
3.135396221445666421e-03
3.173712982485691735e-03
2.878244281229045548e-03
2.933600217931800393e-03
3.758161706436011565e-03
2.785211887417567925e-03
3.186946341560946590e-03
4.018248159231411348e-03
2.762889350867933809e-03
2.486081714224484037e-03
2.455378578354914989e-03
2.418915091289414177e-03
2.543697440996766160e-03
2.700192066323426048e-03
2.505932520661089107e-03
2.492994423955678836e-03
3.516023446702295011e-03
2.541388067313366580e-03
2.396139177597231447e-03
2.436724385867516246e-03
2.435237920015222678e-03
2.221138314861390538e-03
2.138898179142011743e-03
2.911470606923103124e-03
2.882594527262780353e-03
2.396387786914905022e-03
2.198193743824958853e-03
2.209446380535761648e-03
2.449822890468769405e-03
2.253019916307595107e-03
2.132315966818067957e-03
2.130283856143554231e-03
2.150331010214156461e-03
2.319768063931001382e-03
2.420672667730185829e-03
2.458771574828359611e-03
2.071151087681452618e-03
2.223361428413126242e-03
2.739298222586512409e-03
2.377161304983827720e-03
2.509892715865539269e-03
2.191088013350963454e-03
2.116435102911459146e-03
2.366655805251664454e-03
2.746396605960196857e-03
2.483226541015837001e-03
2.212582040164205559e-03
2.363905519660976055e-03
2.126452044273416126e-03
2.816220566423402894e-03
2.103883792749709596e-03
2.148975323264797326e-03
1.901030684303906242e-03
1.956415524085362758e-03
1.922574495482775930e-03
2.020165061888595359e-03
1.870402448500196142e-03
2.659352870865000582e-03
2.435199957754877013e-03
2.163430863163537648e-03
1.951576696915759048e-03
1.814513678352037973e-03
2.274620314646098439e-03
2.179552925129731467e-03
3.078626830958657891e-03
2.099270946863624702e-03
2.699616802856326294e-03
2.137235760067900028e-03
2.302268803533580495e-03
2.048072091614206846e-03
1.815190458049376803e-03
1.854659618499378271e-03
1.785464468412101269e-03
1.852060934114787248e-03
1.987434085458517161e-03
1.971436171895928069e-03
2.134096185780233901e-03
2.046136154482762134e-03
1.960410217030180823e-03
2.671592766419053199e-03
2.179495359046591547e-03
1.921900620477067119e-03
1.970960414037108317e-03
2.502034880841771686e-03
2.208248365463481855e-03
2.254659732182820453e-03
2.596554727190070796e-03
2.030364488148026988e-03
1.818657208027111161e-03
2.022028019030888777e-03
2.108611105423834411e-03
1.874225421084298052e-03
1.815931248582071823e-03
1.673509844889243528e-03
1.738260046371983229e-03
1.894823229457769098e-03
1.766466987836692176e-03
1.779292917086018480e-03
1.798069556243717766e-03
1.807794452955325528e-03
1.866996861580345370e-03
1.924679378151065686e-03
2.223568609398272281e-03
2.213510239186386105e-03
1.870140282230244770e-03
1.926902870958050124e-03
2.244624944610728364e-03
2.027729055844247445e-03
1.900832382962107641e-03
2.002677749842405198e-03
1.746386604176627293e-03
1.619297032141023144e-03
1.583589415790306095e-03
1.791094464974270911e-03
1.856276731317242027e-03
1.807944080274966059e-03
1.656240866416030513e-03
1.780129690240654650e-03
1.938412613752815532e-03
1.971461707726121070e-03
1.720343434458805349e-03
1.740972977649006591e-03
2.009073328226804785e-03
1.679633462594614995e-03
1.713617645824949036e-03
1.704660796870787875e-03
1.646162447416120054e-03
1.922701229858729674e-03
1.971276128250691421e-03
1.770142554822895248e-03
1.774716938121451365e-03
1.693320452339119398e-03
1.552922299338711570e-03
1.885482621275716376e-03
1.623069625347852698e-03
1.634827572852373114e-03
1.599285540998809972e-03
1.662057491743730141e-03
1.694367838402589116e-03
1.854153176666133856e-03
1.582909323689010456e-03
1.606896881324549600e-03
1.859388917477594562e-03
1.768938104829026600e-03
1.540296628243393315e-03
1.515979021787643502e-03
1.655950932246115373e-03
1.567772804862923100e-03
1.635178152678741330e-03
1.772353671905067124e-03
1.718856099372108792e-03
1.783187176721791377e-03
1.525137461204495795e-03
1.628711728586090899e-03
1.967519098478886976e-03
2.175296611256069806e-03
1.898993999283346903e-03
1.628580648038122428e-03
1.638248146822055083e-03
1.728860939749413085e-03
1.612742525628871283e-03
1.535894183131555814e-03
1.550012262951996683e-03
1.652902148457037175e-03
1.777784104665948352e-03
1.908213190941347118e-03
1.704041861101157065e-03
1.656739011717339293e-03
1.534564282434681959e-03
1.635700302302009511e-03
1.672138680910898508e-03
1.474560826188988077e-03
2.013559537008404593e-03
1.664250569625033271e-03
1.742382276182373414e-03
1.619965495645172161e-03
1.560982999184893283e-03
1.812528363532490234e-03
1.667868708674278416e-03
1.592529254137641783e-03
1.687609409499499485e-03
1.918546525864965428e-03
1.570655355850855521e-03
1.452212403528392376e-03
1.574559258814487101e-03
1.604701137791077203e-03
1.526536414296262873e-03
1.583717987458739020e-03
2.224902240042057368e-03
1.860609338618814893e-03
1.542363468971517373e-03
1.827847827225923460e-03
1.708158322920401992e-03
1.774115628148946423e-03
1.515254606492817506e-03
1.448986286090480063e-03
1.408344940799805857e-03
1.569874042438136304e-03
1.570904645034008548e-03
1.401022219409545251e-03
1.564163536661201080e-03
1.505065853190090935e-03
1.947841346263885472e-03
1.993321923332081955e-03
1.695801949438949371e-03
1.723885658300585138e-03
1.829039876142309713e-03
1.694547009861303638e-03
1.717444531516068617e-03
1.543357221720119236e-03
1.536496289384861819e-03
1.424340971538590097e-03
1.514795048990183425e-03
1.484718748057882020e-03
1.965590301487180839e-03
1.648352786174250980e-03
1.513771391991112006e-03
1.490467761953671692e-03
1.618292386022706763e-03
1.619077699465884101e-03
1.505239483796887981e-03
1.385716237645182340e-03
1.463969143935375848e-03
2.085051463606456702e-03
1.552660311054852209e-03
1.546216696086856988e-03
1.376897167000505628e-03
1.606646572343177178e-03
1.570869828056957983e-03
1.852194843813777031e-03
1.923083805789550229e-03
1.836209476201070652e-03
1.574126056705912012e-03
1.680787872109148345e-03
1.407559915031823816e-03
1.704600542369816068e-03
1.697279958882265578e-03
1.552172785935302616e-03
1.447814946166343150e-03
1.447463398281898742e-03
1.453572077055772117e-03
1.403166674491432070e-03
1.399690960533917037e-03
1.346960019630690430e-03
1.443771712688936022e-03
1.719737198824683759e-03
1.713656120312710565e-03
1.556114325196378658e-03
1.518675465550687557e-03
1.399495546809501056e-03
1.614380543016725013e-03
1.546505206368035826e-03
1.400976384886436915e-03
1.695987944387727236e-03
1.699815919208857821e-03
1.744545169899033117e-03
1.426868547892405029e-03
1.407063640654087136e-03
1.561866079767545079e-03
1.675569056015875549e-03
1.687975242320034243e-03
1.494167362753715759e-03
1.594661942993601212e-03
1.430884516901440159e-03
1.317053658680783414e-03
1.354999610533317005e-03
1.372652038310964891e-03
1.687670031355487056e-03
1.705182056046194560e-03
1.525947197547389408e-03
1.882746265166335533e-03
1.486988783969233350e-03
1.285471670950452585e-03
1.393853300768468093e-03
1.357175342790368534e-03
1.429620391378800181e-03
1.326801193774574360e-03
1.320871713881691329e-03
1.383567174068755547e-03
1.354992122182415619e-03
1.387073067534301020e-03
1.315972036682069380e-03
1.358884544525709335e-03
1.293335447294844450e-03
1.382617578427824782e-03
1.490732292748159736e-03
2.318586730915639296e-03
1.747442391804522946e-03
1.389528832708795915e-03
1.492603842376006955e-03
1.937924890985919316e-03
1.464227050956752509e-03
1.376593805228670375e-03
1.352352914917800183e-03
1.363361118257873546e-03
1.426745681609544510e-03
1.446496339307891052e-03
1.507533588964078165e-03
1.338282395671639216e-03
1.448306507534450997e-03
1.531137798188461196e-03
1.373803565382129615e-03
1.288213763489491322e-03
1.388835120532247750e-03
1.487521725810236461e-03
1.383327403002315064e-03
1.589103428543441748e-03
1.460087714820272305e-03
1.444816889448298242e-03
1.310435036818186506e-03
1.431110495597951978e-03
1.436149387930830317e-03
1.392833538767364277e-03
1.437439746740791589e-03
1.679538439234925726e-03
1.504839145474963676e-03
1.261439829961293318e-03
1.309609186525146230e-03
1.318465343986948302e-03
1.326757694284121103e-03
1.295198258529934665e-03
1.350452293538385038e-03
1.496214970118469765e-03
1.565218797057039242e-03
1.477290604056583426e-03
1.489545660507347923e-03
1.409960697508520593e-03
1.367750679039292936e-03
1.308937767624027094e-03
1.318477868723372725e-03
1.587327342066499830e-03
1.472307432753344400e-03
1.470816875290539491e-03
1.490894930644167836e-03
1.337354033150606625e-03
1.266478244215249937e-03
1.408939916226599042e-03
1.361612264687816262e-03
1.331923905656569535e-03
1.356213022954761999e-03
1.505597215663227739e-03
1.582735936260885705e-03
1.391364168893131871e-03
1.364895885603295425e-03
1.350162880909111735e-03
1.283589992672204980e-03
1.298824978164500642e-03
1.345325123725665860e-03
1.299633115219573157e-03
1.436596323942972543e-03
1.319061028253701090e-03
1.471066412826379241e-03
1.835173171324034442e-03
1.359807721649607028e-03
1.249703236131204445e-03
1.400740075235565535e-03
1.387974309424559261e-03
1.247559673566785111e-03
1.337754991319444527e-03
1.638311730801231313e-03
1.327962729459007543e-03
1.264961651629871800e-03
1.317618685877985484e-03
1.275535425067775850e-03
1.438714181486931178e-03
1.257279686008890571e-03
1.390041951090097367e-03
1.377180531207058143e-03
1.305386218138866955e-03
1.398948116434944921e-03
1.508411103342142436e-03
1.445428984653618527e-03
1.413553627725276608e-03
1.363987291438712021e-03
1.273725022458367922e-03
1.321303452261620099e-03
1.260848090880447008e-03
1.222344411847492082e-03
1.245034806326859563e-03
1.330410851579573320e-03
1.311588054522871928e-03
1.608667441954215451e-03
1.415460299079616870e-03
1.359492367030017829e-03
1.238994385736683903e-03
1.337990137075798468e-03
1.242358799661613233e-03
1.187373441644012841e-03
1.252785135164029024e-03
1.744727472671204213e-03
1.582267119859655669e-03
1.629271772172716020e-03
1.467608159614933920e-03
1.288624563150935756e-03
1.458590889039139025e-03
1.331234830431640053e-03
1.231283456501033489e-03
1.361674831973181754e-03
1.259562584261099448e-03
1.350301938752333395e-03
1.458642293906046213e-03
1.315177327746318422e-03
1.561271861816446041e-03
1.411057091318070793e-03
1.307203508396115625e-03
1.305808469446169103e-03
1.500616352487769414e-03
1.279811273432440158e-03
1.231135710194293086e-03
1.270817967338694430e-03
1.315344909930394679e-03
1.319501649381385954e-03
1.381210255333118917e-03
1.266981145211805828e-03
1.199964219704270380e-03
1.228890560774339568e-03
1.186170982610848220e-03
1.328097050492134433e-03
1.341959452256560317e-03
1.319345250311825066e-03
1.215497563179168510e-03
1.288581551570031417e-03
1.565807340149250352e-03
1.533529341945217639e-03
1.519951774324807903e-03
1.739071825933125297e-03
1.485270340926945218e-03
1.240459629334509381e-03
1.358028461432291304e-03
1.361496877960032817e-03
1.238884487861974335e-03
1.184467955285476402e-03
1.505075869305680207e-03
1.316822704652117300e-03
1.251777629885408513e-03
1.248777803137070697e-03
1.441160884375373421e-03
1.329500393217636573e-03
1.589440301888518864e-03
1.346683825055758083e-03
1.392115679466062166e-03
1.421510374380482522e-03
1.292573320161965068e-03
1.196724182615677493e-03
1.193239367049601235e-03
1.507649434626930377e-03
1.285871532745659282e-03
1.202929166869984778e-03
1.291355076763365086e-03
1.805541409800450001e-03
1.224637659163110804e-03
1.398703963495791019e-03
1.410717479884624577e-03
1.320339524083667324e-03
1.290046396251353982e-03
1.388601119526558514e-03
1.244156954085661338e-03
1.182152629416022022e-03
1.320924710792799849e-03
1.379415317335062462e-03
1.402980252169072585e-03
1.235023019835353002e-03
1.222891738224360586e-03
1.288211109737555241e-03
1.313948146998882363e-03
1.213168829369048194e-03
1.304179974314239243e-03
1.222860088261465287e-03
1.237517090307341727e-03
1.147545726141995957e-03
1.273824793493582045e-03
1.321538641220993543e-03
1.210291050374508008e-03
1.381541183218359991e-03
1.482697763066325022e-03
1.216668953808645306e-03
1.209772370962633025e-03
1.174822241688768020e-03
1.192878377623856094e-03
1.359852413232955602e-03
1.394138722163107587e-03
1.294573967138098374e-03
1.245691432462384205e-03
1.314270889076093757e-03
1.515814957933293546e-03
1.317371908161375218e-03
1.164053570893075831e-03
1.360117323800093606e-03
1.407472642345560963e-03
1.346300708440442955e-03
1.305917024146765505e-03
1.181380957261555717e-03
1.228979251657923068e-03
1.331314404184619693e-03
1.555952389414111837e-03
1.392905114529033447e-03
1.248036101460456900e-03
1.309802262112498257e-03
1.199088522957430895e-03
1.162363010355167920e-03
1.228268566127452667e-03
1.208083244661490056e-03
1.356744422163400380e-03
1.334101299289614006e-03
1.228808429506090052e-03
1.232193908654153356e-03
1.255008558121820193e-03
1.423797956150439073e-03
1.276480536907911335e-03
1.351067423820495692e-03
1.415677737548119534e-03
1.180848893192079294e-03
1.210662009091013035e-03
1.146477081605957581e-03
1.192660221519569515e-03
1.217178133212857812e-03
1.155421044160094427e-03
1.184620977275901424e-03
1.363793823143674179e-03
1.290559513597852549e-03
1.228125374764204095e-03
1.372384079214599437e-03
1.249455052117506718e-03
1.438811319983667727e-03
1.252365095747841805e-03
1.241460671751863339e-03
1.204071838098267786e-03
1.237284640988541929e-03
1.302119751667810913e-03
1.169056858246525195e-03
1.270765898128350642e-03
1.247306993852059136e-03
1.134988791826698580e-03
1.615078894731899074e-03
1.346943080942663781e-03
1.346490073224736487e-03
1.258886533323675446e-03
1.265086752052108424e-03
1.616409072238537926e-03
1.307523420287503039e-03
1.361626945436000867e-03
1.163713070305271184e-03
1.107587490437759352e-03
1.086876634249670653e-03
1.148308325144979745e-03
1.255180530457032954e-03
1.323889114687012243e-03
1.250345182812048414e-03
1.205572624587350396e-03
1.197092645905084053e-03
1.121683681073288100e-03
1.232186393398377591e-03
1.272298904239303492e-03
1.470623026446749851e-03
1.199694331217971083e-03
1.251743995688027727e-03
1.437138727762632840e-03
1.291274956375774389e-03
1.174686730114950142e-03
1.103009774556590371e-03
1.154677295643422291e-03
1.262466178482605280e-03
1.152696552841613780e-03
1.146418804095851061e-03
1.176760352941022981e-03
1.261026819960938501e-03
1.279983954607612521e-03
1.348302181189258916e-03
1.653967578377988626e-03
1.350468252268102526e-03
1.309426098855005381e-03
1.342727038491931153e-03
1.194634645556410168e-03
1.324861200733317215e-03
1.347889717564814543e-03
1.334561941006945276e-03
1.285708959524830240e-03
1.315859763158692226e-03
1.435352618702583939e-03
1.120644833685623207e-03
1.123945919486383626e-03
1.211162385427289479e-03
1.466856175619694891e-03
1.463668661502500346e-03
1.424052353637913961e-03
1.351053360332217469e-03
1.179191217136879664e-03
1.202879796425501517e-03
1.185089778155088390e-03
1.379244893064929473e-03
1.280031493968433699e-03
1.384024366012050070e-03
1.165351876989007040e-03
1.488759290013048388e-03
1.336021336416403369e-03
1.285597142866916082e-03
1.210797318360871738e-03
1.222190035817523812e-03
1.190114062175982607e-03
1.285221326268381472e-03
1.278011860946814179e-03
1.755497011666496505e-03
1.476197297581368023e-03
1.161571229394111476e-03
1.195444999676611606e-03
1.224851856629053824e-03
1.155668430340786763e-03
1.136191563887728549e-03
1.184753983591993638e-03
1.118289449045227609e-03
1.125616091820928755e-03
1.177951705435084043e-03
1.087684113428824496e-03
1.157871567540698669e-03
1.167385312211182422e-03
1.365048286712004181e-03
1.268196738221579216e-03
1.308363498602476468e-03
1.209973871914876925e-03
1.136447337663008079e-03
1.075037477744950195e-03
1.151241147373285563e-03
1.144137329473677656e-03
1.247113648181160219e-03
1.238132572422424860e-03
1.171830128360953601e-03
1.155276425803701112e-03
1.088512626787026824e-03
1.131082352561255198e-03
1.150133040630155071e-03
1.114228883654707009e-03
1.181225745110875934e-03
1.276443956626786185e-03
1.193973553470439484e-03
1.330928772998352929e-03
1.237729448928601237e-03
1.335103617877595903e-03
1.266334621080507806e-03
1.199994492861959595e-03
1.219578208401799098e-03
1.226488319225609242e-03
1.232750936825242286e-03
1.365697287902649989e-03
1.212673660160766814e-03
1.321132186179359725e-03
1.334846875526838738e-03
1.184175636929770412e-03
1.192838528917895477e-03
1.171976105413503151e-03
1.170070415569676378e-03
1.188798364665773081e-03
1.179554553495513070e-03
1.450231917098992410e-03
1.429660155748327562e-03
1.164091828072236559e-03
1.310377888795402233e-03
1.352103255792624394e-03
1.404069976674185947e-03
1.282243830048375704e-03
1.374645158131089463e-03
1.468136855401098789e-03
1.196194051040543353e-03
1.191916758091085462e-03
1.252873724119530881e-03
1.898249679038094056e-03
1.293921898015671333e-03
1.248972346074879143e-03
1.286709452461865313e-03
1.130819796688026886e-03
1.107504706726305990e-03
1.087163482896155720e-03
1.119418948267896993e-03
1.078072236850857735e-03
1.227813716460433207e-03
1.177091288587285480e-03
1.085265937985645506e-03
1.062283603888418892e-03
1.103876761367751560e-03
1.105791006702929727e-03
1.100270296188278311e-03
1.106215235259797773e-03
1.140828647961219166e-03
1.163270659744739628e-03
1.186909125083022596e-03
1.143406855408102231e-03
1.141995717253949843e-03
1.161446041013631516e-03
1.116750027156538424e-03
1.067208279596848540e-03
1.082733420448170857e-03
1.146878031496372397e-03
1.214306340552866355e-03
1.426192273178862298e-03
1.343692501799927845e-03
1.190508266186548559e-03
1.191017556832068463e-03
1.195582509972155155e-03
1.182420683196849353e-03
1.126162382360133786e-03
1.142571602120167739e-03
1.118031546680463718e-03
1.180282183405425775e-03
1.309056183219783811e-03
1.146249136784010560e-03
1.111803256596128209e-03
1.185257396557264781e-03
1.279581495974626724e-03
1.100480567353467193e-03
1.096948735519415706e-03
1.100018594879656952e-03
1.100913599236971697e-03
1.136328103020787248e-03
1.236063369239370118e-03
1.157324642149938415e-03
1.580770313739776568e-03
1.294019833828012047e-03
1.210250262067549690e-03
1.091629083061383936e-03
1.231224218435171590e-03
1.146812376876672106e-03
1.129557327367365421e-03
1.122993394835955462e-03
1.110499086272385321e-03
1.128002899802393313e-03
1.094026150595810674e-03
1.093046001365615165e-03
1.219170538501607127e-03
1.328736248736580227e-03
1.175673806315494967e-03
1.177919820054537658e-03
1.405942898450626265e-03
1.232668242106835146e-03
1.421167619733346762e-03
1.192893217472980371e-03
1.069636191758844591e-03
1.077682434374259597e-03
1.115170817615257362e-03
1.285879311876164622e-03
1.184701321180909803e-03
1.255839006561372019e-03
1.246495676330394275e-03
1.397496614760408836e-03
1.149468207473142243e-03
1.116264134955902848e-03
1.125734523973531210e-03
1.097717433133059157e-03
1.056293328292667822e-03
1.093486653019984508e-03
1.226472614539994132e-03
1.113050979458623559e-03
1.122008669190108785e-03
1.111138039785954709e-03
1.203877425028218248e-03
1.180117020590437833e-03
1.227893917821347653e-03
1.267139065182871279e-03
1.182270265287823198e-03
1.158566625995768439e-03
1.138836521551840836e-03
1.116230923992892138e-03
1.131825639038450126e-03
1.127220447071724434e-03
1.101826467137369779e-03
1.190485775781174567e-03
1.154602988519602344e-03
1.322528414635194566e-03
1.184624580459462187e-03
1.135758668080800050e-03
1.176636255501458967e-03
1.128179671553273915e-03
1.044011264522042579e-03
1.095960529831548633e-03
1.054837428447272978e-03
1.126256485003977910e-03
1.119439664245065703e-03
1.144147586698333451e-03
1.240013836520827530e-03
1.126837921846243979e-03
1.116892436726225684e-03
1.149265861345661905e-03
1.117868166830804540e-03
1.085189778564704752e-03
1.160479781424833762e-03
1.198125563872357198e-03
1.228606646311365897e-03
1.148341497302883107e-03
1.215894684298998675e-03
1.177204231110711785e-03
1.211843557345370368e-03
1.218328606337308780e-03
1.242556585412886482e-03
1.165898603956318615e-03
1.126685618009004314e-03
1.096761318751507310e-03
1.046146476744777521e-03
1.421438202572365694e-03
1.192766520608630476e-03
1.169894220203989040e-03
1.272402772059043168e-03
1.305528010966049276e-03
1.206637095763451626e-03
1.129697297130607915e-03
1.113315417120854054e-03
1.084140820118288098e-03
1.119968566215700677e-03
1.151750661018821923e-03
1.141286038586662981e-03
1.101057188999321739e-03
1.079548719183852281e-03
1.111056718250943553e-03
1.170858370347155385e-03
1.091320181472433875e-03
1.121472175129585840e-03
1.110431771828896417e-03
1.109795417222711683e-03
1.084446912476172073e-03
1.149042468621499103e-03
1.088930821667114879e-03
1.149932570341560649e-03
1.242513430511785937e-03
1.139425914734601983e-03
1.105496333912014875e-03
1.091287291039609326e-03
1.114302912416557413e-03
1.119403821519679475e-03
1.026301602315571630e-03
1.084647973378499329e-03
1.446756414241260865e-03
1.150488693060146457e-03
1.556069872652490835e-03
1.314823998448749363e-03
1.125970856390065642e-03
1.153575805947184641e-03
1.061034884252068031e-03
1.076015980603794173e-03
1.004812415275308825e-03
1.096599572079463196e-03
1.164585271229346590e-03
1.102704180197583341e-03
1.118158572353422642e-03
1.055928423431598409e-03
1.020309226587414689e-03
1.085895218162072958e-03
1.107481082694397991e-03
1.289554390952818994e-03
1.240023848497205259e-03
1.485147623655696776e-03
1.263209043795035904e-03
1.221066453080210321e-03
1.089926245622336882e-03
1.039410437612483954e-03
1.105507128975457632e-03
1.084991413582530196e-03
1.013999468543463379e-03
1.031331609831088103e-03
1.059829208275510099e-03
1.115983562130067183e-03
1.145716878688997614e-03
1.052120337262749767e-03
1.109448278115855290e-03
1.130896902953584891e-03
1.166852982714772311e-03
1.124147548236780663e-03
1.143534069156481193e-03
1.123592727041492845e-03
1.030096018479930136e-03
1.272157624156938695e-03
1.135782507351703078e-03
1.123206560603446334e-03
1.197190615865919346e-03
1.132592766338752412e-03
1.240309609307183253e-03
1.172640042689939441e-03
1.038016870928307449e-03
1.095640733579380556e-03
1.096937470655474315e-03
1.011303081694576523e-03
1.037570379881395249e-03
1.041021170094609235e-03
1.100290095847514032e-03
1.114496139085127289e-03
1.105554422570599517e-03
1.057212057833870154e-03
1.038287620370586650e-03
1.081023694326480175e-03
1.096222992055118171e-03
1.125527682403723454e-03
1.222819157669113648e-03
1.148710105982091645e-03
1.052482912006477483e-03
1.038173618209030933e-03
1.045207565184682512e-03
1.056829071603715376e-03
1.090861544426944543e-03
1.137082231644954934e-03
1.036303473326067063e-03
1.058831404791110015e-03
1.036087407523559158e-03
1.080982873423232040e-03
1.166615093437333795e-03
1.236151438206434250e-03
1.914944961253139608e-03
1.279217187936107242e-03
1.276183513303597722e-03
1.278709724752439322e-03
1.198484556128581431e-03
1.083959328631559907e-03
1.078410463718076440e-03
1.078824269481831093e-03
1.063671397148735097e-03
1.125607562975751126e-03
1.203310812513033604e-03
1.251650168560445317e-03
1.189285364105469728e-03
1.055069192209177453e-03
1.175733214089026007e-03
1.061656911236544352e-03
1.076339923311024800e-03
1.062378599308431114e-03
1.010056382252110451e-03
1.045029253388444612e-03
1.193373595985273462e-03
1.032887949194345213e-03
1.137457122612330583e-03
1.133850317758818439e-03
1.046994843313263498e-03
1.165712239841620044e-03
1.133791339169773742e-03
1.152144055296149515e-03
1.041847869960798104e-03
1.017096846157477955e-03
1.109044356789026060e-03
1.198779071370760507e-03
1.071189109029041390e-03
1.065309479729168894e-03
1.001090108830895737e-03
1.078518334672682894e-03
1.046608154558473095e-03
1.178225381299853429e-03
1.075146436277363109e-03
1.034286137049396934e-03
1.037690949419306377e-03
1.033234701284931664e-03
1.062727702471117155e-03
1.100776379203630877e-03
1.061248704791069135e-03
1.062403839702407609e-03
1.097971898400121327e-03
1.095362940492729384e-03
1.066144093767636440e-03
1.112523731620361327e-03
1.085984439382122607e-03
1.160052206056813497e-03
1.112929709876577140e-03
1.091188893446491800e-03
1.092645956410302028e-03
1.067763385880324658e-03
1.098804878484871753e-03
1.123574319192104836e-03
1.149894898343417279e-03
1.067701222168074629e-03
1.058858490755988559e-03
1.154088143569727666e-03
1.092203568356732478e-03
1.113092324489520744e-03
1.078313075833850498e-03
