7.804849204089905901e-02
5.758640540970696303e-02
5.480725647674666856e-02
4.451886054542329718e-02
4.057315743631786931e-02
3.105663350058926464e-02
3.028624938593970500e-02
2.834153162108527316e-02
2.363949072857697911e-02
1.657665514283709896e-02
1.549917923907438884e-02
1.551477053927050737e-02
1.446635209023952422e-02
1.377003846897019261e-02
1.309004029879967321e-02
1.297198837829960719e-02
1.262164200345675114e-02
1.244722105562686906e-02
1.223457378645738045e-02
1.227109251336918998e-02
1.203498774932490467e-02
1.125582322271333723e-02
1.086640465176767767e-02
1.057706346528397741e-02
1.047386931048499212e-02
1.019074550519386869e-02
1.003720581117603476e-02
1.075595901244216432e-02
1.026809660510884410e-02
1.038593698706891805e-02
1.031633940835793850e-02
9.615909684863355872e-03
9.788470404843489098e-03
9.635237380862235468e-03
9.704115556346044891e-03
9.862108383741644002e-03
9.115348665250672805e-03
9.099672465688652193e-03
9.963599075045849809e-03
9.611517580019103904e-03
1.078964790950218827e-02
9.484355035755369021e-03
8.264372104571924768e-03
9.029802531003952581e-03
8.790612200068102441e-03
8.424730946620304778e-03
8.748583152062363449e-03
9.123233583652310200e-03
7.918527200818061690e-03
8.417695520652664423e-03
8.458987913197942021e-03
8.163986737943357275e-03
7.936375513672828952e-03
7.675380938582949952e-03
8.222653116616938235e-03
8.065551151004102248e-03
7.916453793230984748e-03
7.694912842578357712e-03
7.793301737142933373e-03
7.840461699912945268e-03
7.898739754325813725e-03
7.832368144558536291e-03
7.854222050971455468e-03
8.038591583155924036e-03
7.075767601943678230e-03
7.250448353588580773e-03
7.724478753904501227e-03
7.617863056560356984e-03
8.270299683014551220e-03
8.257970940321683259e-03
7.204383435762590909e-03
7.399685972680648295e-03
7.323337093823485515e-03
6.990167821447054730e-03
7.342593392564190913e-03
8.462676314844024689e-03
7.192242052406072270e-03
7.041973256402545879e-03
7.961085447006755952e-03
7.125357848902543444e-03
7.490661847922536892e-03
7.942221504118707892e-03
6.702282542569769873e-03
6.887271093825498951e-03
6.602769825193617083e-03
7.417387894044319592e-03
7.416049124052127156e-03
7.448084490994612804e-03
7.167102706929048134e-03
9.013244704239897417e-03
7.838159071074591450e-03
7.466459932426611559e-03
7.178013813164498859e-03
6.858386360108852629e-03
6.945930729723638619e-03
6.558330077677964991e-03
6.636445336043834617e-03
6.850880992909272327e-03
6.998910771475897602e-03
6.669639934682183857e-03
6.855940814647409898e-03
6.737062566810184117e-03
6.660760665933291094e-03
6.111234451333681476e-03
6.451227884325716304e-03
6.499546834578116827e-03
6.251006865253051423e-03
6.871003392669889319e-03
6.871726649502913134e-03
6.493183426145050265e-03
6.363674249086115169e-03
6.125592939141723606e-03
7.874746045304669914e-03
6.783612714045577502e-03
6.371551454067230467e-03
5.994552200039227584e-03
6.188716962933540552e-03
6.004863606972827075e-03
6.045388585577408241e-03
6.276978231552574755e-03
6.311689799444543218e-03
6.216958666013346763e-03
6.045354733036623768e-03
6.020292544530497954e-03
6.245829483701123043e-03
6.161849784354369274e-03
6.017050283650557385e-03
6.129670410106579162e-03
6.078504435718059921e-03
6.661734100845124670e-03
6.022970208691226512e-03
6.288154433584875261e-03
6.278666419287522692e-03
6.321864734507269198e-03
5.901019827773173326e-03
5.910563653128014967e-03
6.291023161676194755e-03
5.901102051138877938e-03
5.849772776580519119e-03
5.830189794715908043e-03
5.833571927828921401e-03
6.011514438109265800e-03
5.651676640328433948e-03
5.840567308995459062e-03
5.880953979988892515e-03
5.827170976748069151e-03
5.643418795532650044e-03
5.754216087775098319e-03
6.525878666175736684e-03
6.058843272427717926e-03
5.806356480138169171e-03
5.857045658760600716e-03
5.721539080970817169e-03
5.831066407263278857e-03
6.272328404916657253e-03
6.230315636429522089e-03
5.913297947910097288e-03
5.756969122836986912e-03
5.753915496170520540e-03
5.446222157528003358e-03
6.077134555412663439e-03
5.805544981526003859e-03
6.118962551570601184e-03
5.602026376873254360e-03
5.383569316731558890e-03
5.912124197930097164e-03
5.894098588161998664e-03
5.709303973449601083e-03
5.630101669165822782e-03
5.608911750217279203e-03
5.691408630874421511e-03
5.892258199552694725e-03
6.004760778612560322e-03
5.674485348992877945e-03
5.735654203842083590e-03
5.672802651921908176e-03
5.930651213145917908e-03
5.575760073131984761e-03
5.595816272414393111e-03
6.081919868787129778e-03
6.360422157578997718e-03
5.818110549201568373e-03
5.574184573358959525e-03
5.728941849536366149e-03
5.729271808846129153e-03
5.512441941019561621e-03
5.231877261151870323e-03
5.370863957537544940e-03
5.654420342503322858e-03
5.714176189568307730e-03
5.724466207126776771e-03
5.532296717994742569e-03
5.857939993341763386e-03
5.702387562228573327e-03
5.362190693202945752e-03
5.413649914165337591e-03
5.239948642750581406e-03
5.639285302410522796e-03
6.175944413989782611e-03
5.679953470826148640e-03
5.759546870572699803e-03
6.100351649026076323e-03
6.949705632610453203e-03
5.644177347421646361e-03
5.453941116316450739e-03
5.290711964997979987e-03
5.098966937512158966e-03
5.763063497013515973e-03
5.716077538414133553e-03
5.283074643876817765e-03
5.992583884961075018e-03
5.401394735607836263e-03
5.549330409202310813e-03
5.326758494807614167e-03
5.230781096551153676e-03
5.468839448359277301e-03
5.327859164939986042e-03
5.200780996431906937e-03
5.164273567497729839e-03
6.327857847015063222e-03
5.702360442115201287e-03
5.389578986085123181e-03
6.176164344780975084e-03
5.476870441602336298e-03
5.230423116849527987e-03
5.367637889252768399e-03
5.213664614905913312e-03
5.504708923399448568e-03
5.268931827611393615e-03
5.270427188111675813e-03
5.118964258581399501e-03
5.349123995337221396e-03
5.419647811601559055e-03
5.576807951761617033e-03
5.225087309049235643e-03
5.436987496084636808e-03
5.168417327933841343e-03
5.215205322537157240e-03
5.499127678987052702e-03
5.162907896770371069e-03
5.139585731344090656e-03
5.316367437028222433e-03
5.333304788089460527e-03
5.369067612207597921e-03
5.093385980774959264e-03
4.868504787898726358e-03
4.822201052059729709e-03
5.071405555225080505e-03
5.394978928897116270e-03
5.147055048081610081e-03
5.504387008647124158e-03
5.482158633983797748e-03
5.272106770426034962e-03
5.367382168769836183e-03
5.138337088541852435e-03
5.243629757314920495e-03
5.430815453744596878e-03
5.628728309853209440e-03
5.313231715311606679e-03
5.496684532198641004e-03
5.196060573475227984e-03
5.750640425831079171e-03
5.145725307779180045e-03
5.211462175680531793e-03
5.299914696564276932e-03
5.283970863868793152e-03
5.049914821154541031e-03
5.907207804007662787e-03
5.295134000480174880e-03
5.046653356403112654e-03
5.065219211909505713e-03
5.264945185432831458e-03
4.943276602360937091e-03
4.778706178896956897e-03
4.685840275552537529e-03
4.766314147661129645e-03
5.156174680838981894e-03
4.778304712639914673e-03
4.791826332608858756e-03
4.990746977014673923e-03
5.445636713670360014e-03
5.172649237016837230e-03
5.012332430730263508e-03
5.702130908353461591e-03
5.543647230499320656e-03
5.383467723925908222e-03
5.428694052000840667e-03
6.134015545248985325e-03
5.463913525972101740e-03
5.093957167118788078e-03
4.982338982323805850e-03
5.379266695429881819e-03
5.376123347216182034e-03
5.254788369768195917e-03
4.957769194410906535e-03
4.830821833262840571e-03
4.772398355934354651e-03
4.942866447899076955e-03
4.927429068419668032e-03
4.755027294158935269e-03
4.844176073869069232e-03
4.873855000154839537e-03
5.042303692963388644e-03
4.988049001743395834e-03
5.382797020590967228e-03
5.082988343718978716e-03
5.055565482212437227e-03
5.134292079342735876e-03
5.030717601378758945e-03
5.363270369254880855e-03
4.963096941096914981e-03
5.056493327849440750e-03
5.271369198130236751e-03
4.942117045736975182e-03
4.887056079589658514e-03
4.851674447870916833e-03
5.074646268039942169e-03
5.203549259652694332e-03
4.864384022851784943e-03
4.780050609260797292e-03
5.383147071633074057e-03
5.059893357877929751e-03
5.137719234658611779e-03
4.899498520212041373e-03
5.038016426066557231e-03
5.901388380055626326e-03
4.988568323767847250e-03
4.695069040689203374e-03
4.896009547842873275e-03
5.042625593228472654e-03
4.831631835550069531e-03
4.840504744400580921e-03
5.050698866446812901e-03
5.423897846291462696e-03
4.779300370977984658e-03
4.748121827012962565e-03
5.010779307534297435e-03
5.188984291421042463e-03
4.997235712491803448e-03
5.429460244874159680e-03
4.908604005144701944e-03
5.090387204868925680e-03
4.884388243986501066e-03
4.830823004659679475e-03
5.055248501400153201e-03
4.761542959345711930e-03
4.773495507737000876e-03
4.871219160656134646e-03
5.510991166035334593e-03
5.212116208341386822e-03
4.807701069447728980e-03
4.854641747143533491e-03
5.189059743036826718e-03
5.316921162108580526e-03
4.549436130457454319e-03
4.731890095604790458e-03
5.026761220975054477e-03
5.212924213459094007e-03
4.991238754656579686e-03
5.042297844257619815e-03
4.781293945593966671e-03
4.616212043911219025e-03
4.626125285608901141e-03
4.692624697668685251e-03
4.802578195101684863e-03
4.817332234233617436e-03
4.566428479221132375e-03
4.571598964846796710e-03
4.865438482827610066e-03
4.868741701874468482e-03
4.977985000651743291e-03
4.788750190701750002e-03
4.857920230262809634e-03
4.842026633107000128e-03
4.952516601317459057e-03
4.575590808979339286e-03
4.416986596253183461e-03
4.586957633081409358e-03
4.637682742128769638e-03
4.859293862763378741e-03
5.007325131446123054e-03
4.875760140518347642e-03
4.672775140239132478e-03
5.134035437885257902e-03
4.902668237272236364e-03
4.649381722427076667e-03
5.793334311909145891e-03
5.478385780006647492e-03
5.667609940800401661e-03
5.036691853569613686e-03
4.977553944206900179e-03
4.927882537659671741e-03
4.679172018335925332e-03
4.626348211119572090e-03
4.488094165507289929e-03
4.566861383823885186e-03
4.727880234519640963e-03
4.430511121948560449e-03
4.655682488034169030e-03
4.724083791176478080e-03
4.573672622856166797e-03
4.529688902613189516e-03
4.483614205900166190e-03
4.653518183363808229e-03
4.481228012591600800e-03
4.543034401204851074e-03
4.696035457568035858e-03
4.456877094796962528e-03
4.537480634947617907e-03
4.629264424244563213e-03
4.562786519527435060e-03
4.788246053374476188e-03
4.877159595489502161e-03
4.884238127205106639e-03
4.780127453721231927e-03
5.067690031396018292e-03
4.828726821061637281e-03
4.927716650482681128e-03
4.601047378447320826e-03
4.742766175833012902e-03
4.576702030996481624e-03
4.491119323712255799e-03
4.515329026099708550e-03
4.777758121490478273e-03
4.662174479001098167e-03
5.301765093786848897e-03
5.154732921057276866e-03
5.024970560852024676e-03
4.850629100369082368e-03
4.679321166541841256e-03
4.466578198803796036e-03
4.414078622228569115e-03
4.575475377755032838e-03
4.689292588995562679e-03
4.607988403489192072e-03
4.386622053053643687e-03
4.569333907630708513e-03
4.425352263367838407e-03
4.418458271150787695e-03
4.657867401838302647e-03
4.889051138112942251e-03
5.662347392903433613e-03
5.090668642272551565e-03
5.018239294489224532e-03
4.898759577837255401e-03
4.569054262505637364e-03
4.944347116268343022e-03
4.838543819884458773e-03
4.647523396544986710e-03
4.948223525037368474e-03
5.097891802175177206e-03
4.737689732056525431e-03
4.577267399678627315e-03
4.848165716975927179e-03
4.567912717660268379e-03
4.587406549188825962e-03
4.901944380253553564e-03
4.475862588733434989e-03
4.584624640022715199e-03
4.603187953018480008e-03
4.714416451752185926e-03
4.871878673632939853e-03
4.793871641159058034e-03
4.669406919015778486e-03
4.725433120297060745e-03
4.534697263605064720e-03
4.454189827665686746e-03
4.437803833021058096e-03
4.652780989805857526e-03
4.448704195933209267e-03
4.404803620030482356e-03
4.498836155980825459e-03
4.487187173217535054e-03
4.593198291129536003e-03
5.060875908368163943e-03
4.568879074520535225e-03
4.554496448900964903e-03
4.245573408487770400e-03
4.572521450204981332e-03
4.495945634941259615e-03
4.653311831255753719e-03
4.754450532297293391e-03
4.319359413865539975e-03
5.264396059016386575e-03
4.823100355764230011e-03
5.047231885708040877e-03
4.773987361954318449e-03
4.710274400810400899e-03
4.514798817949162817e-03
4.466654877695772421e-03
4.384072253273593213e-03
4.584396144168244314e-03
4.416742424170175957e-03
4.439300787117746172e-03
4.563079965818259837e-03
4.327582487215598551e-03
4.317365874432855209e-03
4.946848257548278928e-03
4.514353705777062256e-03
4.512437141189972259e-03
4.453996208806832932e-03
4.474020859019624090e-03
4.408827049450741824e-03
4.558579095949729168e-03
4.621274744470914471e-03
4.453045508513848311e-03
4.435296880288256381e-03
4.694406034217940039e-03
4.460658238579829661e-03
4.532981105148792614e-03
4.472273350175883649e-03
4.503438278204864760e-03
4.902016030003627546e-03
4.646879786418543594e-03
4.428804649247063824e-03
4.513487354334857517e-03
5.035652965307235891e-03
4.594488326046202060e-03
4.558362122625112152e-03
4.500723174876637353e-03
4.536152780055999721e-03
4.763846194578542047e-03
4.476743259777625668e-03
4.609673389544089589e-03
4.579497697866625680e-03
4.418267185489336592e-03
4.395564493412772687e-03
4.461823865357372743e-03
4.521967319564687213e-03
4.498670664098527658e-03
4.499393302119440545e-03
4.277643432012862360e-03
4.435470708542399616e-03
4.325491841882467270e-03
4.660732826838890654e-03
4.607049478217959369e-03
4.606567170057031604e-03
4.391891308542754911e-03
4.570175701131422991e-03
4.412467818086345840e-03
4.268639120790693707e-03
4.284506237341298082e-03
4.248896679944462115e-03
4.598026895481679109e-03
4.460005466308858239e-03
4.637501939303344776e-03
4.639696805841393192e-03
4.591033806403478287e-03
4.361773737602763802e-03
4.362377425034841272e-03
4.510453282338049846e-03
4.399423870361513292e-03
4.350333454915218841e-03
4.390231290211280002e-03
4.502109243637985453e-03
4.480034108791086309e-03
4.275724649843242429e-03
4.538095297498835265e-03
4.424062302956978388e-03
4.781607494999964847e-03
4.421941405162214955e-03
4.325781580474641341e-03
4.542910454587803862e-03
4.485186398443248394e-03
4.506077847133080523e-03
4.277781651665766953e-03
4.358684116353591514e-03
4.414847106155421648e-03
4.906344575186570231e-03
4.364275143792231519e-03
4.524480851574076874e-03
4.786962073089347583e-03
4.587464932766225668e-03
4.304552446636888616e-03
4.204119462519884456e-03
4.209828134626150166e-03
4.665390443470742929e-03
4.486235891365342524e-03
5.348536910282241166e-03
4.429781101644039362e-03
4.302185119854078955e-03
4.313169475644826854e-03
4.269245064093006581e-03
4.101658197533753457e-03
4.045843393024470963e-03
4.425101110504732829e-03
4.275375683274533836e-03
4.372136009236176485e-03
4.227483061452706400e-03
4.549471164743105686e-03
4.822941889158553937e-03
4.324914554340971579e-03
4.254270066610640715e-03
4.158872183826234706e-03
4.256519931885931543e-03
4.452922079298230959e-03
4.355919299026330370e-03
4.066624978764189942e-03
4.172457804282506122e-03
4.433264041112529308e-03
4.244292343242301105e-03
4.770132586773899279e-03
4.841179601434204664e-03
4.463298091044028311e-03
4.320075584368573106e-03
4.491602559056546637e-03
4.304376298354731928e-03
4.289984121504756935e-03
4.559122580620978034e-03
4.433607514947653094e-03
4.403052760495080285e-03
4.245029822405841334e-03
4.298710678186681150e-03
4.187852446403768705e-03
4.572168857687049573e-03
4.213088688751061642e-03
4.292127974331379214e-03
4.821751221186584661e-03
4.741917672670549477e-03
4.276156288882096770e-03
4.216772536229756486e-03
4.315572224764360060e-03
4.070795993838045163e-03
4.574032537639141117e-03
4.647405758086178319e-03
4.969487720065646728e-03
4.439515465249618126e-03
4.526240110604299108e-03
4.322794864161146750e-03
4.276156433754497305e-03
4.295750338998105718e-03
4.362338187379969506e-03
4.206400410168700983e-03
4.436930525634023674e-03
4.529556555466519689e-03
4.971310868859291424e-03
4.323283992707729201e-03
4.278444680902692906e-03
4.184170251505242057e-03
4.136210313687722039e-03
4.359299615025520602e-03
4.161574846754471577e-03
4.255137335922982988e-03
4.221457216060824254e-03
4.667227330307165654e-03
4.298372792287005056e-03
4.216486274575193503e-03
4.166761907852358122e-03
4.605771830926338843e-03
4.556432778222693769e-03
4.452077332470151701e-03
4.298752680834796829e-03
4.299981362289852227e-03
4.156429601005382293e-03
4.115474108192655397e-03
4.060139661240909185e-03
4.198520738217565926e-03
4.361681936101781225e-03
4.150088250430093890e-03
4.099571442024575567e-03
4.448669787703288594e-03
4.139784831139776446e-03
4.139913790341880756e-03
4.322978779673576459e-03
4.073754524191220555e-03
4.653075538161728295e-03
4.191728853103187519e-03
4.201052936000956688e-03
4.308970936884482829e-03
4.227396785799000106e-03
4.296648380243115774e-03
4.194491637042827188e-03
4.202032158565190134e-03
4.372926973220375019e-03
4.367170110344886953e-03
4.022191667722331034e-03
4.177781840165456506e-03
4.524010101126300226e-03
4.155532225138610855e-03
4.220013655722141405e-03
4.060863711767726848e-03
4.312690103219615247e-03
4.293284960505035393e-03
4.114329674177699681e-03
4.188331096536583413e-03
4.585134382877085329e-03
4.569674672351943349e-03
4.165332648489210136e-03
4.071315211347408154e-03
4.190167047911219980e-03
4.245797428819868442e-03
4.166299245423740402e-03
4.484976399689913004e-03
4.821820507446924857e-03
4.378943186667230009e-03
4.333007600572373781e-03
4.140590023663308708e-03
4.134407295948929091e-03
4.656382937812142755e-03
4.863890579177273903e-03
4.416864294972684679e-03
4.723731596022844037e-03
4.115008575220902888e-03
4.167492569734652756e-03
4.164081286225054107e-03
4.221662057356702011e-03
4.351739233566655034e-03
4.062960054725408242e-03
4.125093472086721093e-03
3.925262702008088488e-03
4.548555754332078704e-03
4.337837501532501930e-03
4.193352471209234843e-03
4.075739377488692312e-03
4.319892078638076609e-03
4.180235409488280984e-03
4.228357360180881076e-03
4.347007765124241696e-03
4.502657529794507930e-03
4.621280017826291837e-03
4.057040595346027290e-03
4.363541360944509818e-03
4.106353295760022462e-03
4.177725468244817240e-03
4.322516417337788665e-03
4.424370937049388990e-03
4.328212672844528909e-03
4.133956479943461104e-03
4.342096456223063818e-03
4.513883303023046543e-03
4.154180023405286762e-03
4.227955238893628225e-03
4.112179502844810590e-03
4.371912717405292657e-03
4.535882920026779348e-03
4.220188695730434786e-03
4.095920500242047728e-03
3.968214342991511351e-03
3.996020141575071412e-03
3.993513393733236737e-03
4.189629534052477858e-03
4.296682859874434261e-03
4.048585824461446540e-03
3.944018489370743237e-03
4.375382024380895449e-03
4.451922896421618009e-03
4.032297109564145741e-03
3.933201606074968742e-03
4.105522839559449209e-03
4.263985316372579694e-03
4.023227879984511354e-03
4.280091621395614408e-03
4.267545967466301708e-03
4.274012295322285500e-03
4.138654197255770169e-03
4.162742356873220737e-03
4.341303991774718256e-03
4.361554018946157268e-03
4.178876500162813715e-03
3.950536344200372349e-03
4.076739926305082348e-03
4.338522801796595302e-03
4.263754304912355589e-03
4.304410490310854251e-03
4.362432857354481969e-03
4.151070976836813455e-03
3.940296260019143619e-03
3.982847938314080377e-03
3.997542164805862296e-03
4.147328684727350813e-03
4.097712729126215016e-03
4.188050271736251141e-03
4.141424116161134851e-03
4.131989746044079787e-03
4.232904896554019400e-03
4.042478603207402821e-03
4.089797055348754276e-03
4.127347194072272969e-03
4.160089549712009047e-03
4.196277397374312268e-03
4.171560889937811316e-03
4.019848350435495203e-03
4.272647692511478794e-03
4.051553495228290940e-03
4.282717017663849671e-03
4.084820954336060121e-03
4.900174496902359733e-03
4.546851096674800301e-03
4.143160314609607361e-03
4.088717343078719473e-03
4.189840659706129365e-03
4.210311236480871779e-03
3.955427830417950624e-03
4.048795391701989418e-03
3.902511538730727130e-03
4.163131626943747388e-03
4.356798684845368183e-03
4.668331206258800360e-03
4.908953075193696509e-03
4.718841808951563382e-03
4.153896342549059234e-03
4.050310730106300612e-03
3.930858452286985390e-03
3.857757049716181112e-03
3.919314175016350502e-03
4.175647355409132025e-03
4.091352253324455519e-03
4.383451812383201522e-03
4.350729319784376291e-03
4.127554949373006717e-03
4.445185595088534808e-03
4.055094296733538321e-03
3.817227155798011504e-03
4.139872802835372137e-03
4.257651115250256704e-03
4.055616187138689696e-03
4.235451993428998238e-03
4.057649678240220041e-03
4.050110831028885458e-03
4.009421859971351067e-03
4.155626375642087686e-03
4.056995902210473737e-03
3.910066721340020070e-03
4.313182609362734357e-03
4.275835735930337035e-03
4.002682216879394246e-03
4.047264943106306662e-03
4.024986109385887863e-03
4.121119493825568456e-03
4.172872587417562722e-03
4.031000309106376640e-03
4.245684786389271846e-03
3.984466279960341244e-03
4.228514640902479582e-03
3.896187473502424076e-03
4.249303634795877603e-03
4.199188506851594081e-03
4.085270367148849738e-03
4.083645129576325694e-03
4.192940578278568295e-03
4.555378103007872749e-03
4.413273539394140139e-03
4.016477572214272561e-03
4.047652315348386834e-03
3.909463127040200582e-03
4.061343046940035437e-03
4.048130054854684641e-03
3.913852444125546018e-03
4.067738635672463014e-03
3.969441548817687244e-03
3.993717717627684634e-03
3.950379774388339434e-03
4.076539085557063721e-03
4.296993285210596279e-03
3.901233204330007386e-03
3.961758330050441958e-03
3.984364062133762333e-03
4.044309390915764441e-03
4.332426989244089754e-03
4.238934367895126447e-03
4.354794542822572855e-03
4.333916414115164192e-03
4.257101835682988202e-03
4.092819796254237169e-03
4.045868147578504312e-03
3.926245081755850436e-03
4.219387119842900151e-03
3.998141398446427089e-03
3.915163176134228880e-03
3.949619005951616503e-03
4.073535520583391155e-03
4.071254292502999098e-03
3.991705880810817418e-03
4.044348533368773320e-03
4.167221606605583072e-03
4.038074169721868507e-03
4.055286079852117066e-03
3.882973770507507690e-03
3.866530093881818952e-03
4.256664237214459294e-03
4.499763974712954820e-03
4.193568130334218193e-03
4.110532754825221499e-03
3.951227724966075751e-03
3.854705897263354698e-03
4.085664676709307649e-03
3.949970615406831094e-03
3.941759409175979098e-03
3.961195217238532539e-03
3.977657794538471368e-03
4.132586851095160219e-03
4.111231350236469080e-03
4.508330942028098386e-03
4.171508118096325241e-03
4.178245663642883405e-03
4.261041593013538582e-03
3.901071554670731099e-03
3.909281808882951632e-03
3.876516243649853755e-03
3.836581210295359184e-03
3.895223090011212634e-03
4.061355280379454029e-03
4.285134366816944346e-03
4.256432238552305611e-03
3.935720935049983812e-03
4.401780689756075275e-03
4.268741495907306914e-03
3.875114193393124681e-03
3.973703668970200720e-03
3.962480011913511839e-03
3.921417236949006381e-03
3.853932552867465368e-03
3.815350139306651189e-03
4.148374684154987682e-03
4.036152816067139527e-03
4.027845700167947442e-03
4.031000549180640061e-03
3.969100715799464552e-03
4.091704415364398086e-03
4.049973520967695313e-03
3.918057974014016974e-03
4.122150490681330409e-03
4.154219306591484633e-03
3.829117800212568888e-03
4.120660002032915450e-03
3.987437482509348374e-03
3.923736597514815121e-03
4.029278297805124164e-03
4.011738532119326836e-03
5.007914725898040924e-03
4.139176984835002231e-03
4.046940946330626447e-03
4.358728641851081047e-03
4.137729704380035782e-03
3.953124739022718589e-03
3.956874339944786712e-03
3.744722839651836149e-03
3.769007639752494036e-03
3.921318499164448516e-03
4.014152615434593910e-03
3.965624641213152078e-03
3.938092142343521326e-03
4.152673555331097902e-03
3.803038532949156066e-03
3.866996634751558321e-03
3.905501338756746637e-03
3.977681891992688318e-03
3.885296341031789936e-03
3.824287686083051915e-03
3.973435112792584288e-03
4.194482195501525804e-03
4.263090746891167598e-03
3.997010083662139342e-03
4.241812767253981889e-03
4.327995798860987189e-03
3.906612272063890792e-03
3.950921756525834633e-03
4.100880594924092085e-03
4.086292230834563319e-03
3.830217524535126181e-03
3.980301183958848479e-03
4.169491119682788849e-03
3.815724387144048962e-03
3.909578519976801558e-03
3.895555978847874481e-03
4.232030854456954316e-03
4.091480223255025347e-03
3.964946356912454027e-03
3.965312858215636928e-03
3.778456333610746582e-03
3.822533782157632853e-03
3.912377380248572949e-03
4.246618383460574672e-03
3.856631463600529615e-03
3.985622270653645625e-03
3.931676438078283986e-03
3.792592187722524169e-03
4.158763154927227514e-03
3.963341700534026187e-03
3.894436009642150611e-03
3.916945845509569278e-03
3.961460915290647075e-03
3.971909710930453426e-03
3.990629127042161391e-03
3.907790691074397756e-03
3.990295584210091367e-03
3.830425617181592440e-03
3.970314030432038795e-03
4.056183743394083802e-03
4.035382419824600116e-03
4.416119451117184007e-03
3.908624808407492289e-03
4.035171644969118634e-03
3.871012634287277713e-03
3.987539209839370720e-03
4.168439882083071861e-03
4.078856445848941595e-03
3.989849606942799144e-03
3.772370912548568544e-03
3.734624586585495211e-03
