1.057501829332775506e-01
6.889581776327556584e-02
6.820882750882042989e-02
6.755030809177292594e-02
6.652281930049259995e-02
6.557243477967050760e-02
6.056533651219474235e-02
5.344136156969600537e-02
5.086604225966665643e-02
5.018725877006848662e-02
4.310232735342449384e-02
3.715299008621109761e-02
3.023433319396442998e-02
2.701041840016842055e-02
2.620117007030381071e-02
2.165548746784528092e-02
1.902158792648050642e-02
1.825833219620916562e-02
1.812578573822975006e-02
1.781948108639981945e-02
1.735433970060613548e-02
1.709761013587315914e-02
1.700097604758209549e-02
1.684262339439656850e-02
1.632178097135490724e-02
1.603161604868041240e-02
1.597594414320257020e-02
1.594228031734625656e-02
1.603830252256658456e-02
1.562257088720798472e-02
1.557614432854784875e-02
1.508099295198917465e-02
1.512692825247844049e-02
1.493983532819483095e-02
1.491243226660622472e-02
1.475616390506426408e-02
1.455815137674411168e-02
1.440291891909307835e-02
1.448443852778938043e-02
1.413289126008748960e-02
1.428076638115776884e-02
1.416077720622221578e-02
1.440701677567429034e-02
1.426969005001915876e-02
1.405109436561663948e-02
1.421681551055775823e-02
1.393477845523092423e-02
1.355038143694400725e-02
1.358688563936286467e-02
1.355052980697817218e-02
1.359679907560348497e-02
1.318343461387687203e-02
1.308368698590331621e-02
1.313284772965643207e-02
1.345232750806543524e-02
1.352516099810600197e-02
1.336045223805639413e-02
1.343917126870817526e-02
1.331156130052275205e-02
1.260247814572519783e-02
1.371889798591534315e-02
1.321469820208019674e-02
1.251507577382855903e-02
1.287448014236158844e-02
1.266131751239299788e-02
1.265160742733213717e-02
1.252589616510603118e-02
1.232774422814448753e-02
1.278176174809535388e-02
1.258283356411589449e-02
1.227878688110245649e-02
1.208339402659071825e-02
1.218247572580973340e-02
1.249438957207732806e-02
1.273960974067449639e-02
1.200087758815950902e-02
1.202150627142853194e-02
1.213203381333086139e-02
1.212103900810082742e-02
1.180356785241100555e-02
1.165823544479078697e-02
1.164992224425077418e-02
1.235588476889663313e-02
1.259102079189486009e-02
1.168239195313718580e-02
1.153682492673397016e-02
1.159129718939463233e-02
1.148873233960734548e-02
1.142012059688568039e-02
1.148748569604423307e-02
1.155375805993874919e-02
1.152141738682985368e-02
1.183791816648509763e-02
1.205159931961033090e-02
1.153262382580174349e-02
1.129520698553986013e-02
1.177264120015833124e-02
1.142474963433212642e-02
1.128447527686754839e-02
1.153165412445863146e-02
1.152553789731529041e-02
1.128111015591356549e-02
1.106486349470085610e-02
1.110418846209844032e-02
1.124270063307550305e-02
1.097440409577555079e-02
1.101010631769895609e-02
1.118574553893672031e-02
1.165878475540214031e-02
1.164262738492753690e-02
1.104045032213131668e-02
1.088490572654538663e-02
1.108151167631149341e-02
1.105691111750072876e-02
1.104311342040697683e-02
1.126576950566636134e-02
1.111504076255692350e-02
1.091837847398387067e-02
1.088124064521657150e-02
1.114729275306065859e-02
1.080004932979742628e-02
1.080445591774251667e-02
1.043095536530017770e-02
1.066282984283235293e-02
1.064161474092139084e-02
1.079384298374255584e-02
1.162389820234643011e-02
1.137436596469746687e-02
1.079377254264222291e-02
1.062680888507101275e-02
1.061819956120517439e-02
1.041095060192876419e-02
1.065575745784574056e-02
1.056991170263952597e-02
1.076995474596818304e-02
1.064771565298239415e-02
1.077849750303559902e-02
1.032692865779002468e-02
1.044939778538213869e-02
1.027292203158140099e-02
1.050065374208821248e-02
1.107993286516931360e-02
1.088843830343749763e-02
1.029364894661638496e-02
1.054679290288024554e-02
1.054879296157095088e-02
1.050589253091149811e-02
1.029054753896262858e-02
1.017067785892221583e-02
1.030790756146113089e-02
1.048541102972295504e-02
1.046904249737660129e-02
1.061022779593864991e-02
1.073342670169141581e-02
1.046691639555825080e-02
1.035385167019234678e-02
1.048102904525068102e-02
1.018851125405894308e-02
1.031072045365969379e-02
1.046089609464009688e-02
1.010643509113126268e-02
1.002525378432538722e-02
1.055679351919227259e-02
1.070654489099979317e-02
1.040776226255628843e-02
1.032359338055054317e-02
1.018555346255501162e-02
1.005997647841771515e-02
1.015738987260394674e-02
1.013984197957648256e-02
9.938458022144104967e-03
1.010551790396372468e-02
9.969026404950353387e-03
9.916617746154467172e-03
1.030347485095262604e-02
1.042349796328279760e-02
1.097015099392996927e-02
1.045228533446788781e-02
1.020044508079687683e-02
9.996876526210042579e-03
9.771861193908585111e-03
1.022715234508117001e-02
1.013373143970966277e-02
1.030759909086757277e-02
9.947683778074051936e-03
1.009149582435687337e-02
9.968025638825364285e-03
9.866608476473226128e-03
1.004763677716255174e-02
9.951287897096740276e-03
1.013014452324973239e-02
9.804966520104143810e-03
9.563429769542481848e-03
1.018952964494625711e-02
9.954732623365190186e-03
1.020367036677069170e-02
1.008815824571582948e-02
9.917612551814980124e-03
9.840220581326220017e-03
1.003824118524789845e-02
1.023775192598501763e-02
9.915114111370510949e-03
1.015672309531105884e-02
9.926408421662119563e-03
1.001890829867786888e-02
9.936590794887806971e-03
1.019519531064563313e-02
9.923670498861206571e-03
9.977399106654856464e-03
9.776052135146326774e-03
9.568446435862116781e-03
9.595352245701684393e-03
9.725983271168338329e-03
9.615846839216020403e-03
9.529570974409580161e-03
9.659836424721611817e-03
9.540178022450870876e-03
9.906434176696671604e-03
9.867921504709456504e-03
9.559184722602366915e-03
9.994856735898388980e-03
9.749279200202888573e-03
9.617563639250066923e-03
9.768991677297486631e-03
9.694360229704115928e-03
9.625216424465178958e-03
9.569650354484716612e-03
9.719801723129219834e-03
9.425504646367497200e-03
9.786621746089723545e-03
9.949307412736946299e-03
1.027497928175661289e-02
9.748276737001206754e-03
9.802132575876183404e-03
9.476289498723216090e-03
9.440143013166056585e-03
9.591848076217704064e-03
9.575101145439678454e-03
9.240794765452543455e-03
9.449208651979764187e-03
9.528037243419223631e-03
9.386897997723684869e-03
9.640183324615161226e-03
9.424873656696744137e-03
9.652291325231392508e-03
9.638733590642611232e-03
9.362581885523265854e-03
9.447407817675007244e-03
9.532428485237890575e-03
9.302750815533928838e-03
9.324916406638092056e-03
9.198318310081958840e-03
9.572151448163720641e-03
1.004134257634480866e-02
9.784435141417715392e-03
9.634264641337923762e-03
9.581666696402760947e-03
9.415673315525055140e-03
9.496687791413731608e-03
9.602353783945243026e-03
9.183227668205897268e-03
1.000190927750534489e-02
9.852865338325500141e-03
9.565629673500856620e-03
9.857925681604279983e-03
9.715799014601442241e-03
9.621280998819403338e-03
9.497645811902152152e-03
9.308479320671823876e-03
9.070128562549750056e-03
9.320081621408462039e-03
9.620693342553244057e-03
9.574506854017575397e-03
9.397157467901706696e-03
9.208074236909547655e-03
9.412169245382150107e-03
9.452295874555906308e-03
1.006812615527047025e-02
9.706212079359425801e-03
9.584225217501322544e-03
9.437446904679139270e-03
9.342958554625510614e-03
9.124143082234595359e-03
9.276032816204760056e-03
1.004321830140219793e-02
9.398568549917803508e-03
9.289036885731750612e-03
9.183289011319479070e-03
9.366722380121549757e-03
9.260550985733667639e-03
9.738316978845331512e-03
9.424854645298587005e-03
9.306686553690168145e-03
9.303032453689311088e-03
9.109393300281629774e-03
9.274286160038577517e-03
9.288355348010857854e-03
9.059373786052067959e-03
9.287512041628359985e-03
9.024493106537394976e-03
9.082163489527173006e-03
9.195153891212410474e-03
9.066852397388882462e-03
9.355102193852266393e-03
9.221932374768787577e-03
9.275440445376767831e-03
9.579075827366775181e-03
9.771762597892018690e-03
9.250424943036503200e-03
9.213782962825562556e-03
9.700080429514248634e-03
9.524637278583315131e-03
9.398505145476923617e-03
9.235338134070236737e-03
9.040692763196097811e-03
9.310887700153721788e-03
9.146535533169904836e-03
9.096688793765173725e-03
9.106904582844840834e-03
9.108937055700355029e-03
9.139081723988055558e-03
9.373855727414290642e-03
9.446456548240450210e-03
9.497790825035837270e-03
9.647226370871066561e-03
9.887785913629664608e-03
9.169030744168494076e-03
9.310277969472938175e-03
9.357839946945507859e-03
9.082880665858586791e-03
8.988047970665826239e-03
9.071777549882729247e-03
9.337445820371310587e-03
9.204760893351501480e-03
9.117715598808393690e-03
9.221021640631887201e-03
9.057381405598587468e-03
9.085293660561244086e-03
9.458399642672803143e-03
9.077452702654732752e-03
9.161548018455504747e-03
9.502941146492957514e-03
9.451056987875038062e-03
9.068149419294463040e-03
9.159401800069544644e-03
8.780403700139787285e-03
9.454802949395444203e-03
9.498825863831572916e-03
9.179035594893827227e-03
9.101445269253518461e-03
9.198232400748464557e-03
9.144912606312168707e-03
8.971199848585659220e-03
9.187117032706738212e-03
9.133967417809698078e-03
9.518569678896002945e-03
8.935450729396608380e-03
9.001619041793876286e-03
9.203286133706569880e-03
9.103745673265722579e-03
9.133709416621260332e-03
8.904914466871156203e-03
8.820374955733617864e-03
9.041528072622087228e-03
8.999346536066796937e-03
9.090873404509491190e-03
9.216010545690853789e-03
8.989663794636726379e-03
9.398663772477043946e-03
9.162594133781062217e-03
9.199073881738715347e-03
9.666209032552110572e-03
9.178369413647385899e-03
9.003569500313864452e-03
8.864048976037236516e-03
9.026863202452660093e-03
9.463554960158136048e-03
8.890444265885486322e-03
9.111177205211587124e-03
8.848058672414884848e-03
8.833279454459747049e-03
9.068722776654693229e-03
9.025671622819371465e-03
9.091816155446900971e-03
8.886441124810112030e-03
8.802999568482239301e-03
9.225274183683926030e-03
9.352835441629091251e-03
8.746420645879373831e-03
9.011546619650390513e-03
8.622213506864177465e-03
8.970160165594683391e-03
9.011947703030374554e-03
8.989946858750449618e-03
8.812849844495455540e-03
9.029654864635732608e-03
9.064620364871290095e-03
8.925187235905063937e-03
8.875767638285955025e-03
8.975917829407585938e-03
8.904034048318862707e-03
8.622604712016052747e-03
9.552702142132652591e-03
9.047975647780630987e-03
8.654339214166004851e-03
8.851667352848582512e-03
8.611421812739637055e-03
8.784120132525762362e-03
8.985641292399830851e-03
9.036018595927291716e-03
8.878124310738510702e-03
9.034092819525135765e-03
8.889251984655857641e-03
8.740103246851099392e-03
8.866531281835503264e-03
9.091723702020115122e-03
9.149647057056427626e-03
9.121585397256744623e-03
8.874294795095920979e-03
8.739891491002507382e-03
8.829526197579172508e-03
8.717147761748896342e-03
8.766404452423255320e-03
9.263589398728476476e-03
9.306650749511188869e-03
9.053130841089619338e-03
8.812294225725863378e-03
8.842564767433537531e-03
8.994284011423587730e-03
8.830831551717387845e-03
9.026605159872108652e-03
8.894039835366938235e-03
8.669416507085164758e-03
9.184403866529465207e-03
8.967464433776007812e-03
8.999354334341154796e-03
9.136736196362309562e-03
8.828874275916153216e-03
8.669534818165831533e-03
8.620229678021536571e-03
9.086743704974651129e-03
8.702643257048394212e-03
8.757919880251090194e-03
8.517013390858968816e-03
8.556487071845267356e-03
8.604281739228301917e-03
8.535843007266522009e-03
8.543240109251604847e-03
8.588722027424309374e-03
8.942640407217873968e-03
8.762602967520554537e-03
8.689977706720431946e-03
8.556983009394671449e-03
8.750758162803120785e-03
8.960418705311086821e-03
9.292222766412628829e-03
9.380137837595409894e-03
8.899517042769325426e-03
9.016798151036103243e-03
8.744798170195685477e-03
8.541286331084039021e-03
8.489997473855813090e-03
8.724432430333561167e-03
8.674112301733758953e-03
8.646328652070628396e-03
8.582997967799503927e-03
8.746388943658934753e-03
8.556375855373011749e-03
8.576614124079545015e-03
9.172770376834603681e-03
8.840432870719167405e-03
9.031720906496048390e-03
8.568933833804396119e-03
8.822780946890512732e-03
8.399847981830438348e-03
8.622765694227483776e-03
8.674941282305451834e-03
8.438375430802504476e-03
8.552520233723851992e-03
8.906469705204169557e-03
8.818631966908772185e-03
8.764343224465847779e-03
8.755750573343700285e-03
9.035739803479776733e-03
8.779657243026628075e-03
8.519274062580533061e-03
8.555420181817478820e-03
8.634908025463421469e-03
8.448734055790635411e-03
8.742762185219261212e-03
8.741847823063532766e-03
8.333643033272690112e-03
8.335654822488625451e-03
8.402694641715949958e-03
8.822265441219011989e-03
9.489253349602221749e-03
9.027065386374792319e-03
8.442356089750925260e-03
8.475481855372586984e-03
9.263238708178201872e-03
8.980287143753633988e-03
8.628337561256355440e-03
8.684132401314046887e-03
8.625578536755508161e-03
9.220022981365521425e-03
8.683562988622321732e-03
8.663821009298165038e-03
8.804873685455984894e-03
8.678774365948306591e-03
8.705222598380512114e-03
8.571296309431394519e-03
8.309049792587756486e-03
8.591860267851088306e-03
8.437509304947323624e-03
9.331625782781176326e-03
8.607632294297219017e-03
8.520410988065931987e-03
8.662030676172839325e-03
8.487049411568376583e-03
8.531108564800686175e-03
8.445393389297856795e-03
8.847567323181364241e-03
8.578997301972575082e-03
8.666645938323603443e-03
8.509600332213772961e-03
9.222550164494249317e-03
8.836782487730185723e-03
8.550396387775738641e-03
8.446892015635967463e-03
8.887888814012210106e-03
8.547174783630503633e-03
8.577284053381945689e-03
8.556320712798172121e-03
8.694649504290686073e-03
9.109710450801583592e-03
8.708186973300245659e-03
8.363276707629362441e-03
8.361604586243629941e-03
9.075801153149869183e-03
8.890404324564669600e-03
8.493759545187155868e-03
8.350570429530409372e-03
8.408020892077022052e-03
8.589533389442497238e-03
8.888883491357166960e-03
8.496448049942652639e-03
8.477461992038620026e-03
8.365836242834727779e-03
8.565598227497604744e-03
8.494766346282428895e-03
8.720280714333056640e-03
8.349457774311303676e-03
8.498280739618672280e-03
8.668233023749458144e-03
8.786441406442059565e-03
9.574302832285563197e-03
8.958163580132854839e-03
8.614053279161452623e-03
8.293950296938419620e-03
8.553251545462343258e-03
8.291887096646759561e-03
8.212280405892266599e-03
8.173624028762180999e-03
8.503924355738693222e-03
8.654983085062769102e-03
8.499323990609911408e-03
8.569076322019100744e-03
8.771023319827184889e-03
8.445380607412920904e-03
9.046683766775661870e-03
8.309501513010925794e-03
8.247539392775959238e-03
8.287990374697578808e-03
8.808297531472311995e-03
8.378544851309724026e-03
8.670581686827870740e-03
8.355162120941611939e-03
8.173035337693161997e-03
8.309673164039849472e-03
8.159289765689107729e-03
8.370028974281417539e-03
8.291022156675657145e-03
8.562974130941761880e-03
8.553810372120804889e-03
8.934237141576078373e-03
9.015748351812362740e-03
8.674348033964633317e-03
8.344341847631666156e-03
8.433865759935644385e-03
9.157180090745290629e-03
8.670631878905826415e-03
8.397547929651206708e-03
8.216991341776317195e-03
8.513710509157843345e-03
8.287817562619844217e-03
8.254827203022108845e-03
8.464679523474639630e-03
9.405192679001224756e-03
8.905064914789465394e-03
9.066402585142189358e-03
8.668021009200149035e-03
8.776843154595957014e-03
8.420228039224942826e-03
8.360964293695158714e-03
8.383073844015598297e-03
8.537841935952503875e-03
8.331908064170015504e-03
8.220386997693115289e-03
8.138944183786710196e-03
8.334053011818064877e-03
8.421523107422721963e-03
8.675950041247739580e-03
8.410879034135076288e-03
8.505422261854012761e-03
8.712870428959528651e-03
8.333889039026366047e-03
8.130420069727632704e-03
8.464715000655915686e-03
8.432114455435011854e-03
8.356558059652645712e-03
8.607837652994526634e-03
8.537844645066393692e-03
8.360611788100666755e-03
8.497441460688908571e-03
8.497376483347680517e-03
8.333119327823320516e-03
8.451784640136692298e-03
8.168783386548359934e-03
8.137629731661743734e-03
8.074779307676686890e-03
8.041276604764991537e-03
8.296037688851357061e-03
8.325169550047979705e-03
8.154323163131872373e-03
8.193038004553980166e-03
8.488522159556548610e-03
8.626947444346215466e-03
8.468517801827854172e-03
8.476048401660388892e-03
8.266090742415851261e-03
8.372753709554672102e-03
8.230296245051754722e-03
8.136768072015710188e-03
8.045350627766715071e-03
8.347722532020674172e-03
8.726681023836136211e-03
8.622192223038938758e-03
8.575442594786484782e-03
8.142362919946511540e-03
8.431823088063134658e-03
8.510508500039577415e-03
8.393031838867399605e-03
8.251164344449838511e-03
8.219402887754970882e-03
8.307752385735511086e-03
8.097517494526173740e-03
7.997870970931318657e-03
8.220683944722017092e-03
8.978828406996196623e-03
8.498114239838388054e-03
8.536731609039836452e-03
8.402962436278660699e-03
8.180257003340456190e-03
8.134629796776506744e-03
8.124910499900580077e-03
8.265158931414285856e-03
8.195861031611760550e-03
8.239654418494966881e-03
8.339609004971054382e-03
8.714753612875937930e-03
8.714563701715733954e-03
8.220974831945365713e-03
8.220511865284708258e-03
8.320562500092719069e-03
8.333206768665049266e-03
8.297773943179183667e-03
8.484799731522798399e-03
8.092897252904044866e-03
8.084824043843481800e-03
8.201143884410460813e-03
8.218483291566372126e-03
8.097087682949172249e-03
8.133820473319954350e-03
8.132158464027774980e-03
8.146765203111701326e-03
7.954278203348319476e-03
8.229233647386232156e-03
8.554970758656660346e-03
8.663746068874994197e-03
8.313157959944672201e-03
8.411395096530516549e-03
8.080886080861091059e-03
8.570650041931205873e-03
8.577791220611996961e-03
8.276264990369479324e-03
8.348027993407515154e-03
8.276053356627623495e-03
8.196301406456364680e-03
8.297062518282069185e-03
8.183413230710558789e-03
8.432166311475966167e-03
8.509227356149090538e-03
8.191757682296964618e-03
8.469862606790331400e-03
8.259897617002328121e-03
8.126707511643568166e-03
8.236566724048721005e-03
8.211816988057559635e-03
8.666092279470629170e-03
8.116540159616205882e-03
8.101492815961440844e-03
8.268463458451960624e-03
8.291752114892005088e-03
8.172207408481173274e-03
8.102218223114809187e-03
8.061475244661171768e-03
8.337972246938281373e-03
8.149829984953005368e-03
7.969764226840602567e-03
8.002009600814846690e-03
8.131079328142934090e-03
8.214521194911665603e-03
8.112010401156213510e-03
8.266230693293942500e-03
8.164549362328316767e-03
8.252036198973656048e-03
8.203762699332501490e-03
8.219597480363315459e-03
7.954095790369642566e-03
8.333274364057514927e-03
8.047237015432782276e-03
8.016645800736216243e-03
8.071789174444145981e-03
8.123381373782953205e-03
8.105555408530765171e-03
8.416991925073995240e-03
8.208485169129239867e-03
8.082919249104128859e-03
8.054668499777714943e-03
7.938307871421178621e-03
8.370492309331893643e-03
8.199563953611585521e-03
8.015705611970689107e-03
8.082784480518764511e-03
8.181929327547550826e-03
8.005269983162482603e-03
8.179793664150768542e-03
8.155964273545477858e-03
8.424252596580319996e-03
8.293514195829630384e-03
8.112948934237161625e-03
7.992245194812615944e-03
7.975476843615372444e-03
8.150451379931636028e-03
8.048844022883309274e-03
8.111884382863839352e-03
7.908826731145381095e-03
7.909721541735860798e-03
8.258759855396218333e-03
8.385686849554379804e-03
8.033708574043379319e-03
8.100833271940549932e-03
8.170247889227337870e-03
8.023663626776800922e-03
8.076124841140376598e-03
8.464918980995814191e-03
8.208713394900162344e-03
8.133228574362065880e-03
8.232079926464292222e-03
7.874921512686544264e-03
7.994661372568871716e-03
8.040625465412934783e-03
8.183954440885120307e-03
9.323593059347734871e-03
8.928039727939499071e-03
8.624194160931639500e-03
8.243162135283152794e-03
8.053047495583692816e-03
7.943403513895139906e-03
8.032026679979429803e-03
7.973593920469283433e-03
7.907019452088409617e-03
8.095715538495116409e-03
8.351125088002946117e-03
8.456747680902480802e-03
8.098024254043897571e-03
8.207416352298524051e-03
8.354498648809062164e-03
7.963506695297028690e-03
8.009105777988830346e-03
8.123116952677568448e-03
8.138672382467323010e-03
7.946344854103193703e-03
7.990131446470816190e-03
7.871926675240198401e-03
7.903295817474524990e-03
7.999996650550100438e-03
7.890681574741998869e-03
7.964793149795796820e-03
7.877877280116081515e-03
8.022039381580220452e-03
7.855311710801390207e-03
7.962419059541489888e-03
7.840712252590390993e-03
8.012543755273023385e-03
8.360586998363336159e-03
8.274956316583686328e-03
8.273964263498783528e-03
8.588737448056538853e-03
8.007440643592014101e-03
7.956796512007712624e-03
8.430700215200582354e-03
7.974993354744381105e-03
7.959439903497695507e-03
8.644848917093541849e-03
8.144804135792785282e-03
8.070567196442021349e-03
8.034639673100576682e-03
8.060631011095312562e-03
8.035995678769216818e-03
8.078685438053475817e-03
7.986925712062253532e-03
8.150546004374821518e-03
8.178110896713204278e-03
8.083430272009637860e-03
8.448217229710685422e-03
8.224668320682313252e-03
8.131471731596522437e-03
8.353004165821605390e-03
8.126379292872217344e-03
8.409979273047712631e-03
8.166092294785711261e-03
8.059258556200397938e-03
8.129048591686619668e-03
7.891409662034776229e-03
7.861135842071639845e-03
7.824796839720673386e-03
7.825687875350316111e-03
8.324159392052226866e-03
8.288987750808397489e-03
7.969936889906725080e-03
7.912286615206135312e-03
7.949824467715289542e-03
7.699975236836406785e-03
7.713182171185811037e-03
7.900462667975160017e-03
8.429168557955158542e-03
7.982622660282585533e-03
7.802305703775750181e-03
7.852715144140853462e-03
7.955267690122128088e-03
8.130935252540641769e-03
7.929904580944113768e-03
7.901831641793250274e-03
8.037842267917262931e-03
7.979696343342463499e-03
7.884704878346786988e-03
8.124599282940228248e-03
8.011699846635262495e-03
7.861850245131387499e-03
7.843798608001734812e-03
7.760221896072228877e-03
7.893200003438525028e-03
7.935256370239788387e-03
7.693996756441063255e-03
7.880088689012659797e-03
8.143316716369655706e-03
8.047279657589063995e-03
8.153219243718517334e-03
7.707908480531639947e-03
7.871526769465869711e-03
8.125193216320540646e-03
8.136892699533038870e-03
8.189953362776173501e-03
7.934964245392216176e-03
7.872296087443829068e-03
8.100499043034182708e-03
7.868763564361466387e-03
7.930509518418046855e-03
7.849872983578178032e-03
7.906112447381019245e-03
7.780745608939064473e-03
7.897143955859872722e-03
7.871092640691332992e-03
7.831433494057920067e-03
7.727384981181886076e-03
7.739702090620994429e-03
7.915723203784889514e-03
8.107739608320924107e-03
8.082223766379886126e-03
8.006933016909493703e-03
8.067025716106096533e-03
7.753263235920005575e-03
7.849042924741903363e-03
8.027054938591189626e-03
8.007165653010210257e-03
7.935310138596428711e-03
7.965707356731096742e-03
7.818219893508487200e-03
7.922266866597863638e-03
7.703218333837059083e-03
7.765920205662648311e-03
7.845868625574641333e-03
8.072307118111186550e-03
7.992647039807504808e-03
7.847652679516209026e-03
7.948366217315197199e-03
7.838182134760750264e-03
7.823654177288214689e-03
7.915174348486793757e-03
7.839609384536743580e-03
7.793124926586945424e-03
7.777022615902953392e-03
7.981455297105841812e-03
8.110465229385429783e-03
7.824980645543998942e-03
8.175735548138617775e-03
7.998470550196038614e-03
7.801698806385199206e-03
7.692921505206160894e-03
7.794605766733487054e-03
8.448425291313064675e-03
7.962576049483484006e-03
7.811905187037256407e-03
7.863504379573796332e-03
7.789475965417094055e-03
7.803718633949756692e-03
8.012231302758058074e-03
7.796976210342513106e-03
7.782903682026598262e-03
8.133447873923513663e-03
7.803264258222447625e-03
7.703241482377051925e-03
8.057573748131593300e-03
8.495363063282437149e-03
7.891703666084342109e-03
8.245182587868637655e-03
7.942195298771064296e-03
7.765251840982171846e-03
7.594407631291283205e-03
7.823144549296962708e-03
8.078086425860723369e-03
7.881844256901079232e-03
7.790378580490748064e-03
7.685275895314084248e-03
7.844273601141241517e-03
7.714055913190047062e-03
7.817921414971350930e-03
7.991961780935525131e-03
8.143545360200935349e-03
7.824510217954714839e-03
7.617135283847649950e-03
7.826925768620438331e-03
7.712093912478950632e-03
7.981603224244382053e-03
7.888591626865996964e-03
8.085549943563011613e-03
7.819634920193089048e-03
7.824226551585726844e-03
7.974445952309502234e-03
7.847041967842314017e-03
7.799841451148191787e-03
7.857300589481990352e-03
7.760604201919502759e-03
7.821241861416233093e-03
7.879879350463549897e-03
7.645623820523420738e-03
7.929295276602108672e-03
7.770971728281842600e-03
7.465035834660132749e-03
7.644755877554416761e-03
7.599652144643995709e-03
8.317497695485750672e-03
7.840087471736801455e-03
7.879281505528423074e-03
7.773780977974335295e-03
7.938968663414319379e-03
7.766027829299370494e-03
7.816789663500255808e-03
7.795980680319998350e-03
7.739190475808249529e-03
8.084975522425439168e-03
7.827279544952842755e-03
7.699548134373294245e-03
7.763025309476587373e-03
7.616497166454791641e-03
7.543164456470145308e-03
7.870523105892869922e-03
7.850609100941154453e-03
7.611209547354115014e-03
7.819435921394161937e-03
7.713367756870057566e-03
7.665445316168997131e-03
7.681286152866151871e-03
8.053497847997479267e-03
7.898600935522052599e-03
7.893845923244952739e-03
7.687523909327056287e-03
7.684137763248549170e-03
7.617392904228634416e-03
