1.210302207867304525e-01
7.101639803912904170e-02
6.109772796432177272e-02
5.775725548466046494e-02
5.696964149673779815e-02
5.664240416553285168e-02
5.629265503750906924e-02
5.615305148892932308e-02
5.653714921739366045e-02
5.608499402801195993e-02
5.581892905963791590e-02
5.573514978090921695e-02
5.563554275366994900e-02
5.553521414597829137e-02
5.560119628906250167e-02
5.545536372396681069e-02
5.538788707719909110e-02
5.533740945988230991e-02
5.535047408607270819e-02
5.531884504689110749e-02
5.523093024889628305e-02
5.536838428841697052e-02
5.523750338289473011e-02
5.532128155231475636e-02
5.512145953045950730e-02
5.521092739370134228e-02
5.513407021760940302e-02
5.511275657349162804e-02
5.515517509645885552e-02
5.509988104303677886e-02
5.489508251349130979e-02
5.485205800996886122e-02
5.490417554974556108e-02
5.481032204296854005e-02
5.479764062497351207e-02
5.477739885449409152e-02
5.680512130260467751e-02
5.570661952098210357e-02
5.503268198834525282e-02
5.476239303747813120e-02
5.467726074986987983e-02
5.465453790293799824e-02
5.463952031400468728e-02
5.458590560489230692e-02
5.458926333321465624e-02
5.457135667403539142e-02
5.453949915038214941e-02
5.452577243248621364e-02
5.453589412901136552e-02
5.450153013070424546e-02
5.450591506229506694e-02
5.447514762481053818e-02
5.447494034965832954e-02
5.452424142095777665e-02
5.452063591116004804e-02
5.460972410109308367e-02
4.145883359428909065e-02
5.064380860163105944e-03
2.523457524366676599e-03
1.261311661865976074e-03
8.475263980734679906e-04
8.059842403357227181e-04
7.818679356326659622e-04
7.174055666352312016e-04
6.643071964693565657e-04
6.297257405498789392e-04
6.051191167595486352e-04
5.866412787387767936e-04
5.803454579371544655e-04
5.419651043808294388e-04
5.581325830684767762e-04
5.383720109239221010e-04
5.232120289777715755e-04
5.287112823377052582e-04
5.771164642646908413e-04
6.603542728246086487e-04
5.423592574273546768e-04
5.345351503799772872e-04
4.990076597055627351e-04
4.880467482790764601e-04
4.703727126535442384e-04
5.087386464907063532e-04
5.179019296903990743e-04
4.942039261934243893e-04
4.257447101796666832e-04
4.284374961732989985e-04
4.012955981306731636e-04
4.304264920453230807e-04
4.095220462315612227e-04
5.464889197092917192e-04
6.405336559853620467e-04
5.843211669060918712e-04
5.816511672714517675e-04
4.917655638160391227e-04
4.189377033617347717e-04
3.870517988171842390e-04
5.081868872770832837e-04
4.414573808511098436e-04
5.042112323765953570e-04
4.312655346519831258e-04
3.952323462969313159e-04
5.306330064518584430e-04
5.520826623412884411e-04
5.341383293529765059e-04
6.222361353381226229e-04
3.854685470772286010e-04
4.030570678878575672e-04
3.713942236370510320e-04
3.378252000806646407e-04
4.341947067425482704e-04
4.175422177650034254e-04
3.699698441454933552e-04
4.626044147233995883e-04
3.292150694566468665e-04
3.210525539341486066e-04
3.370068223577820689e-04
4.696969584458404040e-04
4.629914964445763109e-04
6.561230467115011962e-04
7.086906825295752766e-04
7.164591941465106280e-04
6.372617870672709186e-04
4.774763083292378539e-04
4.111272707167598910e-04
3.259457605114827387e-04
3.145708275648455006e-04
3.322799785787032534e-04
3.411371294512516761e-04
3.837543397417499092e-04
4.802712108681185359e-04
3.731905024809142142e-04
3.625706272820631453e-04
5.467497466856406380e-04
4.104778795347859520e-04
2.900129188007364764e-04
3.388357540178630169e-04
3.625315153557393411e-04
3.317514967380298619e-04
2.716322413956125418e-04
3.139152314462181534e-04
3.468337815461887191e-04
3.719606180675327648e-04
4.497936370575593553e-04
3.206431758331341987e-04
3.078826056379411016e-04
3.223948910858275116e-04
3.273567894939333374e-04
3.046138259944402367e-04
7.842676796846919426e-04
5.845704221994512577e-04
3.609291440807283185e-04
2.993437708614187344e-04
4.070152591965678465e-04
3.825800516642630230e-04
4.010825808573928171e-04
3.546904309445785323e-04
2.655044269178890724e-04
2.999993590896742404e-04
2.528224523282713416e-04
2.388525313128613654e-04
2.502146861257238501e-04
3.176042089600943758e-04
3.890353643024961334e-04
4.781326920621924745e-04
3.065643045637342595e-04
3.332566912932735290e-04
2.362974086362454513e-04
2.741527860052883625e-04
3.561500374538203290e-04
2.577829544639422010e-04
2.585679419442183367e-04
3.860378015734669348e-04
5.139897331698901027e-04
3.516823702698780433e-04
2.612513839267194054e-04
3.787382232904848347e-04
3.984203065435091879e-04
3.024902532342821620e-04
4.031675878084368101e-04
2.854509568229938554e-04
2.630504796979948922e-04
2.748964232806530464e-04
2.691213330642009890e-04
2.574421509376002880e-04
2.846323676769518135e-04
3.607634108306633273e-04
7.444837525124764792e-04
4.298569229043399179e-04
2.306436830096774554e-04
2.156088476638413269e-04
2.953627353094310961e-04
3.827003374074896213e-04
3.744509917063017896e-04
3.501158719882368976e-04
3.123325637878022142e-04
3.141986834816634807e-04
2.472185262013226986e-04
2.232340864268028051e-04
2.084093464590195169e-04
2.049486714855043427e-04
3.024680428724321854e-04
3.755333689817537857e-04
4.703467799764540422e-04
3.013952670153230299e-04
6.642472145095881233e-04
3.483574225619021211e-04
2.585142404617120642e-04
2.363304775725636169e-04
2.431858081965603859e-04
2.382744267945074393e-04
3.187807460522486323e-04
3.130850110513468511e-04
6.708479279445277730e-04
4.423973701583842227e-04
3.193550430781518391e-04
2.182755127756132098e-04
2.602513809688389128e-04
2.728670257298896696e-04
2.041950709341714657e-04
2.580157853662967920e-04
2.007744554430246288e-04
2.632510585762146702e-04
2.321305563155975536e-04
2.724036040146731851e-04
3.074583085253834464e-04
3.466399717662069311e-04
3.199261305336322967e-04
2.634125258514864645e-04
2.735577274062153501e-04
2.140412224818848770e-04
2.740563071953753724e-04
3.481521785983608826e-04
2.443056677131810240e-04
2.048676259194811102e-04
2.255134999157033099e-04
2.377170836552977508e-04
2.780570354985280107e-04
1.864778683779554232e-04
2.585437248409208134e-04
2.356728926921884291e-04
2.883110653945348103e-04
3.230194682772788970e-04
3.377039579208940441e-04
2.428764358369840399e-04
3.399732007852031127e-04
4.169555049803521794e-04
3.021048453067325763e-04
2.659401600249111739e-04
4.382358284460173884e-04
3.044240659801289374e-04
2.715575967967096146e-04
2.423936585223095260e-04
2.021136909671541744e-04
2.159681058644006635e-04
2.368165383167150878e-04
2.517554683921237975e-04
4.629947863415711682e-04
2.813750510621401885e-04
3.075502047108279549e-04
3.209643283238013318e-04
3.717117890482768503e-04
2.231414922668288050e-04
2.315224894684636005e-04
2.433438114045808720e-04
2.437630828676952128e-04
3.118822281248867447e-04
2.956185382532162910e-04
2.049160942745705460e-04
1.758975707020403673e-04
1.884915523179289361e-04
1.786698750866991009e-04
1.799214464457084869e-04
2.292068799336751327e-04
3.208257602010336387e-04
2.555996609023875759e-04
2.417895372491329973e-04
2.241865893463707753e-04
2.495417147616131657e-04
2.902911409425239036e-04
1.990988234885864678e-04
2.565973654984393042e-04
2.745365809338788307e-04
2.015546542437126199e-04
2.531125856977369990e-04
2.856373188034113937e-04
2.879504550946876624e-04
2.757650168819559839e-04
3.214194148960005651e-04
2.531954485716091151e-04
2.895369777818107191e-04
2.910631450100077330e-04
2.747185424798064858e-04
4.229056336528931809e-04
1.936762494733557040e-04
1.787370449811633997e-04
1.760361842914587955e-04
1.758894721408271224e-04
1.966533058374706129e-04
1.932101202611293987e-04
2.292566322850891154e-04
2.528828789298939901e-04
2.259971998218033077e-04
2.160690214562540311e-04
2.203570967281444197e-04
2.282982226461172158e-04
1.791484418532086843e-04
3.553091006405237427e-04
3.087648065088109618e-04
2.091187602814493954e-04
1.820593597626106658e-04
1.822956205190469955e-04
2.396746455148483302e-04
2.465126054206242243e-04
2.355777509769217866e-04
2.079806212956706701e-04
2.220123804484804464e-04
1.879355604372297684e-04
1.772111052155701783e-04
1.658388971635657897e-04
2.117692170819888574e-04
2.358469572694351388e-04
2.785021705656416050e-04
4.748321205584539093e-04
3.730894058632353862e-04
3.069903626520600610e-04
2.437005552928894845e-04
2.302125697153517016e-04
3.236639777120823777e-04
2.248350561260142346e-04
2.132440058954266911e-04
2.144999420529024499e-04
1.590713200211111146e-04
1.685062185990520702e-04
1.557833468541502963e-04
2.012776009117563667e-04
2.200882397462717286e-04
2.112446121302329755e-04
2.179012115165177336e-04
1.887514289572007019e-04
2.068748308293935222e-04
1.942559991342325998e-04
1.842204993590712591e-04
2.111732895072135775e-04
2.284059816479889896e-04
1.798187656742003310e-04
1.760239317081868714e-04
1.692078170728766374e-04
1.830160841604487761e-04
2.194502499575416113e-04
1.822077873576846512e-04
1.956722728856321745e-04
1.685410453420546260e-04
1.893719417663911899e-04
1.603317957940615006e-04
1.997683205020924380e-04
2.041597596447293982e-04
1.794780390466459944e-04
1.851136796176433455e-04
1.939484333464254961e-04
1.818757590889516788e-04
2.223539536094500081e-04
2.101171314198937740e-04
2.629621091505719298e-04
2.716991058292074599e-04
2.388563852420904439e-04
3.203153400681912704e-04
3.521876206569787273e-04
1.822673093475815219e-04
1.629700759399889366e-04
1.671888870704505141e-04
1.858433918096125213e-04
1.774725532676610666e-04
2.017801940544611760e-04
1.885376769738892602e-04
1.591472032790382685e-04
1.692246732353750187e-04
3.092992041234133974e-04
3.532779791081945174e-04
2.657709534590442730e-04
1.802733615558180539e-04
1.817775698792603362e-04
1.796951189559573957e-04
1.659012569709577601e-04
1.605564477439555852e-04
2.246337029565539576e-04
1.910227095423680315e-04
2.559912381952421313e-04
2.835873972314099500e-04
1.863301603589206815e-04
1.786124640299628142e-04
1.739464048296213139e-04
1.709261999025733997e-04
1.650630336047874522e-04
1.597054733429104166e-04
1.860003654534618121e-04
2.661203210138612246e-04
2.154576875424633452e-04
1.954594090865511061e-04
1.668159487113977523e-04
2.367090917606320651e-04
3.144204894649899572e-04
3.349361438045484894e-04
1.682108116155076472e-04
1.714667520718649095e-04
1.657576003344729619e-04
1.583754417434748757e-04
1.685102455343844073e-04
2.763646020321175434e-04
2.332762663718313109e-04
1.964943148454444404e-04
3.407479448813117246e-04
2.857197742236571155e-04
2.793137332062340631e-04
1.878570520137954117e-04
1.582941541629325952e-04
2.021176028453434449e-04
1.819653358931342670e-04
1.476203029354413256e-04
2.067815998776091591e-04
2.854228656764866770e-04
1.853888701751000342e-04
2.127848452396897776e-04
1.766332846212511156e-04
1.576078248520692269e-04
1.815701398300006986e-04
1.702602784563269928e-04
1.537188957445323478e-04
1.780473331584491771e-04
1.783155411249026613e-04
1.637573738116770853e-04
1.790483856004559276e-04
1.837099038271440402e-04
1.717375002206406650e-04
1.615982815080011751e-04
1.706674940780632905e-04
1.715463031238565958e-04
2.014579493293745707e-04
1.569161551823425619e-04
3.329076793225896249e-04
2.269225188582721636e-04
1.660166003016961872e-04
1.407419083665849399e-04
1.825720810383144456e-04
1.448209358042933895e-04
1.529639119851506387e-04
1.396741601638495814e-04
1.550487809193631071e-04
1.371457256997624921e-04
2.037955127889290452e-04
1.955480664037168134e-04
1.958782743248674524e-04
1.987778176812248106e-04
1.729962108139362627e-04
1.406753582543590034e-04
1.358620560495182926e-04
1.460387085616174742e-04
1.468243778476284727e-04
1.710056382904036115e-04
2.056824137818896118e-04
2.493644406786188331e-04
1.901264942716807019e-04
1.894195825378927850e-04
1.656534029946972995e-04
1.700342553926424780e-04
1.901688350416305955e-04
1.738393945076192404e-04
2.000570341867084355e-04
1.838621543073612908e-04
1.532321180113487664e-04
1.941858900762680456e-04
2.501551840557820149e-04
1.599629051310734560e-04
1.341495781929956442e-04
1.575840375153347796e-04
2.093799555829415672e-04
1.785260078031569698e-04
2.012868076821582258e-04
2.083288553533040835e-04
1.595293720796083317e-04
1.851628515740028557e-04
2.449471079226997190e-04
2.753008144079811272e-04
2.364331886767306293e-04
2.405299633715508683e-04
1.581261103274300770e-04
1.500921431256251200e-04
1.464590326132666760e-04
1.510133691287289114e-04
1.875096377140532053e-04
1.787286288001471105e-04
1.463328104970666179e-04
1.476821578883876396e-04
2.304750163522031523e-04
2.169460698496550376e-04
1.754502673348825930e-04
1.447250444390293684e-04
1.432072032993245451e-04
1.527845386752030960e-04
1.594648223059872761e-04
1.866981828223085959e-04
2.765657761160077166e-04
1.579383663677920793e-04
1.360603716521937700e-04
1.268801431999438240e-04
1.513184156242965118e-04
1.983830101218902521e-04
1.904104542659802615e-04
1.670224222794382111e-04
1.509661089059793318e-04
1.278246488396285246e-04
1.499363556892300588e-04
2.074541476192987661e-04
3.419761472226431139e-04
2.039811927049110264e-04
2.958557127405786122e-04
1.900765237062134740e-04
1.551841782768153448e-04
1.399993313114262367e-04
1.504442963697430219e-04
1.478770873574022709e-04
1.275931644098212434e-04
2.272054410746528121e-04
2.657023781729448211e-04
1.716110279085114468e-04
1.505726170984821174e-04
1.663619727413687523e-04
1.652424115066726919e-04
1.944334305072617161e-04
1.563667788610069258e-04
1.411127652843586296e-04
1.543291545628259500e-04
1.526683409853527831e-04
1.592960688867606223e-04
1.575117341255665609e-04
1.409149860652784611e-04
1.514920169655751094e-04
1.357614432668520466e-04
1.531760071197317639e-04
3.022860647696587921e-04
3.233579149107552032e-04
2.409257859431414208e-04
1.812038218809498597e-04
2.017291270506878611e-04
2.141121182487242881e-04
1.938004161800361473e-04
1.695164248424892671e-04
2.013036935952388674e-04
1.464908930615315069e-04
1.209027671332781544e-04
1.273692400556885500e-04
1.381182988795141365e-04
1.442435839109950573e-04
1.325508207082748283e-04
1.365872496777834923e-04
1.361577837572743629e-04
1.387004624767642789e-04
1.598612795997825015e-04
1.475314592890855311e-04
1.415095616701162633e-04
1.354683316700781457e-04
1.561147557933711418e-04
1.986074487083695100e-04
1.371550035158482814e-04
1.279391584426371666e-04
1.683711937382920696e-04
1.781734321007712098e-04
1.645704785672326951e-04
1.427494059316814011e-04
1.482808158551860182e-04
1.984915581609432943e-04
1.682546908786106468e-04
1.755685493117198326e-04
2.229060629744910563e-04
1.544924277631152100e-04
1.859547125382555869e-04
1.443803900878669528e-04
1.402425559030638733e-04
1.820388515221161999e-04
1.536837002236603037e-04
1.254811876505199466e-04
1.330067748333223882e-04
1.618301248850507741e-04
1.439625736222499076e-04
1.338571378599024515e-04
1.477798956976686048e-04
1.635763734682566667e-04
1.769131063742356241e-04
1.663851819466799584e-04
1.636018503793618790e-04
1.470801681150785882e-04
1.525842495417843324e-04
1.551820758161031439e-04
1.658099552150815639e-04
1.774852870342632052e-04
2.510723306073082647e-04
2.311798546644341717e-04
1.423889893339946844e-04
1.517415663369724318e-04
1.552613523542984515e-04
1.306426953265650299e-04
1.371036689185226964e-04
1.364639178953237113e-04
1.681729428107953789e-04
1.629567813749114593e-04
2.008647358484773186e-04
1.822286057803365828e-04
1.476056694001373246e-04
1.405982843910654368e-04
1.450014195223856244e-04
1.667878868627465446e-04
1.602282642852515047e-04
1.559533344374762639e-04
1.364011744347711495e-04
1.502915098616439409e-04
1.502565642456627588e-04
1.354332797927781820e-04
1.351020435362847204e-04
1.503857450249294491e-04
1.692079382741616754e-04
2.144959836732596126e-04
3.141398165219773733e-04
2.665997656812477482e-04
1.668761709394554272e-04
1.548194993261454771e-04
1.365217992052849758e-04
1.252697732868707713e-04
1.287105945973760618e-04
1.398403904426635954e-04
1.310709074863957119e-04
1.300910990297173540e-04
1.763869665511366279e-04
2.025003167929955523e-04
1.751755613885405964e-04
1.555909360629609956e-04
1.259900540915421228e-04
1.448287514762746026e-04
1.557306235837232610e-04
1.314129247071428564e-04
1.332760434727080885e-04
1.363053152777461609e-04
1.399210277142830890e-04
1.599259118989316891e-04
1.490662780189369184e-04
1.200055912421602386e-04
1.613169469379095668e-04
1.640488605739341883e-04
1.329131767528855953e-04
1.351151868584565742e-04
1.316060900636431346e-04
1.730681929944289949e-04
3.496272365898928916e-04
2.690773617683185344e-04
2.664006289301646996e-04
1.989502574239546953e-04
1.951679478709896485e-04
1.418066977445657018e-04
1.366410197483168684e-04
1.353404930947969429e-04
1.869683631230145704e-04
1.478819203718255079e-04
1.663636021678232472e-04
1.339353085495531602e-04
1.370211384427319707e-04
1.271123426138526789e-04
1.356197065130497145e-04
1.410935146527158017e-04
1.335745964509745399e-04
1.188497207153381581e-04
1.336128909153760263e-04
1.198753661204439934e-04
1.241227353198660877e-04
1.216987151807794927e-04
1.543325020207299172e-04
1.371239542236758595e-04
1.389146234012312360e-04
1.394127857121121525e-04
1.609622260891935990e-04
1.517057954010346673e-04
1.278121673708988671e-04
1.236528263608407594e-04
1.249765865375391367e-04
1.416305362686721937e-04
1.474676858763106918e-04
1.588425842217273053e-04
1.411327878142603644e-04
1.444582465854990679e-04
1.335185027629551063e-04
1.302393264551129535e-04
1.246934140928917514e-04
1.296714429433147163e-04
1.302236962429661701e-04
1.694375427258718232e-04
1.265593365921328472e-04
1.216465787729248437e-04
1.275612852380921458e-04
1.425552232346186902e-04
1.960736342395345399e-04
1.215711550644805891e-04
1.156990235257479913e-04
1.527183513260550100e-04
1.506682250571126638e-04
1.474665266060684176e-04
1.372074868090243822e-04
1.947855820051497754e-04
1.981045428611752010e-04
1.371650071814656193e-04
1.320908569161676805e-04
2.021787994696448243e-04
1.770185373930467610e-04
1.488488056283030370e-04
1.201637320789611943e-04
1.623448439123523017e-04
1.314024468107769894e-04
1.597529725727832252e-04
1.317520129507303945e-04
1.366074251321454857e-04
1.226390475252022415e-04
1.511083389373703073e-04
1.351788718925996081e-04
1.297278074909829332e-04
1.299196252754578897e-04
1.720034510556919013e-04
2.074226668466710294e-04
1.731249765725806464e-04
1.524737578519205978e-04
1.666791755188670537e-04
1.744523099235569408e-04
1.290222955867648211e-04
1.086118373334304374e-04
1.102248889704545343e-04
1.426836788757807615e-04
1.463004136975440818e-04
1.280926649148265463e-04
1.218838434821615564e-04
2.097575848973873638e-04
2.463957896300902114e-04
1.848873651922783887e-04
1.698001299519091855e-04
1.393533428522965127e-04
1.163851457466888787e-04
1.415786053015229671e-04
1.180579734177121699e-04
1.117472246793719626e-04
1.340022850652328754e-04
1.532208104617893685e-04
1.856949272203362652e-04
1.395979068345493861e-04
1.573163377017610688e-04
2.558472457652290416e-04
1.468237092356301050e-04
1.141024531615484060e-04
1.467194293703263106e-04
1.606721784143398299e-04
1.394685165723785823e-04
1.227874627349794727e-04
1.227196158530811530e-04
1.251825168987529078e-04
1.262274200821088515e-04
1.352750941360783218e-04
1.298607078367947727e-04
1.125583515709472970e-04
1.331566228246730175e-04
1.428314811912261896e-04
1.224652604691477294e-04
1.484732822023539190e-04
1.643215161230828988e-04
1.400088738106812069e-04
1.557810330996289860e-04
1.454253988211146671e-04
1.362134785611285965e-04
1.318736120204751683e-04
1.193164016068395613e-04
1.592117009891404092e-04
1.232922754328077172e-04
1.373304519155580229e-04
1.358713710861694432e-04
1.473633848945610117e-04
1.413923215133965853e-04
1.338407611345044420e-04
1.499769511348050463e-04
1.175205959912596534e-04
1.210779520786470876e-04
1.407337016684727642e-04
1.210295750125725192e-04
1.258474612323981165e-04
1.255672731592009461e-04
1.980994529246042093e-04
2.945970431513463320e-04
2.214045927394181457e-04
1.685008556685513976e-04
1.634572271723300099e-04
1.242841773718181655e-04
1.248840189590636135e-04
1.324913877760991432e-04
1.259849263199915427e-04
1.414719865553908757e-04
1.108103727326831831e-04
1.049980742391198836e-04
1.262923197161095878e-04
1.091368109660430100e-04
1.366292283637449156e-04
1.174585247645154644e-04
1.246093578972957288e-04
1.113942548464466235e-04
1.291064049453577976e-04
1.693973686390866818e-04
1.243448490923684379e-04
1.231227341405529872e-04
1.219703015845475906e-04
1.256717632835109913e-04
1.330170867731794661e-04
1.178330400337775574e-04
1.123271080885186014e-04
1.055984430584228637e-04
2.052327130352043561e-04
1.386791924273388251e-04
1.445913664712053092e-04
1.129053826055799941e-04
1.443276505839700540e-04
1.268019691471838179e-04
1.208757117274217329e-04
1.130001884626431649e-04
1.361497271702521408e-04
1.215843114833761404e-04
1.125656593487494580e-04
1.758247258193376998e-04
1.586520213944216464e-04
1.229719304117477669e-04
1.563298619455761392e-04
1.304976845858618563e-04
1.265528819446141452e-04
1.098697458898338126e-04
1.121488587361656972e-04
1.268784771350005367e-04
1.328834253945388030e-04
1.299357342132781152e-04
1.163259395980276194e-04
2.105655838062779660e-04
1.664660563821800815e-04
1.252382844945208870e-04
1.272313303909160980e-04
1.213745939053802045e-04
1.214244913232202355e-04
1.509474011577872899e-04
1.528920863832657605e-04
1.253694482147693753e-04
1.134090604480459400e-04
1.168837963875072765e-04
1.222427887842059200e-04
1.208815865943001352e-04
1.215487764501530291e-04
1.191518724792533390e-04
1.567789211791629470e-04
1.103496589025275610e-04
1.598528500956793565e-04
1.572255865256819585e-04
1.282918323542819297e-04
1.147288077562633423e-04
1.167078215318421535e-04
1.168437609319678596e-04
1.859169749594810953e-04
1.496436266461387374e-04
1.513438729711601399e-04
1.274360765819437802e-04
1.095848869105490580e-04
1.178608303760281917e-04
1.216093437849647503e-04
1.317051360901031355e-04
2.596683142473921136e-04
1.677789530044214634e-04
1.563253947016265716e-04
1.436329736801174729e-04
1.239485737298511709e-04
1.105825985885328729e-04
1.100419472721922719e-04
1.085444142033035558e-04
1.136397978795381831e-04
1.284239114546734410e-04
1.717139015414027707e-04
1.604062358253738861e-04
1.424887711699638195e-04
1.318915608701192572e-04
1.655558834964823364e-04
1.327135272893226799e-04
1.305836021977787101e-04
1.008872960422498488e-04
1.020745858032670318e-04
1.139832907291646699e-04
1.156046492784904960e-04
1.075152186806210185e-04
1.042081416946732362e-04
1.086349419266399474e-04
1.083122701836853366e-04
1.459425246705197646e-04
1.442829330658746984e-04
1.289053350531806617e-04
1.271638613090746964e-04
1.579656708054244551e-04
1.744476375946154157e-04
1.958665717393159910e-04
1.441565689876572222e-04
1.537644314683145818e-04
1.584117986365324879e-04
2.635597803034923003e-04
2.087902148357696015e-04
1.715283996761880075e-04
1.240386118944216949e-04
1.210232050572004642e-04
1.144855690654367263e-04
1.139573598953170868e-04
1.221805457478492550e-04
1.085531590959160634e-04
1.155527233883428057e-04
1.324320766919602997e-04
1.351488924895723729e-04
1.180528330668393082e-04
1.056815029975647762e-04
1.258471709055205060e-04
1.176357707138069779e-04
1.369230092839441410e-04
1.407687750179320650e-04
1.286476477657237812e-04
1.202769312334971326e-04
1.080847376336654020e-04
1.064877140904880201e-04
1.219303433835092557e-04
1.300393127732806702e-04
1.322117141292740786e-04
1.553790339837885523e-04
1.146853779209777735e-04
1.072402032635485131e-04
1.167664527181639414e-04
1.336671721138473910e-04
1.589960861989917721e-04
1.189089590399008598e-04
1.352060462037722190e-04
1.048186981158020630e-04
1.104577154102217754e-04
1.338861976465624179e-04
1.722894432087842924e-04
1.417782902070838518e-04
1.899575353470734317e-04
1.335860737082031065e-04
1.098475796041182342e-04
1.146669639921229730e-04
1.281166865697337415e-04
1.383052352401945365e-04
1.126791852422886407e-04
1.396731249729378304e-04
1.277389258353246542e-04
1.154352781142935935e-04
1.139201279470904025e-04
1.200799052215491676e-04
1.112906075367290140e-04
1.111949871928017135e-04
1.072663401525157184e-04
9.960401712709831385e-05
1.177140765745813704e-04
1.461356478588034789e-04
1.961018125035075745e-04
1.175814085743493456e-04
1.370128700768368001e-04
1.177806288210882045e-04
9.318565629655495340e-05
1.066909165820106859e-04
1.110771973617374881e-04
1.385999577016466301e-04
1.395436258624411390e-04
2.340758616466903153e-04
1.296385190087474186e-04
1.137705670488584335e-04
1.330286163526276690e-04
1.470612200985973138e-04
1.489797874172735671e-04
1.622227845170224779e-04
1.225851208437234077e-04
1.063046732775142566e-04
1.109436627141096481e-04
1.034810157984288162e-04
9.849053597362298761e-05
9.437923193521177137e-05
9.892527670470169210e-05
1.063106213566950632e-04
1.866718604125910442e-04
1.259996936035653002e-04
1.053197048410462860e-04
1.027680165781122174e-04
1.091822177921939195e-04
1.059359984032602750e-04
1.321417234268867349e-04
1.137619266389972613e-04
1.137014131786094780e-04
9.650225169025361863e-05
1.011509632614130766e-04
9.972855439021562410e-05
1.093710079375240582e-04
1.138869352224800387e-04
1.001922845413597858e-04
1.719955199385165396e-04
1.120138225249118282e-04
