7.355291648043527086e-02
4.843384154968791849e-02
4.590496856305334439e-02
4.460980397131707881e-02
3.861197882228427358e-02
3.162389208873112728e-02
3.008187197976642038e-02
2.708808706866370347e-02
1.930228683683607449e-02
1.763448626630836208e-02
1.723549372620052783e-02
1.639527480635378023e-02
1.584861216445763998e-02
1.545149008019102918e-02
1.485824304736322807e-02
1.423184821175204305e-02
1.461305931624438947e-02
1.371859107580449856e-02
1.286124575883150142e-02
1.235277749184105107e-02
1.188926929814947998e-02
1.209991793665621089e-02
1.234480672412448417e-02
1.186482826040850813e-02
1.134677355074220281e-02
1.073008558402458769e-02
1.071501101884577041e-02
1.067731808871030807e-02
1.142473260561625154e-02
1.058373807412054876e-02
9.678503337005773741e-03
9.539439044892787656e-03
1.036449175741937373e-02
9.753992673423556026e-03
9.321011971268389207e-03
9.664976067013211422e-03
9.646397928396860388e-03
9.146097645991379047e-03
9.018136151134968637e-03
9.663314525451924264e-03
8.876802385267284698e-03
9.102300173706478689e-03
8.366523985233572519e-03
8.953388819677962282e-03
8.651864346530702132e-03
1.014386793391572165e-02
8.650368799765904837e-03
8.712050070365269863e-03
8.430881198081704997e-03
7.831967232955826946e-03
8.091410609583059646e-03
8.164847302767966331e-03
7.924058629820743618e-03
7.366813061137993807e-03
8.050027030209700590e-03
9.610227098067601614e-03
7.962256827288204108e-03
7.904372492598163435e-03
8.370070635444587862e-03
7.531998523821433096e-03
7.609376342346271284e-03
7.405898502717415607e-03
7.062214782668484528e-03
7.159531650443871735e-03
7.160406729413403178e-03
7.781023921238051748e-03
7.110292100244098440e-03
7.102780791206492195e-03
7.494267107297976696e-03
7.193284514877531545e-03
6.991182822320196610e-03
7.859273008588288020e-03
6.882440371231900340e-03
7.042891881946060362e-03
7.054036520421505009e-03
7.010113118837276933e-03
6.795183113879627729e-03
7.145909828444321592e-03
6.832228365043799094e-03
7.031966131180524514e-03
6.300411416838566821e-03
6.288076382544305343e-03
7.380321127259069185e-03
7.176528366075621800e-03
6.547136801398462623e-03
6.209135657797256944e-03
6.869140697850121581e-03
6.206434013115035356e-03
6.199903964168495575e-03
6.500841238432460666e-03
6.298472537762589071e-03
6.905985449751217940e-03
7.192839752468797691e-03
7.148952815267774381e-03
6.615629030598534598e-03
5.857918752978245013e-03
6.459388706005281949e-03
6.354305524792935866e-03
6.491788772659169357e-03
6.588950968450970128e-03
6.333283065921730196e-03
5.896045176519287834e-03
5.846857979065841864e-03
6.009510378870698728e-03
6.278830766677856619e-03
7.187407099538379099e-03
6.385020938598447160e-03
6.521353876839081076e-03
6.306029082172447120e-03
6.294537232153945595e-03
5.996780803220139872e-03
5.736257239348358655e-03
5.834207218140363520e-03
6.160787263264258518e-03
6.257762031422721243e-03
6.144603675024376890e-03
6.163659455875555339e-03
5.919578071269724490e-03
6.169851451284355873e-03
5.837506246235635299e-03
5.971102215763595192e-03
5.929437693622377492e-03
5.659237646808226892e-03
5.770993479010131343e-03
5.817887116637494686e-03
5.748510416597127533e-03
6.055777279867066189e-03
5.817528905140028662e-03
6.057965300149388208e-03
6.042234777576393524e-03
5.797903624673684392e-03
5.746651378770669533e-03
6.506003561533160034e-03
6.133453084362877443e-03
6.200487112833393856e-03
6.159763009183936988e-03
5.830775778740644733e-03
5.779513834665218897e-03
6.198229415135251240e-03
5.764774808453189230e-03
5.942898529271285063e-03
6.543761516610781433e-03
6.137601671119530949e-03
5.932448934763670002e-03
5.565423547393745680e-03
5.819800614068905940e-03
5.702478693177302424e-03
5.985189258224434157e-03
5.602919339305824364e-03
5.431722456382380611e-03
5.737123903301027082e-03
5.548453210956520547e-03
5.844751797202560502e-03
5.538597593290938217e-03
5.551805030554532797e-03
5.425349295967154747e-03
5.636330687751372505e-03
5.588251126723156950e-03
6.280800133115715077e-03
6.170296228180329259e-03
5.388820146520932435e-03
5.437541262557109463e-03
5.711135543468926108e-03
6.078604031354188815e-03
5.718951705429288664e-03
5.342987072136666862e-03
5.518630748200747949e-03
5.537340719666746305e-03
5.987938315504127106e-03
5.873851422220468903e-03
5.694923812730444748e-03
5.622884589764807171e-03
5.562094967398378484e-03
5.935421826110945896e-03
5.411877054721117228e-03
5.772728299101193873e-03
5.767158064991236011e-03
5.372731325527031927e-03
5.261912588030099973e-03
5.116876241647534684e-03
5.630748350587156184e-03
5.634740423411130870e-03
5.923074436270528778e-03
5.931498064763016456e-03
5.439102939433521772e-03
5.290380523850520163e-03
5.369580890983343194e-03
5.258707110252645173e-03
5.217524288843075619e-03
5.393863595608208196e-03
5.754144235203663936e-03
5.396085658835040461e-03
5.332298183606730586e-03
5.210488403422965271e-03
5.926768877026107780e-03
5.557768419384956707e-03
5.508982951028479867e-03
5.506416010773844578e-03
5.542920153174135493e-03
5.434399408598741127e-03
5.843187098701794688e-03
5.493396003213193816e-03
5.433002615140543681e-03
5.376842793905072491e-03
5.326957474980089334e-03
5.420426598025693092e-03
5.459058144026332667e-03
5.425106932719548150e-03
5.160931100447972535e-03
5.212971965471903217e-03
5.184347656451993198e-03
5.068439948889944154e-03
5.689512176646126414e-03
5.324124263392554686e-03
5.103280564977063366e-03
5.587520305481222249e-03
5.282204329139656915e-03
5.325471990638309255e-03
5.270691716836558086e-03
5.487295149101151237e-03
5.488535482436418186e-03
5.237830157081286089e-03
5.086768168128199055e-03
5.018958114087581843e-03
5.303713515814807364e-03
5.362297406213151034e-03
5.524812717404630098e-03
5.220795051298207298e-03
5.151683797852860819e-03
5.117801943173010994e-03
5.042122238212161378e-03
5.394099998391336907e-03
5.442876337716976917e-03
5.250214056836234079e-03
4.945650876810153349e-03
4.883793733186192303e-03
5.034240113778246963e-03
5.045093773967689911e-03
5.034783722625838648e-03
5.014128585656483887e-03
5.086097475141286919e-03
4.908241983503103430e-03
5.201551280915737291e-03
5.327972318563196051e-03
5.568171186993519858e-03
5.299753815763526103e-03
5.347037865883774201e-03
5.043522301647397968e-03
5.178135529988341784e-03
5.269046287155813336e-03
4.935411558383040985e-03
5.388925604315267237e-03
5.047644219464726342e-03
5.231602962853180126e-03
4.911317423813872998e-03
5.509367504467566935e-03
5.535511426213714399e-03
5.331628262582752131e-03
5.164714708096451203e-03
5.008690272354417335e-03
4.881607194741567103e-03
5.460963487211201173e-03
5.025855197260777237e-03
5.004602794845898657e-03
5.247251018881797686e-03
5.224737166944477471e-03
5.183687632282574578e-03
5.060180421504709668e-03
5.120915764321883751e-03
5.083937013728750953e-03
5.058123140285412066e-03
5.179514512419700935e-03
5.060540052751700234e-03
4.822395963387357022e-03
4.947750197930468781e-03
5.246931302050749681e-03
5.168176314069164792e-03
5.080510237150721690e-03
5.611686522348059182e-03
5.121735690368546708e-03
5.078260886172453366e-03
5.019626470489634354e-03
5.057438545756869422e-03
5.567703708592388126e-03
5.641913225667344323e-03
5.066839026080237861e-03
4.764461838122870802e-03
5.344358210762342049e-03
5.014487463566991848e-03
4.918340096871058262e-03
5.236685449878374608e-03
5.157225152684582516e-03
5.184656033913294208e-03
5.241090245544910257e-03
5.097065979821814412e-03
5.027559062259065112e-03
4.985391323765118489e-03
5.158059350732300402e-03
4.794903815620475337e-03
4.809646532974309538e-03
4.737757556140423203e-03
5.038985424778527622e-03
4.852551819963587566e-03
5.075970954365200544e-03
5.048410748648974981e-03
4.863399846686257584e-03
5.099961654179626346e-03
5.198193962375322920e-03
5.054130001614491087e-03
5.054092556238174057e-03
5.306192942791514502e-03
5.010533988889720285e-03
4.937413877083195873e-03
5.311424477646748028e-03
5.082937704606188545e-03
5.047666902343431877e-03
5.263355384684271360e-03
4.709678921434614501e-03
4.703893001294798260e-03
4.973082337528467178e-03
4.937580449299679500e-03
4.875692524429824266e-03
5.205509786804517029e-03
5.711894333362579207e-03
5.428170096129178793e-03
5.276896560357676597e-03
4.831079990706510160e-03
5.002051504949728278e-03
4.747721621145804816e-03
4.793099448498752344e-03
4.906530394736263734e-03
4.861783488757080544e-03
4.758401132292217756e-03
5.086870042400227707e-03
4.864666726854112618e-03
5.004870711515347313e-03
4.841891324354542434e-03
4.862170641620954144e-03
5.058966111391782761e-03
4.930204653905497988e-03
5.011130165722635192e-03
5.169682537929879557e-03
4.835257497098711076e-03
4.799523631938629881e-03
4.708771828768981878e-03
4.659202564507722993e-03
5.710384938865899727e-03
5.048982306487030669e-03
5.362704338298903903e-03
5.373861812469031898e-03
4.987570262617534687e-03
4.813241277717881898e-03
4.834544708331426147e-03
4.843539465218782772e-03
4.819552169905768658e-03
4.676607145617405446e-03
4.767418122953838780e-03
5.088882722581426418e-03
5.176439860628711219e-03
5.032341594083441366e-03
4.676336199045181066e-03
4.557937216013670245e-03
4.718136087887817194e-03
4.631394031975004724e-03
4.649689267906877491e-03
4.879640073825916059e-03
4.633682670278681595e-03
4.852692232363753702e-03
5.540759689691993756e-03
5.117451544437143229e-03
4.867003694590595064e-03
4.850805589101381092e-03
4.604896091752581910e-03
4.896624967869784781e-03
4.872670107417636370e-03
4.675467722117901057e-03
4.703645470241705172e-03
4.768603474108709488e-03
4.717264458951022678e-03
4.924605985482533553e-03
5.008752085268497120e-03
5.399187579751014293e-03
4.958923512862788326e-03
4.972017061793142234e-03
5.378998989860216649e-03
5.623090147144264514e-03
5.017588353819317504e-03
4.824580539845757694e-03
4.814274097896284292e-03
4.882070965444048130e-03
4.614167418330907856e-03
5.120467454608943446e-03
4.926719769007629687e-03
4.847135138180520657e-03
4.667517039924859792e-03
4.495843317773607142e-03
4.780099294665786890e-03
4.749734387215640875e-03
4.611473278039031516e-03
4.769575090871916619e-03
4.912212675230370751e-03
4.808679535571071598e-03
5.247401272257168695e-03
4.845203847313920599e-03
4.692300346990426786e-03
4.785634100230203893e-03
4.574368155250946311e-03
4.850605651736259599e-03
4.723613845805327456e-03
4.737960977686776418e-03
4.981015839924414837e-03
4.790046086741818650e-03
5.134902108046743643e-03
5.076454002410173832e-03
4.770344812422991007e-03
4.677059377233187300e-03
4.841529621432224921e-03
4.560532845142815060e-03
4.714600754280885361e-03
4.723995334158340685e-03
4.640243105176422751e-03
4.912560333808262993e-03
4.662378403461641709e-03
4.542540916138225471e-03
4.827690215574370787e-03
4.761040918529033453e-03
4.598566553451948445e-03
4.654205300741725594e-03
4.781175419274303999e-03
4.684810708794328975e-03
5.009861273898018851e-03
4.926227981017695934e-03
5.093804962105221400e-03
5.041302074160840772e-03
4.610875168194373749e-03
4.847592461026377191e-03
5.009121625787682150e-03
4.713519323203298542e-03
4.560933545645740050e-03
4.524548869166109509e-03
4.487891683561934415e-03
4.602638189163473122e-03
4.811763119780355057e-03
4.658656132717927528e-03
4.611269781986872263e-03
4.683509113060103576e-03
4.711866620928048879e-03
4.585242194847928381e-03
4.668061869839827162e-03
4.772091826630963339e-03
4.863266932467619381e-03
5.280017302268080921e-03
4.685900437956054890e-03
4.423334476434522163e-03
4.686551228579547389e-03
4.715755118264092390e-03
4.790400626758734536e-03
4.700350693116585668e-03
4.590829217599497712e-03
4.589768958588441410e-03
4.764243482301632263e-03
4.571402716553873112e-03
4.572982995046509340e-03
4.532229808262652586e-03
4.280113844821850817e-03
4.369601311369074488e-03
4.409116572803920865e-03
4.585633666978942112e-03
4.470648788329627948e-03
4.662162630508343529e-03
4.774439390748739034e-03
4.773036431935098398e-03
4.745220744775401588e-03
4.588246080610486853e-03
4.455142307819591474e-03
4.444108234925402481e-03
4.629143836597601584e-03
4.755066248277823281e-03
4.990199709104166728e-03
5.078145249022378294e-03
4.881207781533399882e-03
5.163282892770237019e-03
4.874044477732645229e-03
4.626316568917698650e-03
4.893455741306146356e-03
4.871748526477151335e-03
4.564552286432849160e-03
4.588435958657000220e-03
4.608913540012306645e-03
4.618092636681265725e-03
5.400784767957197453e-03
4.726987402472231092e-03
4.746024039470487371e-03
5.223339591175317487e-03
4.636579913397630148e-03
4.547708580891290930e-03
4.794598103811343812e-03
4.594969467984305785e-03
4.806601901849110771e-03
4.915422646121846151e-03
4.656965769827365806e-03
4.723163607219854968e-03
4.560079723596573154e-03
4.481032929486698790e-03
4.602067741668886512e-03
4.867203105241060292e-03
5.039341813988155658e-03
4.821952074352237917e-03
4.662555551363362603e-03
4.464386714001496691e-03
4.670754159904188900e-03
4.550590765559011340e-03
4.611246354050106341e-03
4.521281458437442780e-03
4.796128944597310290e-03
4.450581565292345380e-03
4.423737559053632883e-03
4.423026784012715033e-03
4.403188060969114026e-03
4.967517724467648485e-03
4.866996571007702228e-03
4.690076327986187309e-03
5.044145613080925315e-03
4.550596843991014731e-03
4.447966356658273474e-03
4.957692750419179575e-03
4.547516819503572352e-03
4.636335486753119690e-03
4.709724469317329992e-03
4.801446754071447658e-03
4.601503496782646981e-03
4.768856323013702728e-03
4.502572028173341089e-03
4.500877319110764205e-03
4.593269661482837773e-03
4.861975312232971400e-03
4.420870099630620949e-03
4.490581599788533509e-03
4.861761435038513927e-03
4.725588903658919579e-03
5.796397563277019653e-03
4.572935615562730323e-03
4.759176973667410097e-03
4.521136434955729672e-03
4.533111076388094025e-03
4.527102839201688905e-03
4.602972314589553506e-03
4.528921703911489849e-03
4.389688095284833072e-03
4.384850720978445381e-03
4.513564429556330033e-03
4.390136905842357065e-03
4.630605791591935541e-03
4.687203806307580628e-03
4.773164047963089109e-03
4.637081999745633863e-03
4.651810845567120808e-03
4.882065415796306776e-03
4.893812899374299849e-03
4.468502007010910146e-03
5.260719857696030156e-03
4.625176892926295344e-03
4.475511558767821668e-03
4.461820367723703072e-03
4.559423039770789041e-03
4.479172693358526858e-03
4.677644475466675479e-03
5.028570285066962658e-03
4.478931845062308556e-03
4.639506942282120225e-03
4.311372176226642601e-03
4.533009135888682421e-03
4.696902692731884203e-03
4.341633837256166431e-03
4.286151004748211570e-03
4.370717350393533290e-03
4.373750586269630099e-03
4.365922175347805231e-03
4.707346726208924866e-03
4.535270776185724301e-03
4.322489785651365685e-03
4.423358931930528905e-03
4.219314073108964246e-03
4.469134149452050168e-03
4.979176206721200142e-03
4.820439943836795325e-03
4.450326410846577353e-03
4.627294749435450875e-03
4.365846171147293869e-03
4.658903636866145587e-03
4.519839510321616884e-03
4.390672826104694178e-03
4.926332036654154818e-03
4.371717646718025277e-03
4.371195899115668665e-03
4.343242764266000942e-03
4.504117284797959711e-03
4.225728472487794325e-03
4.285744701822598486e-03
4.566864287480712319e-03
4.331537023600604865e-03
4.702237031112114357e-03
4.616985859142409658e-03
4.333806333856450241e-03
4.303487580683496017e-03
4.234846246739228451e-03
4.502338624248902396e-03
4.294075845844215478e-03
4.346461583756738509e-03
4.516903389659192997e-03
4.469359098002314602e-03
4.406692247009939660e-03
4.572948769976695541e-03
4.678741068475776414e-03
4.927263336463106810e-03
4.690033083574639099e-03
4.395796590381198347e-03
4.783972036093473747e-03
4.684669555475314863e-03
4.520615889794296800e-03
4.884544466104772178e-03
4.398730705595679108e-03
4.540418489939636662e-03
4.347331666698058157e-03
4.834360426498783558e-03
4.554493628028366027e-03
4.528636379788319663e-03
4.297412111320429023e-03
4.192766609291235201e-03
4.573720181360841144e-03
4.164066176033682544e-03
4.363663424220350084e-03
4.392103765987687841e-03
4.381050229486492358e-03
4.448189503616756767e-03
4.632336732207073537e-03
4.403548379325204244e-03
4.241703086429172292e-03
4.274121520833836646e-03
4.663260868853992894e-03
4.549981589532560607e-03
4.566966475298007110e-03
4.659195281565189223e-03
4.425655849691894662e-03
4.504050922890504363e-03
4.589790890200270979e-03
4.398704227060079748e-03
4.441427921669350611e-03
4.349114187061786478e-03
4.519460358553462412e-03
4.563232854836517076e-03
4.388644310335317912e-03
4.363714334451490248e-03
4.302308913320302547e-03
4.495130838412377677e-03
4.240484635035197264e-03
4.180173253019650939e-03
4.266116714311971037e-03
4.517707555658287757e-03
4.628028151475721032e-03
4.477848164323303647e-03
4.638129489289389770e-03
4.338668850767943459e-03
4.193067937675449414e-03
4.442792952888541605e-03
4.281248615847693673e-03
4.305273638003401931e-03
4.390024650428030195e-03
4.409720620347393899e-03
4.346639954795439992e-03
4.412096796764268178e-03
4.515975937247276514e-03
4.561594097564617388e-03
4.438561921318372010e-03
4.327272081540690929e-03
4.556280059946907907e-03
4.454504826830492717e-03
4.427261159030927359e-03
4.150963407009839595e-03
4.348247763183381472e-03
4.217522040837340912e-03
4.614228266808721550e-03
4.540096537934409232e-03
4.364426686531967803e-03
5.025321489406956929e-03
4.630851342032353025e-03
4.517487854593329848e-03
4.433377178178893145e-03
4.266704343673255288e-03
4.585905066794819171e-03
4.529036550472180164e-03
4.193963934150006685e-03
4.860316533595323250e-03
5.007146491358677350e-03
4.360888219541973407e-03
4.225139309548668967e-03
4.258929135070906556e-03
4.416371124486128535e-03
4.347972712583011989e-03
4.377125923832257161e-03
5.220232183734576162e-03
4.365230260623825798e-03
4.354364931997325994e-03
4.276219831986559881e-03
4.230681500501103261e-03
4.209618634647793560e-03
4.305766856090889952e-03
4.381462335586548164e-03
4.970423049396938651e-03
4.479338613649208947e-03
4.665580925842125956e-03
4.805543546875318262e-03
4.576062695640656722e-03
4.291198237074745660e-03
4.279660787433386092e-03
4.078945140871736638e-03
4.291644533061318885e-03
4.475203162680069582e-03
4.396947202169232752e-03
4.256016868684027107e-03
4.258222795195049440e-03
4.257447260121504339e-03
4.260408402317100024e-03
4.473825295766194372e-03
4.401091889788707329e-03
4.300301600661542503e-03
4.325455282297399617e-03
4.367025357981522971e-03
4.302405864000320539e-03
4.557921005826857594e-03
4.272342512591017528e-03
4.118901441494624178e-03
4.325309948374827726e-03
4.443089130024115499e-03
4.407537066274219185e-03
4.237621755649645730e-03
4.322147178981039332e-03
4.185479165365298473e-03
4.114497770658798008e-03
4.213037838538487984e-03
4.253171729958719373e-03
4.133911159717374405e-03
4.101699779017103746e-03
4.154100340480605495e-03
4.252243206525842603e-03
4.108704730040497154e-03
4.357133940276172041e-03
4.628562219440936903e-03
4.687565616849395655e-03
4.639859741760624795e-03
4.200453220142258415e-03
4.322252670923868931e-03
4.208085795657501987e-03
4.196757514857583395e-03
4.054084563006957360e-03
4.215142950415611510e-03
4.122730176895857135e-03
4.258839120674464719e-03
4.132978017959330029e-03
4.143152076544033037e-03
4.056672159996297343e-03
4.507811816616190924e-03
4.394552622818284279e-03
4.293139812846978598e-03
4.341549150024851152e-03
4.399083757566080860e-03
4.409180734720494904e-03
4.439523306985696319e-03
4.250098415133025942e-03
4.139983730597628260e-03
4.277870410846339178e-03
4.225077728430430384e-03
4.270662899232572675e-03
4.232184657206137547e-03
4.245994449075725721e-03
4.340101824038558598e-03
4.306944138887856127e-03
4.496117927547958575e-03
4.310222090118461143e-03
4.304063771333959711e-03
4.157192858142985149e-03
4.356213323771953964e-03
4.380274294979042901e-03
4.385277059757047326e-03
4.599252564625607408e-03
4.752771363904078998e-03
4.347565203077263622e-03
4.400246760083569020e-03
4.320779231687386576e-03
4.384943062646521304e-03
4.376584086567163363e-03
4.271564324282937572e-03
4.252164080325099987e-03
4.123549797675676171e-03
4.246948464877075592e-03
4.155253900421990686e-03
4.112608889117836883e-03
4.059258237895038354e-03
4.255443388182255683e-03
4.148309361189603597e-03
4.357431191537115313e-03
4.297634766747554166e-03
4.175461921840905796e-03
4.221095093008544671e-03
4.127619226152698037e-03
4.221004133837090271e-03
4.314480823361211553e-03
4.261913570678896486e-03
5.141221218638950333e-03
4.408471947535872425e-03
4.254194092419412605e-03
4.346566720762186538e-03
4.206785015347931471e-03
4.295553573303752259e-03
4.423212320026423915e-03
4.382426047490702373e-03
4.184003524068329039e-03
4.091647294246487758e-03
4.323777850303384997e-03
4.130887885888417932e-03
4.221394763638575826e-03
4.076929582903782504e-03
4.505596333700749925e-03
4.245779867180519973e-03
4.048841115501192016e-03
4.121174845430585799e-03
3.986952538705534378e-03
4.458127021789551163e-03
4.235181425594621366e-03
4.155550123088889818e-03
4.437377403179804808e-03
4.234192644556363481e-03
4.385041865623659670e-03
4.376502403368552098e-03
4.114349833172228910e-03
4.128522522126635251e-03
4.269336832480298549e-03
4.046419507099522847e-03
4.393478729244735918e-03
4.090554164722561697e-03
4.049694583647780663e-03
4.042160020520289831e-03
4.150371738812989875e-03
4.124052397285898203e-03
4.279220468468136057e-03
4.189557319300042139e-03
4.224766044773989662e-03
4.060845106012291386e-03
4.241457083779904581e-03
4.246189933684136990e-03
4.442731065468655781e-03
4.480070299986336178e-03
4.261880144476890529e-03
4.105604624168740675e-03
4.223705886138810241e-03
4.279181644734409047e-03
4.370010760095384764e-03
4.072406855929229172e-03
4.093794076600008880e-03
3.891851083478993674e-03
3.978584030022223710e-03
4.059573885881238506e-03
4.107550759282377166e-03
4.357870125936137186e-03
4.308984060254361474e-03
4.179612309154537124e-03
4.103815261688497501e-03
4.051289020313156991e-03
4.531114070365826162e-03
4.354422661579317524e-03
4.286707776288191558e-03
4.073384749806589419e-03
4.051768790102667182e-03
4.793457407504320318e-03
4.485295532892147330e-03
4.268536010964048971e-03
4.313381428105963686e-03
4.106518556881282381e-03
4.001268955568472972e-03
4.023573069522778066e-03
3.967309821810986910e-03
4.127554107043478540e-03
4.125722721219062840e-03
4.157033738576703351e-03
4.217123941828807357e-03
4.015790135082271742e-03
4.026553297622336054e-03
4.152987125433153792e-03
4.170256416416830494e-03
4.090322929744919477e-03
4.045740070028437836e-03
4.343498791050579531e-03
4.211531703670819658e-03
4.226742085690299820e-03
4.032867186599307929e-03
4.025569603674941307e-03
4.088423908170726873e-03
4.334005337829391347e-03
4.061229588049981507e-03
4.174541657169660198e-03
4.236590476292702474e-03
4.134820813520087221e-03
3.988394784844583561e-03
4.270207430753443154e-03
4.080825527716013847e-03
4.061067365109920398e-03
4.029080968143211421e-03
4.234405499365594995e-03
4.147813516772455751e-03
4.286284893751144721e-03
4.081412653128306187e-03
4.100882290965980614e-03
4.174278535776667839e-03
4.227622832275098989e-03
4.443993137942419888e-03
4.074843031250768334e-03
4.620733310778935704e-03
4.770256316082344822e-03
4.168740835868650109e-03
4.017181274377637674e-03
4.040183331817388812e-03
4.431859513537751184e-03
4.290580844713581636e-03
4.099675321744548212e-03
4.447740438497728953e-03
4.151734978788428586e-03
3.986436569442351231e-03
4.011410058786471326e-03
4.016053115742074242e-03
4.176685974622766466e-03
4.016440512819422805e-03
3.910533003509044508e-03
4.269920285377237432e-03
4.359650197956296824e-03
4.106504523919688419e-03
4.166536207000414403e-03
4.289618579463826131e-03
3.934824489470985405e-03
3.814430742835005043e-03
3.927794643160369657e-03
4.030433232999510243e-03
4.120431080874469368e-03
4.151380181105600656e-03
4.034367046422428910e-03
4.268244604269663851e-03
4.261879536012808459e-03
3.987029875732130482e-03
4.019916541874408306e-03
4.217387357105811460e-03
4.433711804449558085e-03
4.622643502015206379e-03
4.057417437434196299e-03
4.492509282297558158e-03
4.131658433212174325e-03
4.072330304318003830e-03
4.253927823156118150e-03
4.101072500149408745e-03
3.957744806797967863e-03
4.099339749664068257e-03
4.080970984780126105e-03
3.995292635841501960e-03
4.185663503077295157e-03
4.091232028893298546e-03
4.107196579376856845e-03
4.013922797102067140e-03
3.964561877979172998e-03
4.077545998411045806e-03
4.022607265247239196e-03
4.230555962357255943e-03
4.108487779481543624e-03
4.081250654740465646e-03
4.021516758948564738e-03
4.229385960433218634e-03
4.165619731777244449e-03
4.216080581148465810e-03
4.104744605720043148e-03
3.978009200137522239e-03
4.112480489744080314e-03
3.953945601565970157e-03
4.091030535184675063e-03
4.072871193703677707e-03
3.964609400265746778e-03
4.158392249503069585e-03
4.055338235985901305e-03
4.167513151963551411e-03
4.052497439293398056e-03
3.931617758547265896e-03
3.902343194931745616e-03
3.963066153228282824e-03
4.042397317373090139e-03
4.253046309782399295e-03
3.970774921278158627e-03
4.026654248850213176e-03
3.997319930543502542e-03
4.198780982858604446e-03
4.027521737540762023e-03
4.034410218397775985e-03
4.445000288801060490e-03
4.281527683552768457e-03
4.309738574342594775e-03
