9.709446840816074453e-02
5.646981209516525185e-02
4.604187091191609682e-02
4.260560424791442341e-02
2.952549561858177143e-02
6.201716404822137964e-03
3.749267145370443685e-03
2.615376090010007246e-03
2.253057819066776359e-03
1.979719057368735640e-03
1.774526602174672767e-03
1.673642660801609320e-03
1.618119439938002155e-03
1.568994886345333488e-03
1.555728223174810375e-03
1.884419640215734618e-03
1.525402970405088455e-03
1.402405673224065051e-03
1.365743862051102802e-03
1.395442793145775830e-03
2.029028508501748082e-03
1.511878543015983444e-03
1.195679999267061514e-03
1.107118009693092717e-03
1.160884222740100500e-03
1.040893424974961455e-03
9.991235110080904248e-04
1.139581032718221332e-03
9.891088433667189535e-04
8.975115252865685078e-04
8.531691397850711895e-04
9.711255438418852455e-04
1.035927246428198232e-03
9.835970106845100345e-04
1.009584599847181043e-03
8.928226053507791991e-04
1.038227060602770922e-03
9.014647203083667052e-04
8.128096002878414106e-04
7.687605242244899403e-04
9.351901735903488241e-04
1.038315483472413521e-03
8.535659494292404444e-04
6.588030557355119233e-04
6.506994961657457761e-04
8.836681990780763949e-04
7.936417368344134571e-04
8.956244577550226101e-04
7.573924288671049845e-04
8.015840904166300629e-04
1.476015500310394468e-03
1.068197259575956329e-03
7.738104550581839441e-04
7.078387727960943916e-04
6.366369526626335616e-04
5.898471898399293726e-04
6.476197712537315552e-04
5.941061313367552261e-04
6.072377923151684983e-04
5.956612480804324324e-04
6.324134146173794558e-04
7.166678031596045119e-04
7.199932171756194370e-04
7.840791287728482049e-04
5.948575099723206255e-04
6.228476485961840798e-04
5.887109656921691268e-04
5.409705760474834693e-04
5.706274861262904639e-04
5.867942207906809513e-04
6.425103594342039710e-04
6.252391351800826039e-04
6.191605070812834311e-04
7.484471052885055195e-04
7.711790077802207870e-04
7.705366712373991562e-04
6.738676793045467271e-04
7.953718113195564713e-04
5.890353652648627498e-04
5.118104494694206879e-04
6.340405458791388690e-04
8.052970815656913329e-04
6.591866641408866819e-04
5.253172696878512325e-04
5.491775062142147286e-04
6.013575758940229625e-04
4.616626533162262579e-04
4.997385655426317191e-04
5.528848059475422252e-04
6.320829492890172501e-04
5.274254378552238522e-04
6.162517087068408858e-04
4.519439852123873186e-04
4.512960621569719628e-04
4.357787993891785506e-04
5.621680632854501652e-04
6.946265596585968639e-04
6.129003986198868718e-04
9.448814148911171846e-04
8.978333463892340357e-04
7.236252062850528259e-04
4.880503844469785560e-04
5.446324070605138489e-04
5.008423731972773754e-04
7.061001549785335656e-04
8.715540253453784355e-04
9.861305317220589537e-04
7.681013804136051139e-04
5.639240285381674246e-04
4.520944505929946639e-04
4.111201710636830831e-04
4.599711108797540455e-04
5.105330558338512948e-04
4.815276670787069289e-04
6.311295103902617599e-04
6.566490492938707778e-04
4.091200121264490551e-04
3.687538132847597259e-04
4.876669379882514585e-04
4.344124878601481271e-04
6.452755509720494017e-04
4.487185490628083713e-04
4.591529820269594771e-04
7.135575528567036398e-04
7.969480633942617508e-04
7.227199814385837535e-04
6.328575613184107135e-04
4.936868518901367910e-04
5.846735744530127911e-04
4.784213935231996823e-04
5.017932946793735114e-04
5.151183383228877819e-04
3.811494136850039020e-04
4.280873685557809016e-04
4.205006855126056401e-04
3.957453240743941916e-04
4.835608221280078274e-04
3.918549528397205560e-04
3.672049903414315725e-04
4.320854754445867165e-04
6.207960435292786622e-04
5.695946755198141127e-04
4.595784798988865631e-04
5.221944258341358787e-04
3.999699790599859348e-04
3.353722359881632694e-04
4.095997548817346696e-04
5.108981962419218825e-04
5.148722411185089340e-04
4.925044142227206307e-04
4.386258777230978121e-04
5.279383385398735834e-04
4.815831387208567961e-04
4.696697571004430265e-04
4.920162198444207307e-04
3.503421844086713447e-04
4.302668229987223979e-04
4.724483530864947620e-04
5.002858882976902316e-04
3.997716897477706093e-04
3.766280267801549704e-04
3.620802950010531293e-04
3.642017715093162091e-04
4.642324990385936212e-04
3.393782592482036766e-04
4.524798715849303568e-04
3.625638398807495746e-04
3.919115838491254544e-04
4.124821797530684266e-04
3.546769614331424128e-04
4.142949144200732455e-04
3.480633123156924775e-04
4.396518265518049146e-04
6.110392609197232887e-04
3.541668116425474391e-04
3.183747768505580146e-04
3.356904476984507737e-04
3.976794437039643700e-04
4.122652374725374949e-04
4.290432004361516630e-04
4.380373478246231693e-04
6.104556551306611822e-04
4.540889395866543098e-04
4.812204284179541925e-04
4.284683386019120708e-04
3.914473495549625659e-04
4.380592771081460828e-04
3.656496339115417570e-04
3.459650816188918196e-04
4.009765549562871326e-04
3.830049300773276486e-04
4.268872564555042199e-04
3.256411978509276932e-04
4.145725907033516173e-04
3.619720409106877163e-04
3.233611531969573811e-04
3.535389441013750151e-04
3.874369837447173143e-04
3.769610506585902628e-04
3.740796811568240137e-04
3.288618607136110689e-04
2.975729188053972333e-04
2.862155916065805476e-04
3.720878615664939331e-04
3.888097340758475771e-04
4.064753044965780174e-04
4.806941672642197705e-04
4.626693703337675834e-04
4.305031365301045993e-04
4.310709739931755866e-04
4.032015746148924018e-04
3.640453670070403335e-04
4.206432340045770045e-04
4.075300075217253449e-04
3.420443982920713145e-04
5.403881952063076515e-04
5.177218185013366530e-04
3.898448511285500478e-04
3.345536576428761034e-04
4.129728500265628121e-04
3.543185475023670158e-04
3.084943034789628573e-04
3.240597614138904562e-04
2.814114092487014079e-04
2.855646792644013780e-04
3.331463719304237269e-04
3.497755220935990167e-04
3.061435304375158370e-04
2.912062719567782404e-04
3.004533286568605204e-04
4.335422156792548146e-04
4.222191865038540720e-04
3.925355878244671704e-04
3.512161306571215218e-04
2.974631884394006746e-04
3.550211254817744002e-04
3.409084694511774313e-04
3.028445680522256220e-04
2.731738549967607094e-04
2.816027873713109375e-04
2.678000885579320963e-04
2.541598967379993983e-04
4.198068517467213830e-04
4.847792427365978725e-04
5.669602653425601319e-04
3.382988113702999457e-04
3.298424033629190791e-04
2.823227214523487609e-04
2.749416845229764512e-04
2.723972093210452121e-04
3.967105615366664376e-04
6.147147343856178931e-04
4.317162692960765523e-04
2.988657859774927175e-04
2.727334725204855139e-04
2.799821849395003632e-04
3.888300202217780848e-04
3.710336903006666138e-04
6.106367624468273664e-04
5.036327488616936356e-04
3.413936679458452837e-04
4.479659506533708951e-04
3.404359172822700409e-04
2.946900222579845307e-04
2.668451739009469574e-04
3.409817390557792695e-04
2.725444375796036802e-04
2.777824136945936280e-04
2.456923391825209285e-04
2.721364074386656219e-04
2.840763609856366959e-04
2.734451699588034143e-04
3.371789841912686738e-04
2.503296057693660194e-04
3.134940430108043813e-04
3.860082298827668154e-04
3.405674496510376569e-04
2.764013203300742729e-04
2.891364158131182085e-04
2.653041445753640567e-04
3.083001811885171650e-04
3.707424851341380168e-04
3.951104003418650767e-04
3.521111346263852389e-04
3.536870619023425627e-04
5.154237427955700489e-04
3.937027230858802947e-04
4.583173819507161957e-04
4.655781275747965047e-04
4.337538672714597726e-04
3.411478516904430298e-04
2.660104518549309769e-04
2.794424293097108537e-04
2.478731847885582242e-04
3.621028163211627358e-04
3.171597783350282277e-04
2.711487543355259821e-04
2.474715844598702336e-04
2.648582645795411416e-04
2.737050533242937748e-04
2.315202297823917420e-04
2.690801500446266719e-04
3.238463748453392055e-04
2.879988673117218748e-04
3.324415058725410112e-04
3.648102280890775989e-04
3.933630976825952291e-04
3.480117215723213292e-04
2.646402796057777270e-04
2.942895439789733987e-04
3.317354710048271487e-04
2.794368215836584590e-04
2.715327096585598370e-04
2.551365817069179234e-04
2.469227390570773151e-04
2.186185790924355301e-04
2.779569042225678538e-04
3.392036308327482869e-04
3.756121172207511124e-04
3.078798194312386814e-04
2.355203607455930875e-04
2.277428301749750853e-04
2.283263948952986126e-04
2.494619826837960190e-04
4.036005718323091500e-04
2.584868555681573278e-04
2.559569382315708317e-04
4.290405547039376211e-04
5.655888995776573802e-04
4.193957898921022798e-04
4.276319290511309884e-04
2.698235063710146533e-04
2.666818796812246229e-04
2.549455998491288841e-04
2.439516234961855716e-04
2.501062745512980310e-04
2.290169150930725973e-04
2.478640982493137248e-04
3.004512531010226982e-04
2.853124014412363406e-04
2.847375469799670925e-04
2.929436502098623418e-04
2.717128452948397834e-04
2.279747981164190467e-04
2.582511169991145300e-04
2.573347076152761748e-04
2.722164661261356660e-04
2.474258312334616842e-04
3.093513105866602586e-04
2.481877332967188390e-04
2.633580715498990300e-04
3.489994105055100205e-04
3.012633445258769763e-04
2.901294246678136910e-04
4.016690101060602547e-04
2.863057619995541033e-04
2.738734625098813037e-04
2.291286807869457437e-04
2.568451441927916703e-04
2.397835311583346868e-04
2.562270070322685781e-04
3.110567353562348190e-04
3.070316329184505410e-04
2.828722270593667901e-04
2.692357701663341835e-04
2.583726295011325213e-04
2.550147675598661112e-04
2.322826639283448338e-04
2.261606153721610680e-04
2.324420777666900007e-04
3.282004369733234196e-04
2.638329622439212390e-04
2.277056326986187055e-04
2.575335236421476032e-04
2.343591840084021402e-04
1.990486635541957301e-04
2.266570381147579947e-04
2.705150215317391545e-04
2.486953469148526423e-04
2.122345861668388099e-04
2.695898257661611080e-04
2.772769066763834602e-04
2.834397359725294692e-04
2.901231250466985686e-04
3.354230150580405929e-04
3.101779577425784634e-04
3.515015949960797982e-04
3.364052729577654013e-04
3.613238108421986511e-04
2.840743497169266325e-04
2.416678017470985770e-04
2.467682119458913586e-04
2.899609059871484981e-04
2.351135077575842525e-04
2.314624297691302100e-04
2.792346283483008573e-04
2.378263937619825295e-04
2.405719728105598068e-04
2.539679612446990348e-04
3.496858762163254858e-04
3.259186868348882995e-04
2.715657665652947269e-04
3.157858858402404754e-04
2.474548359815445476e-04
3.784381155855953867e-04
2.684756261037869328e-04
2.590039157075807257e-04
2.448757215946291855e-04
2.937380273619459733e-04
2.647674351464957216e-04
2.502788453906153589e-04
2.198641864298325440e-04
2.287787070963531602e-04
2.286103848988811269e-04
2.529819336228279693e-04
2.430883944422627615e-04
3.196400722178320249e-04
2.985949371941387632e-04
2.533671011527379347e-04
2.993454176208211318e-04
2.200541989360418654e-04
2.499702887143939929e-04
2.386589732486754623e-04
2.042662604556729378e-04
2.350507922367089280e-04
2.743759368442826941e-04
2.249360623924682426e-04
2.441841843796686970e-04
2.326881360366112755e-04
2.533089753706007957e-04
2.251970123810072765e-04
2.136372676533129528e-04
2.179994307354920309e-04
2.637512377178710525e-04
2.826221151432643406e-04
2.430259321893875693e-04
2.263744872632539947e-04
2.303109307023179302e-04
3.161843974764148532e-04
2.775824736777899844e-04
2.675857053448756399e-04
4.363101472457249735e-04
2.936868283561327444e-04
2.559711872729369237e-04
2.861300707122103925e-04
3.105228186015867773e-04
2.689031154538194346e-04
2.122015825524512346e-04
2.761051389906141705e-04
2.465203108214255819e-04
2.563954252077059871e-04
2.567119648059209354e-04
2.679097206176568949e-04
2.239940576772722841e-04
3.071947729525466948e-04
2.294260463936047463e-04
2.315083694540792073e-04
2.340913155219621195e-04
2.420972061938502797e-04
2.306264505669888539e-04
2.303012792900618650e-04
2.002024686791830472e-04
2.870978294716527057e-04
2.194064721697941553e-04
2.213732418345494524e-04
3.364847231811533205e-04
3.091446850319496428e-04
2.327010079493952994e-04
2.250935873275415763e-04
2.241487581179373739e-04
2.238756793344186410e-04
2.421025431249290716e-04
2.632888895459472960e-04
2.793981045639763305e-04
2.833073812588635674e-04
2.367774585986302891e-04
1.962935168477189193e-04
2.467338425210780341e-04
2.734889972230626523e-04
3.259010719678675063e-04
2.661257395003404974e-04
2.260249538812786417e-04
2.575962048851781236e-04
6.083238018780119313e-04
3.277252877726116319e-04
2.088194463350292736e-04
2.156169642694294583e-04
2.356658247299492381e-04
2.695995755493641138e-04
3.349730814807116834e-04
4.051090582894782384e-04
3.603893055373595948e-04
2.433961091123314463e-04
3.009742409146080552e-04
2.244214110800789514e-04
2.033583753897498026e-04
2.046240853249198840e-04
1.941783027076679697e-04
2.506742021068930626e-04
2.516832387643969755e-04
2.211757511314418716e-04
2.097793306327528371e-04
2.157839004778199855e-04
2.046383610771348137e-04
2.373647115503748272e-04
2.977690035994681912e-04
2.608709656245385687e-04
2.133375318953767495e-04
1.934573909319523249e-04
1.852986895634482257e-04
1.800102803907874444e-04
1.943705626763403329e-04
1.980944111063662389e-04
2.263824962493446110e-04
2.595775600962547881e-04
2.546435597145723056e-04
2.711780519328183545e-04
2.302181035823499156e-04
2.111096927223520155e-04
2.311100707285933936e-04
1.842559840426676672e-04
2.047757377537588307e-04
2.822291800597061836e-04
2.129734000320442826e-04
2.085974632710632301e-04
2.626728725671354436e-04
2.368364741818772289e-04
2.056245492874748070e-04
1.915772850366516292e-04
2.308856715292980255e-04
2.154694809966410153e-04
2.077687331216616787e-04
1.875638675280950083e-04
1.970436735751314255e-04
1.926346639326463139e-04
2.055706817191094117e-04
3.103918729660411734e-04
2.226415464085423391e-04
3.762364691485547562e-04
3.306619731140219773e-04
3.005561377439234182e-04
2.411719998862180516e-04
2.327451618233074618e-04
2.619960510896311864e-04
2.681861026212573138e-04
2.497226675041019786e-04
2.429352172960837729e-04
2.142212160914722520e-04
2.345689590502944154e-04
2.358034191679002378e-04
1.902361390724157330e-04
2.127839332549936286e-04
2.221061070708350990e-04
2.396192888004912229e-04
2.160584808896399143e-04
1.817900008366753531e-04
1.805593689075774499e-04
2.150476096560143685e-04
2.417997131124138800e-04
2.287731861643907199e-04
2.327883343160566307e-04
2.170504784832398093e-04
2.152617169647581092e-04
2.125216503110196817e-04
2.033363994107478085e-04
2.451369876507669622e-04
1.959025130296747005e-04
2.625031046853918424e-04
2.747016262987421681e-04
3.312537896757324594e-04
2.241520073342447613e-04
2.010741893253806560e-04
2.337588059405485720e-04
2.281849950345026109e-04
2.373708448269301054e-04
2.434433391317725301e-04
2.171678424605892892e-04
4.077470002488957639e-04
2.232453147492681879e-04
2.121812562432346999e-04
1.827272809653853304e-04
2.016218746494915864e-04
2.052389453294583513e-04
1.895259523169240889e-04
1.720357847969151326e-04
1.694948885900278803e-04
1.923473699328800035e-04
1.859039505426254445e-04
2.339897703172431919e-04
1.910844319111978083e-04
2.297626324515375930e-04
2.130422406157271695e-04
1.874653636736588365e-04
2.444599672324127460e-04
1.985985673187921484e-04
2.527312626544799966e-04
2.524162358086969949e-04
2.704932707517097488e-04
2.352855176044007276e-04
2.367776557285752523e-04
2.000860505116482579e-04
2.991991863948189516e-04
2.373180623787144784e-04
2.313620355238931109e-04
1.987188705889922173e-04
1.757419677192552170e-04
1.785299884957364887e-04
2.298092575640314176e-04
2.128587097912612895e-04
3.429587749350402151e-04
4.024937662244256744e-04
2.878765359572652287e-04
2.633059576490066173e-04
1.950521110686370099e-04
1.968644442968070453e-04
2.152050135191529978e-04
2.035014097216642588e-04
2.131286004765166103e-04
2.192668565031555066e-04
3.405819792533293150e-04
2.247227943088445361e-04
1.994886051397770719e-04
1.872477853774196519e-04
2.000170102756884281e-04
1.887814912738071513e-04
2.063762886165123938e-04
1.849903651357938904e-04
1.858635955593652305e-04
2.132024315910206898e-04
2.038431357747564753e-04
1.953751428259743468e-04
1.937663773100616136e-04
1.734353539844354008e-04
1.814270846080035015e-04
2.015257748361263103e-04
2.156738275920765135e-04
1.812413786279244590e-04
2.399543980653915081e-04
2.476066065072599293e-04
2.132614370849397376e-04
2.169884611955947250e-04
2.248044719453901009e-04
1.836193380101273389e-04
1.963373524550762338e-04
2.164258973466025575e-04
3.483035899181332793e-04
2.607018213408688625e-04
1.913151068017921624e-04
1.992019467676679322e-04
1.925608548077030414e-04
1.753172046220344065e-04
1.882125712129184027e-04
2.121422302702234784e-04
2.212391353289907170e-04
2.050477482326742550e-04
1.924115181383159420e-04
2.454545638627476023e-04
3.914859116129163494e-04
2.618458277235428348e-04
2.128583366801548255e-04
1.783670334973268962e-04
2.301836113393720712e-04
1.932952144933450537e-04
1.943239772744062999e-04
1.931612290597210227e-04
1.931485484561158651e-04
1.764683566418372835e-04
2.053721622926079531e-04
2.193031022842559458e-04
3.563598045406656369e-04
2.601960099612672986e-04
2.077938281258361150e-04
1.757049151799744977e-04
1.665260816096431811e-04
1.765317118649060600e-04
1.809389506363206471e-04
1.961642320060895525e-04
1.927597559471097349e-04
2.355708890698022314e-04
2.821276140295796955e-04
1.973771477221614797e-04
1.991328835073444639e-04
2.013210192995352967e-04
1.918890332389209120e-04
2.455527613508618682e-04
2.107634943806462719e-04
1.978916012578540312e-04
2.921324829933130023e-04
2.097432486092050820e-04
2.028135620316283611e-04
2.457473324870483545e-04
2.060240143651349679e-04
2.438637010184013202e-04
1.937738511090477441e-04
2.126293577020987760e-04
1.781634816951635828e-04
1.818194477042804158e-04
2.088356179754353255e-04
2.858666126202378133e-04
2.951171018260841453e-04
1.867314091780119601e-04
1.577915843679673262e-04
1.619592609737689206e-04
1.821434241719544042e-04
2.153874618104762426e-04
1.816093165608536773e-04
1.845106650661263099e-04
1.879726133645615699e-04
1.895486002710337480e-04
1.735479045116032279e-04
1.641046724075244487e-04
2.000582504034456198e-04
2.031289976245413101e-04
1.618349677624387854e-04
1.757328749711935657e-04
1.770361948810103808e-04
1.904934553507094705e-04
2.370613702158961059e-04
2.352654734729892679e-04
2.540550618949863619e-04
4.430055310432281677e-04
3.187752013198203349e-04
2.628813603789442082e-04
1.818242269412924720e-04
1.657406541441256895e-04
1.611306717515819558e-04
1.735755210069732455e-04
1.870915543339732702e-04
1.907213111149354148e-04
2.206041929700101466e-04
2.784561311515668797e-04
3.541335489393936348e-04
2.526461780588659710e-04
1.951710129570629997e-04
1.751263698356019254e-04
1.776796593589501203e-04
2.055674552037898152e-04
1.759972801664844155e-04
1.586200554286026215e-04
1.790376502968784938e-04
2.694269154583000593e-04
2.537335299550451981e-04
2.343894393157420911e-04
2.263283697215633203e-04
1.648733020475548060e-04
1.612281582654557220e-04
1.943262670344362664e-04
2.304588905018236831e-04
2.214963130083763066e-04
1.920822798921209226e-04
2.149713962312994788e-04
1.740568005091821233e-04
1.809358321285496206e-04
1.970866116850326390e-04
1.708499442449667386e-04
1.979415978874183473e-04
2.168109886244767230e-04
2.155223575472417876e-04
2.440926166147821359e-04
1.661286377606706419e-04
2.110934455413371205e-04
1.923539336227501342e-04
1.678573369928118184e-04
1.762856283716650416e-04
1.804777011663342631e-04
2.013796750300874208e-04
1.801490837371804647e-04
1.887786537796879804e-04
1.845873949221438963e-04
1.885699514403111428e-04
1.690097030950710091e-04
1.856963045429438472e-04
2.030557324178516821e-04
2.601884383087356705e-04
1.901534133745978240e-04
1.750266581722017720e-04
2.199485021022458777e-04
1.868680899497121486e-04
1.801174302171501909e-04
1.784156249939567536e-04
1.973768238288660761e-04
1.772857256906314009e-04
1.617577484446681155e-04
1.821546047641378206e-04
2.253166690287697576e-04
2.233161221698133430e-04
3.230701421853155049e-04
3.609980212058872136e-04
2.024472900666296460e-04
1.641379722989060920e-04
1.942233869987022496e-04
1.797828603432410335e-04
2.056343919442345583e-04
1.956396692872254420e-04
1.762874506595027045e-04
1.579553326074448021e-04
1.579060939709759411e-04
1.640574544823417938e-04
1.666166353970766068e-04
1.743915605927921081e-04
1.684884407505807030e-04
1.746986886589891414e-04
1.601425891405799343e-04
1.805469736508611236e-04
1.993697182559925731e-04
1.767748230809552924e-04
1.732258753488875001e-04
1.955642651430227581e-04
1.944429511463062672e-04
1.883589776439799194e-04
2.502433717664745210e-04
2.231050495498089438e-04
1.826628196674088644e-04
1.723027843076528859e-04
1.658921850483036694e-04
1.674671914790653519e-04
1.686744318188478553e-04
1.711761307281752355e-04
1.643711600788972564e-04
2.259800872222209836e-04
2.098892291542142630e-04
1.673479113055186050e-04
1.780355849768966469e-04
2.010626586464544141e-04
2.148043646270202263e-04
3.285207885265764506e-04
2.547650031434993000e-04
2.251410506303525765e-04
2.287695120968338553e-04
1.821219527240221648e-04
1.652214755045457140e-04
1.694748847512528354e-04
1.626739888969394934e-04
1.643598253010875780e-04
1.897761140329142491e-04
1.745283317157170894e-04
1.777231419045064212e-04
1.712697958444348576e-04
1.952462953825791756e-04
1.720934807478139881e-04
2.003423934285011496e-04
2.107007071996728445e-04
1.920735398178092298e-04
2.112814416694972115e-04
1.669352992515390219e-04
1.829374884255230492e-04
1.667747551821068843e-04
1.482625941409625820e-04
1.486396177723589822e-04
1.532073485820243687e-04
1.671400323458429931e-04
1.878199543312398861e-04
1.796511969425612090e-04
2.320121025614854280e-04
1.942938884409765269e-04
2.216048546445866560e-04
1.964332184029949973e-04
1.852709302006082378e-04
2.019683200503802833e-04
2.206924825441092242e-04
1.901141794062116100e-04
1.616661479541411060e-04
2.179374026470920977e-04
1.755660079005691616e-04
1.555615236672262239e-04
1.639912378353377100e-04
1.772410745939446747e-04
2.109476729917029590e-04
1.828307530377060132e-04
1.743946132612311285e-04
2.017825199032409424e-04
1.961074870390196536e-04
2.078520364335013860e-04
1.928491166068447952e-04
1.712478586058649769e-04
1.562070165527984424e-04
1.459401645438952483e-04
1.555212040612887988e-04
1.759385772877269211e-04
1.815833198553365251e-04
1.842351695005264487e-04
1.804157127238189141e-04
1.912672067474987701e-04
1.578049541502777177e-04
1.717289639378173497e-04
2.297271077986806718e-04
2.519566078101181114e-04
2.306002991584439968e-04
1.757444534450769544e-04
1.758743809639579613e-04
1.996863632100737780e-04
2.122324200657506809e-04
2.124856049582982956e-04
2.365417788840002355e-04
1.782140636350959431e-04
1.922554216192414269e-04
1.910124635065181401e-04
1.991549724092086268e-04
1.682187107831446707e-04
1.513571604543055170e-04
1.629299146588891810e-04
1.515604228350437449e-04
1.758792137520180806e-04
1.845658029843535758e-04
1.761620817059237091e-04
1.535485739198823904e-04
1.773736371089600821e-04
1.972328562341216479e-04
1.975522677983260851e-04
1.954558824137267014e-04
1.520392720380590976e-04
1.699833584845893868e-04
1.681905704835015851e-04
1.713230369043432959e-04
1.594078230361143864e-04
1.731366401589993001e-04
1.888674804164717472e-04
1.932044557502700312e-04
2.027369862318866760e-04
1.830962290599321242e-04
1.924279391662114130e-04
2.822708451033880328e-04
1.914680266701098907e-04
1.921608110165430431e-04
1.672817623087515502e-04
1.979214870112223836e-04
2.051967159948415325e-04
2.106229931167844373e-04
1.872181044503425627e-04
1.720944455721312163e-04
1.566235533553279164e-04
1.477080434819476459e-04
1.874868555589475543e-04
1.764230672011358927e-04
1.807844819914963526e-04
1.588002299993402494e-04
2.120728380072654936e-04
2.443234663870599518e-04
2.109702332462701658e-04
2.114165895101096965e-04
1.761322383147974889e-04
1.428707327512610274e-04
1.470839045941829812e-04
1.515360671975132540e-04
1.700569818624191683e-04
1.975311561384134810e-04
2.393819723511114836e-04
1.919759509878026025e-04
1.917931837184975530e-04
1.885969381287900864e-04
1.611960463277581780e-04
1.836624750608785385e-04
1.961589916997278857e-04
1.595390585458113112e-04
1.701711481049036066e-04
2.329926664889272613e-04
2.151508250325504142e-04
3.999484739162855688e-04
2.423615579027682467e-04
1.635846610750175197e-04
1.563450807265730311e-04
1.532712515715199263e-04
1.508721894222415114e-04
1.525147177097904943e-04
1.460028636372751683e-04
1.512753925312103397e-04
1.864741430229817809e-04
1.595904035235030862e-04
1.490674559803058827e-04
1.521018750241233354e-04
1.565364859480824805e-04
1.484032508192790784e-04
1.507908637480189482e-04
1.455299305315646801e-04
1.702245893991655840e-04
1.817754403843233957e-04
1.917995011899620208e-04
1.511262635338223579e-04
1.554608634129787600e-04
1.500592098778320675e-04
1.670167160530885151e-04
1.840415869891229663e-04
1.899614776225967661e-04
1.677006470789719041e-04
1.503564293185869827e-04
1.741943312420820146e-04
2.429132309690531654e-04
1.689216891019087725e-04
1.605965985476763666e-04
1.752064534230157841e-04
1.750291783052186200e-04
3.442390428649054544e-04
4.527432484448784111e-04
2.936678077094256618e-04
1.856259132424990376e-04
1.603620554346384271e-04
1.704600166865727958e-04
1.651755412523117313e-04
1.707875460205185837e-04
1.792375484688414481e-04
