1.408865085037218079e-01
1.776000111467308448e-02
3.617542729609542554e-03
2.130060173157188701e-03
1.395639527278641923e-03
1.195755838416516720e-03
1.091699446034100291e-03
1.034449635901384936e-03
1.123093461048685912e-03
1.003698279770712156e-03
9.009920285704235698e-04
8.488444013831516165e-04
8.168255462725129831e-04
8.240336666090620609e-04
7.724501334855126203e-04
7.855493986668685841e-04
7.052358591722118026e-04
6.974378766285048914e-04
8.199414114157359268e-04
7.258330192416906530e-04
6.880614684066838939e-04
7.249274037571416460e-04
6.918503289731840191e-04
6.954098389380507792e-04
6.233470879184702541e-04
6.345776947111719368e-04
5.917302865741981294e-04
1.037881361424095126e-03
1.029300220414168391e-03
6.257294586652683080e-04
5.548057613325201509e-04
5.016985156625095119e-04
4.601082793023023487e-04
4.474004960825873683e-04
4.830593208316713810e-04
5.030904514973776618e-04
4.361793847702857547e-04
5.081981348080767723e-04
6.209956792493661172e-04
6.435954883798128889e-04
6.044172612018883489e-04
6.185916844858891251e-04
4.042667171193493848e-04
3.980445297848847030e-04
3.653235240684201421e-04
3.563163390693565441e-04
6.993816301433576372e-04
7.325932868601133787e-04
5.964182407802177390e-04
4.200902435049000795e-04
4.203530809738570059e-04
3.435925709911518615e-04
3.050366941735976303e-04
3.164583150970025111e-04
3.597190678637060719e-04
6.788959659429060628e-04
5.679613140980816020e-04
4.228508438811533839e-04
2.990343861488832110e-04
2.674127767224692407e-04
2.981079991958621557e-04
4.286968379488422074e-04
5.308472773888045070e-04
7.390748543871773725e-04
8.962222889790104384e-04
8.059796897901429355e-04
3.761471807956695752e-04
2.593277861726367081e-04
3.278920124284923012e-04
3.472050871803528962e-04
2.572709556099855464e-04
2.554791586266623405e-04
2.458111446402553072e-04
2.210261221302466247e-04
2.244918827070958151e-04
2.461195513347370803e-04
3.529782749764207505e-04
3.590358130814921703e-04
2.868554748905201681e-04
3.349958873069327765e-04
2.430896023805770496e-04
6.951946333154208294e-04
6.976732818616761429e-04
4.911351657938212373e-04
2.227705018594861074e-04
2.837566244286588704e-04
2.486508089350536531e-04
2.223550528287887693e-04
2.999290906720691310e-04
3.494277578364643998e-04
3.385363435760761308e-04
2.327531206214593395e-04
1.716215804400336319e-04
1.684790504320214308e-04
1.880201479394195908e-04
2.013327833265066082e-04
4.143564633947486816e-04
2.534212640279697197e-04
1.594471809868183395e-04
1.537345653115254444e-04
1.837399526913133002e-04
1.658051373669877551e-04
1.688909037814786019e-04
2.292126862125264315e-04
3.434668322249005462e-04
2.221080795344379229e-04
1.750222407281398882e-04
3.748798615480255754e-04
1.675331087446668189e-04
2.062554215081036178e-04
1.761224005733513093e-04
2.409642712316579344e-04
2.044699071363235607e-04
9.022821822307176224e-04
3.833159326265255743e-03
7.510515038544932596e-04
3.175856943966613765e-04
2.014527732454654281e-04
2.474897385885317940e-04
1.758250183451713882e-04
1.693620168629826855e-04
1.752952205586350573e-04
1.500334214263906020e-04
1.616873280403928492e-04
1.736560957376948771e-04
1.968221610877662886e-04
2.059825252379394122e-04
1.753928362288408830e-04
1.589392035061286466e-04
1.331559694113416817e-04
1.430150581937697073e-04
1.418011378134704267e-04
1.649115438986983580e-04
1.334275758644151895e-04
1.306212564102477520e-04
1.967453387462430659e-04
1.756228132742560519e-04
2.156972700160824557e-04
1.480170603220661517e-04
1.325203610273699038e-04
1.172520036278809901e-04
1.225696521901732574e-04
1.104173581633302896e-04
1.358337839095232304e-04
2.116303162701013946e-04
1.507355703506618673e-04
1.832255060111896770e-04
2.106364846177813095e-04
1.727714844875865544e-04
1.610366005398746999e-04
1.882999167234326323e-04
1.403485453920438831e-04
1.312828911533061855e-04
1.421612326521426374e-04
1.089542331950118175e-04
2.890343925294776967e-04
6.962568049008647326e-04
8.092035626113000882e-04
2.662805122478554393e-04
2.335524784737370201e-04
1.251421012825125576e-04
1.126648693267876840e-04
1.458305009226832207e-04
1.878753510148574793e-04
1.361356007530250547e-04
1.231142093699115047e-04
1.043998050994964167e-04
1.054748437470859931e-04
1.040591065409696782e-04
1.278907010176529404e-04
1.456228615198698303e-04
1.552849547846967253e-04
2.429882846061243650e-04
2.083969464163399525e-04
1.497913401625636470e-04
2.171568183823385193e-04
3.692937123640958018e-04
1.136992848154881803e-04
1.308846653490844782e-04
2.046920595199076636e-04
1.148744387319311543e-04
1.062391464236295930e-04
1.321491280881067153e-04
1.154366340940921721e-04
1.016299526802160727e-04
1.618436465246809888e-04
1.672358475884215751e-04
1.352197366456190774e-04
1.118590544016721328e-04
1.211459382385429354e-04
1.675623443184627451e-04
1.250933424388576010e-04
1.364838648199414228e-04
1.255518816308014900e-04
3.037126706395712017e-04
1.008418469120644966e-03
4.714788724150922633e-04
3.048442672782888268e-04
2.305230825246932711e-04
1.430765782586402278e-04
1.232002505760950426e-04
9.967128888496922477e-05
1.380183530919667763e-04
1.067354546911600629e-04
1.283907934298945757e-04
1.869287082485647728e-04
1.700730262220733640e-04
1.293883090127362996e-04
1.020323223524933869e-04
1.033398641933066180e-04
1.293887294984112245e-04
2.377169230021536426e-04
2.835203702044155672e-04
1.982530065773365358e-04
9.628149402690016712e-05
1.147028273165536438e-04
1.217534683140305245e-04
1.032791617197088033e-04
1.337542835648895942e-04
9.278752410965453862e-05
1.519019107217900498e-04
1.101143703110412541e-04
1.095658409435095018e-04
3.614198845914668389e-04
6.388968402623302180e-04
1.788975283529402479e-04
1.337719922109196580e-04
9.865940849219138550e-05
1.269371574097830514e-04
9.186712446131018828e-05
1.916237267950135817e-04
1.492842204687702906e-04
1.317294106572969845e-04
1.064512050490722865e-04
8.472615135057519494e-05
9.824594075325875986e-05
1.004000795526533519e-04
1.150161399143851429e-04
1.094232816507832885e-04
1.146083563475662666e-04
1.309501176001504140e-04
1.020265207625925557e-04
2.590124549654623104e-04
2.261679702334933918e-04
1.488058228925284330e-04
8.913969119829643544e-05
9.278977584067938918e-05
9.733530424354183415e-05
1.029304155640097093e-04
1.300764808871058989e-04
1.041242629030926417e-04
1.004172708295906580e-04
1.092419129822196170e-04
1.501435667483343140e-04
1.557787024002108283e-04
3.189480369393196549e-04
2.271715911208755528e-04
2.316649361617035467e-04
3.045135098768191138e-04
1.531104615423828472e-04
1.486150578906138785e-04
8.848549164314236629e-05
1.010347136373942095e-04
1.486281316222933468e-04
1.069128227471891394e-04
8.419405850064423018e-05
1.191192834327618348e-04
2.935881350034226750e-04
1.633331276631603602e-04
1.334821280195481216e-04
1.638124788425759384e-04
1.039031025720760205e-04
1.121562073886808421e-04
1.324614758939585764e-04
1.230859847661728678e-04
9.447760996408760439e-05
1.305099943419918353e-04
1.787690219417628417e-04
1.100301273658664720e-04
9.844925380699957916e-05
1.125525725526838690e-04
1.222725062527590446e-04
1.516256089154113514e-04
2.047403564210981152e-04
9.902716058099435574e-05
1.514075944174287942e-04
9.077160088862809605e-05
9.342761771727560373e-05
1.748615679227643498e-04
2.284811989456001164e-04
2.365887902366618388e-04
3.261705293294249399e-04
1.571609701689643092e-04
8.580411347793415568e-05
7.911934058130201089e-05
9.097176283830777407e-05
7.867458454307376140e-05
8.465404185699298924e-05
8.037753461394459172e-05
9.105766728882575011e-05
8.374355400317452683e-05
1.016917670494876737e-04
1.045294424855253813e-04
1.336212186530853297e-04
1.289220667806350413e-04
1.128600097338979463e-04
1.040603027407390428e-04
1.109359127521100940e-04
9.830672885679329616e-05
1.697061316938036125e-04
2.707584544421277124e-04
2.266573784355488028e-04
1.460509320410589417e-04
4.676311212177905615e-04
1.987246739574604541e-04
1.810715052609642405e-04
1.083577899650360187e-04
8.082599721900705003e-05
1.143994626019977919e-04
1.212341326754540227e-04
8.239225222496315783e-05
1.305456758321573319e-04
1.080645240532855222e-04
1.457027629496426130e-04
1.184852642472833444e-04
1.421622613108613348e-04
1.199416628676570136e-04
9.745057594651977565e-05
9.179066808428614898e-05
1.101336135697137108e-04
9.712018137280312060e-05
8.080403909035441484e-05
8.800027849954656929e-05
7.396881442724002431e-05
7.787438672191152663e-05
7.394754609170679576e-05
8.006456117275068140e-05
9.106665141492461797e-05
8.458297971325615735e-05
7.723233187183117235e-05
1.007580393019856703e-04
1.375667710090055997e-04
1.521785490654616003e-04
1.420982713655879125e-04
1.664443755160189360e-04
2.713252834251357322e-04
1.372244649165723892e-04
9.127773900723291792e-05
9.727561283701409282e-05
9.336119582359161148e-05
7.749272232306085746e-05
8.349157320076806377e-05
7.137624808819964420e-05
9.590150419777879914e-05
1.032683723153443004e-04
9.830923492295874134e-05
7.090184304009502657e-05
8.727458499682446520e-05
1.141433191433962886e-04
3.538715268304157323e-04
3.105323576730572698e-04
1.115950264890367853e-04
8.340443329264720751e-05
7.027720085008897974e-05
7.186908468914528995e-05
1.172552725377803089e-04
1.376511327301462376e-04
1.431233824567041562e-04
1.225015978949765415e-04
1.146522185687596617e-04
1.045274350649884137e-04
7.345677230558875323e-05
7.601428476239864627e-05
7.047384566653312559e-05
9.272238052087939785e-05
7.430494303763326557e-05
7.481825250175057481e-05
1.645255739438450881e-04
1.638116285903379375e-04
1.890341803664341699e-04
1.568153602096976633e-04
1.011234502463291123e-04
7.718951690347038044e-05
7.043136723546518569e-05
1.056096386875853747e-04
8.262603459621055825e-05
7.351523795579042423e-05
7.924052919002457147e-05
7.902321108202966843e-05
7.387347076372760384e-05
8.858498334625943189e-05
8.614264946016999983e-05
8.166097469964167771e-05
6.955020039135382994e-05
1.590188019003512172e-04
1.361621353620042407e-04
4.274034692207351565e-04
2.004407644401200899e-04
2.866827584027002501e-04
3.546437537038905582e-04
1.868107305037685685e-04
1.093588570559707817e-04
7.801067048502671839e-05
7.288521356208043213e-05
7.142542560662452976e-05
6.731726064269120621e-05
6.573041254240606169e-05
7.932763921821283379e-05
7.461945419587815819e-05
6.794525517357720185e-05
8.087100745696160805e-05
8.247525369774343540e-05
6.381992664602067838e-05
6.614894457420127669e-05
7.268647026244758253e-05
9.437017763654390826e-05
1.936187191555897359e-04
9.876184401542155683e-05
7.002150222736721003e-05
7.239867635588679109e-05
7.227955314899898033e-05
1.051847159720232876e-04
6.999051292142313436e-05
6.275167947428094046e-05
6.569700651905602457e-05
6.410846890907528190e-05
9.895520873316046638e-05
7.509958962651176663e-05
7.657924107560473692e-05
8.079850153687100176e-05
8.606063408984078705e-05
9.540136748303970225e-05
1.691010267111576245e-04
1.121262226822889531e-04
1.006342285028141356e-04
8.187270752387121482e-05
9.152580696132240506e-05
8.527569130011316797e-05
1.174467397827862045e-04
7.322106995464612968e-05
6.958970306893914122e-05
5.947279067994612711e-05
6.797385324413578113e-05
2.185034865720404630e-04
6.136909253998762631e-04
1.951657690288912869e-04
9.408526313361815726e-05
6.856958451357462710e-05
8.390317719507341945e-05
7.776593349667058647e-05
6.683805533814140372e-05
8.019933651667088866e-05
3.248093441490911828e-04
8.454022327593216715e-05
7.330664443240191106e-05
6.524944314151070795e-05
7.356008708787461158e-05
7.373277443952650975e-05
7.696504365109527689e-05
9.800818069682767301e-05
6.982970749959349578e-05
6.781156313890176698e-05
6.461039735263006747e-05
8.016520535521623264e-05
1.309602738668521357e-04
7.177387842805020785e-05
7.182029845555208843e-05
7.735414585719506072e-05
6.453623516588575431e-05
1.020045200776722744e-04
2.026731438106960743e-04
8.768318201570461266e-05
7.213076667135788467e-05
6.823053538230144195e-05
7.040060442199723781e-05
6.056325115625643273e-05
6.615956006701000959e-05
7.596360849371800947e-05
8.382350445673284248e-05
9.645424990190400204e-05
7.494292364248798875e-05
7.198815599420210960e-05
6.624330753564007036e-05
7.453569136689314168e-05
6.343107077150812983e-05
7.077908861295630896e-05
9.927543171215802052e-05
1.101248065889295631e-04
1.721105775019774766e-04
6.457287778741577005e-04
1.653940824326127876e-04
1.334811746427375459e-04
9.512349177384749163e-05
6.962044911536698088e-05
6.365392353877218589e-05
6.490091102831583442e-05
6.159867590112197953e-05
6.941190070291567023e-05
6.861006317194550742e-05
6.918871112348925242e-05
6.415134643450276476e-05
5.947594170316329294e-05
6.938669588028764093e-05
6.111983293926136879e-05
7.606630152117254524e-05
9.964331260157955825e-05
8.386027430080705749e-05
6.124102795082662226e-05
6.229417194845155424e-05
7.089805926726614144e-05
5.982482595653790735e-05
8.581379784219381418e-05
2.316415035683247752e-04
2.066523108967683307e-04
1.053601768217049501e-04
6.118231359222489878e-05
6.344012107648369387e-05
6.314587768024971885e-05
6.161405426812254437e-05
5.835270787227070762e-05
5.794693104689940512e-05
9.087026649568644208e-05
6.861113045791474572e-05
7.524470323308682081e-05
7.795775102244483510e-05
8.513057882535374297e-05
8.312501934900258526e-05
7.778451543547109152e-05
7.371900894213467457e-05
1.147627992193318115e-04
1.168044092547562387e-04
9.222179258358664919e-05
5.900096814406828886e-05
6.834999907166801174e-05
1.020354235919916777e-04
8.777400698616272343e-05
6.245563000751037778e-05
6.035714031895622747e-05
1.435963716357946331e-04
1.361775343927244288e-04
9.144104732614424542e-05
6.149319482372246463e-05
8.170181225674848376e-05
9.700131955065040095e-05
1.065449012417553256e-04
6.761946398506147639e-05
5.803981065077500024e-05
6.168543642464403961e-05
6.336491270404722624e-05
8.166463330983080244e-05
7.512326200311589090e-05
6.082606851123273508e-05
7.507140664125068778e-05
6.609513222226976424e-05
7.138247679298122435e-05
6.252977211261167743e-05
6.582006443447123043e-05
7.576947166752587704e-05
7.332928274990991354e-05
6.565178728326120569e-05
9.564869597347245981e-05
1.474945367469141888e-04
7.629965014833335894e-05
6.957476400809052487e-05
6.681221070013836354e-05
6.331995148987820113e-05
1.148988728851286898e-04
1.175329420301649328e-04
6.449510634411126321e-05
4.104905195223788471e-04
1.104789707460440636e-04
7.885173519348932011e-05
6.199044878788602560e-05
5.980988836704960351e-05
6.115456321923476391e-05
5.719763956019758200e-05
6.161389065608899578e-05
5.350398087304913052e-05
5.618966640516494449e-05
6.239413603907450871e-05
5.484919335382680143e-05
6.224474539825071439e-05
5.643948747698838801e-05
5.621206663717101770e-05
5.344043039561560091e-05
6.111881333506769128e-05
5.693155499304541136e-05
5.387686299703394599e-05
1.215501657376686793e-04
2.105109204421751310e-04
8.219843426357127127e-05
6.485361620434560315e-05
6.304593931417912191e-05
5.591929701040499021e-05
5.517369281733408299e-05
6.478286810710818882e-05
9.813770341376463970e-05
1.008473617063524835e-04
1.286524338259672161e-04
6.750692299748253539e-05
5.677075552133222349e-05
5.356399090184519815e-05
6.381632397986120877e-05
5.924532054147372770e-05
7.764507725369185318e-05
1.055336294747475078e-04
7.702783558569435219e-05
6.883542742192124851e-05
5.245085922069847719e-05
6.315410497740635092e-05
6.844108545919880379e-05
5.767658836298828850e-05
6.125931628048420169e-05
7.714325077055643671e-05
8.008845680807199683e-05
8.587400057068508526e-05
6.290296513018094927e-05
9.796363786639025175e-05
6.249760520101214304e-05
9.741154098365870106e-05
6.759388627769011434e-05
6.549873196895027031e-05
5.612153745864310867e-05
7.783385853852248595e-05
6.448823968336607362e-05
5.547029889486212393e-05
7.188284950744774492e-05
9.371905212497545312e-05
6.208568559183429353e-05
6.585545134536610959e-05
1.009604244285987481e-04
7.920050851276351424e-05
6.174596809109466028e-05
6.254808977246284485e-05
7.290010094746118862e-05
7.692996066503433308e-05
8.042085809089864908e-05
5.887143242742038176e-05
1.074220661798285062e-04
1.073494497945325305e-04
5.339844039149789262e-05
5.304846602181593568e-05
5.110045815753336425e-05
5.433445515033478529e-05
5.633224760660798255e-05
5.112168233608826670e-05
7.337616365273586373e-05
8.588564983155164189e-05
6.901877364725805494e-05
5.536122887860983854e-05
6.425121761923138352e-05
5.076359184588202431e-05
6.646718782980719459e-05
8.890318218618631580e-05
2.411984655514566556e-04
8.602834300189795885e-05
1.527963019907474507e-04
1.262181251594382775e-04
1.304644360789097748e-04
7.317910265151617846e-05
5.843643574432159400e-05
5.684241455229413308e-05
5.223471603433912252e-05
5.330609820602047862e-05
5.503007938386872086e-05
9.574116375814708808e-05
6.871982202735833658e-05
7.686088152695446610e-05
6.289969806352423002e-05
5.979413205447296482e-05
6.500105761612455502e-05
5.621326175363113167e-05
5.660263166646473083e-05
5.257010149459044184e-05
6.080885047494019932e-05
8.565513363767725112e-05
7.056540214560098510e-05
8.973332039507416261e-05
5.747996815544967287e-05
5.561566948826010646e-05
4.966677531936309524e-05
5.538052229288344374e-05
5.316400370146665179e-05
5.707006964560908449e-05
4.956749275960545308e-05
7.186005706898867433e-05
7.946104152425605615e-05
9.372256431055979626e-05
1.320385654819094385e-04
8.936704498612218150e-05
6.072148386414887234e-05
6.272145514635162251e-05
5.434553037048317709e-05
4.857432585494179060e-05
5.018917898673357319e-05
5.176528958448519237e-05
6.017495593470003999e-05
4.988315924290671291e-05
6.361854100962066084e-05
8.031067541903920144e-05
1.187392804099039853e-04
6.452311772995420890e-05
6.124954043318413472e-05
5.871069570679941915e-05
5.036068460968736642e-05
4.825479380087927228e-05
9.912436608121626624e-05
1.136561136485801817e-04
6.486189396431048368e-05
5.682999413693323677e-05
6.364101679840435187e-05
5.885452779087548708e-05
5.385930940974503837e-05
4.823502505637912609e-05
4.987268361017211781e-05
5.375700592089237116e-05
7.621583842491317024e-05
5.228901152602500100e-05
5.907426117725360213e-05
5.929422367545258851e-05
5.918151475877190485e-05
1.081361360653924425e-04
7.692928031449102844e-05
7.148003584006801464e-05
5.463859523944039360e-05
7.302408530247501484e-05
6.079603313183826142e-05
6.396486750519316835e-05
6.944462918909266699e-05
5.589596037882276533e-05
6.890020656606389007e-05
5.146093666553497504e-05
4.753886943540742879e-05
5.309378152661439439e-05
5.983342699538399159e-05
4.661535802167943496e-05
5.134438253460555616e-05
6.841313420510333981e-05
1.152040171695666211e-04
4.818866854313657460e-04
1.207810642275338354e-04
7.624628961720089626e-05
4.983441487032299575e-05
4.660194004019204664e-05
4.841147162046076445e-05
4.819409019546583512e-05
4.655166597027952192e-05
4.724590156304960404e-05
5.257553650557787614e-05
4.868573567364364564e-05
4.710069923829804752e-05
5.163094101590104401e-05
4.446199459683460611e-05
4.637746321451332991e-05
6.122650649760745902e-05
1.385621613331346018e-04
5.490675976034253565e-05
5.064082823486791937e-05
4.763468220416042302e-05
5.249579720030952761e-05
4.715765887845514817e-05
4.471755350500138029e-05
5.483176436326983962e-05
8.040126749417847798e-05
8.638782277961986505e-05
6.905734280331267275e-05
5.596931802251169173e-05
4.881104672676883421e-05
5.091545194672006841e-05
5.593120932139249152e-05
4.779414967439758109e-05
5.226560166597159701e-05
4.873475236106767706e-05
4.710403269402579235e-05
5.778000520270627972e-05
4.970439221425395786e-05
5.509032575193688872e-05
1.461451465729624033e-04
1.425921069070075855e-04
7.527598551759082037e-05
6.408386116769785104e-05
5.587458314645725037e-05
5.121909851570510027e-05
6.942913650871358267e-05
8.200554220820777389e-05
5.120114921333475568e-05
8.591143750689095662e-05
8.493529328714227917e-05
4.826944061076372344e-05
8.971447047467033249e-05
7.236992314574308693e-05
5.286167684567367970e-05
4.652717440169201198e-05
4.744552687043323815e-05
4.575912378236858514e-05
4.981188650061894017e-05
4.567094344464648405e-05
4.946027204924676813e-05
4.758161214542471986e-05
5.144143216764657630e-05
5.166578145387272221e-05
4.835582658415660398e-05
5.198283635157471101e-05
4.997405820176936523e-05
9.289674218355988933e-05
5.944430187810212130e-05
1.391856958960286576e-04
8.122790213544956795e-05
1.253962343778564819e-04
6.712930173509650369e-05
6.915976222242332775e-05
6.063021834254161149e-05
5.237874164271892993e-05
4.697650192408925834e-05
5.568087272371889657e-05
4.939620263434739769e-05
5.493782706455224024e-05
4.925817322348141159e-05
4.711431732478862098e-05
5.319214529461331067e-05
4.579519582977000707e-05
4.844614611809245535e-05
4.433798678089968071e-05
5.450323369586840543e-05
6.856294749822053325e-05
2.854275296623300985e-04
9.928333760601365217e-05
1.141556465558500719e-04
6.842958276845617779e-05
4.975896044116880936e-05
5.107525805619338594e-05
4.625947213046149506e-05
4.902970902751096653e-05
5.063596391765814764e-05
4.692551744584408228e-05
4.714505755045037065e-05
6.747891062534310956e-05
7.100404442300916209e-05
5.197498117922804924e-05
4.836319906947513512e-05
4.436432537558074443e-05
4.604222131699012906e-05
4.942928545966019977e-05
6.365752675467067499e-05
4.965544353278043388e-05
5.367172849623279496e-05
5.943889972210550967e-05
4.519233106596705715e-05
4.321152886000668780e-05
5.417448416766192928e-05
1.095092076866421876e-04
5.883852432210309063e-05
5.496680759178060820e-05
4.910872387376406957e-05
5.283812992274761390e-05
5.989984997237722097e-05
6.471484650521435822e-05
7.851535881248612801e-05
6.088531871985954308e-05
5.917464848607778387e-05
9.208813139897150009e-05
5.311512798976359903e-05
5.574744906172983839e-05
4.779290770077042881e-05
4.596034789250956644e-05
7.155654098217686541e-05
6.081971595348376292e-05
4.386433320986624616e-05
4.462539153690967220e-05
4.508673268396200571e-05
4.957627184921875542e-05
1.060141568369646039e-04
6.040355434783527207e-05
4.644565096694148397e-05
4.801916813852989571e-05
4.897348977263188847e-05
5.562190305984889341e-05
7.856286638545699962e-05
5.936704753872214089e-05
6.069711909124937942e-05
4.464235219832820423e-05
4.848253675542461339e-05
1.213070291042741758e-04
5.773326627806656987e-05
7.348190013241643562e-05
4.555677658774786622e-05
4.365722881630062949e-05
4.191032706229533430e-05
4.789592963384671043e-05
4.418271669742858214e-05
5.046099789776942998e-05
5.502222312821282196e-05
5.038594392115354020e-05
4.688256256890276053e-05
4.186761544487024856e-05
6.471577365623993542e-05
1.764352897104496819e-04
1.667311319356991144e-04
9.466252160362071094e-05
6.150330610883733107e-05
4.409541817343173126e-05
4.201014063760845113e-05
4.348147466468314131e-05
4.290905037325703722e-05
4.212583942312954469e-05
4.480695085173162502e-05
4.202295177189323044e-05
5.151246486800826135e-05
6.151244775133414100e-05
6.280215655957969870e-05
6.343115994241088791e-05
4.816545700628517481e-05
4.246072421665303409e-05
4.241204156035867677e-05
4.257157942952795456e-05
4.041965546396871281e-05
4.066560252492005753e-05
5.147333965093518478e-05
7.301823336294748054e-05
7.211671834940918443e-05
5.406705539725307157e-05
4.493070027415847637e-05
4.756273564352239924e-05
5.184289333151860448e-05
6.984694356409211610e-05
5.843262935134892726e-05
6.702976576181956668e-05
6.362989614394286254e-05
5.240115527865580724e-05
6.357043957298932554e-05
4.344900861421289616e-05
4.470269313767656139e-05
4.315240255285365031e-05
4.743499655483497782e-05
5.381448139410672995e-05
4.298870943279730033e-05
4.756060512995140206e-05
4.859483310913977641e-05
7.452142276128546547e-05
8.904882973486868134e-05
4.964672536718555909e-05
5.490355833899229494e-05
4.987390006944123519e-05
4.925244940548307134e-05
5.074809085474246039e-05
4.207354813439047195e-05
4.423162699418349152e-05
4.082397291009935204e-05
4.919545956201748174e-05
6.568319238592973863e-05
5.033764844281702255e-05
5.018200382538553952e-05
8.131568488251004231e-05
5.225713455325199495e-05
5.395516308554862021e-05
6.231327782087546085e-05
5.674510240270238588e-05
4.882384715731152164e-05
4.829824709708595390e-05
7.298678557466094078e-05
4.423165055211736801e-05
4.449747570712740105e-05
4.428201610507029442e-05
6.044996916898526251e-05
7.244822782619545821e-05
5.552196260800378410e-05
1.095034256448141388e-04
7.140181961909143106e-05
6.543755728570330589e-05
6.043985532920083289e-05
5.060960693905750739e-05
9.645711371882094193e-05
1.026501710293814545e-04
6.447271712305438181e-05
5.238275121276577431e-05
5.251757567748427147e-05
4.092594970845513970e-05
4.491050051809805942e-05
4.741857656174235862e-05
4.198872717097401429e-05
4.582450967670107872e-05
5.644867324412593387e-05
4.996465237733597466e-05
1.467752638078915507e-04
1.352898219031178288e-04
6.303778689471074099e-05
4.323845674257932679e-05
4.038238264102902427e-05
4.072409902518201428e-05
4.040443661829663373e-05
3.918344352213252091e-05
3.930375775477538280e-05
3.970911757076262341e-05
4.535516232459081649e-05
4.205371190134125442e-05
6.699494621393064294e-05
7.329125735042098938e-05
5.064555519816672444e-05
4.586424883907764605e-05
4.244292205031443470e-05
