1.565484097268846353e-01
5.546711554129918342e-02
5.277308056751887216e-02
5.128995913598272810e-02
4.979476683669620263e-02
4.870050163732634468e-02
4.678234211272663812e-02
4.561472558312945624e-02
4.477276334332095514e-02
4.350004442863994458e-02
4.240321634544266804e-02
3.984653072224723230e-02
3.117605338493982872e-02
2.216883389900128204e-02
1.569880489673879456e-02
1.470927668114503303e-02
1.420716243071688464e-02
1.373494895795981073e-02
1.297030847519636126e-02
1.221539117395877873e-02
1.163144122395250515e-02
1.174413919448852490e-02
1.185492148829831068e-02
1.090919283529122666e-02
1.049513317644596051e-02
9.961394605537255906e-03
9.990265779197215340e-03
9.629648071196345027e-03
9.791856764091385473e-03
9.314721069402164336e-03
8.982987337642245329e-03
8.593110914031663883e-03
9.180538898540866952e-03
8.385389318896664321e-03
7.825270332396029593e-03
7.758667311734623699e-03
7.499481439590453997e-03
7.253619033015436951e-03
6.602842613226837624e-03
6.864235916485389097e-03
6.901698480877611550e-03
7.133720459209548503e-03
6.494143621789084594e-03
6.756711581514941549e-03
6.400382742285728142e-03
6.924008145514461317e-03
7.208023919827407852e-03
6.471698675304651295e-03
7.244541961699724371e-03
6.076904632565048245e-03
6.009973740826050730e-03
6.139253727677795522e-03
5.917360910938846037e-03
6.070333665443791021e-03
5.817462671548128544e-03
6.391996261146333340e-03
6.042620618310239229e-03
6.383483020795716403e-03
5.900418253408538233e-03
5.557087585330009773e-03
5.928008864737219566e-03
5.973845488495296494e-03
5.331420194771554696e-03
5.264636700352032933e-03
5.466449391096830229e-03
5.250801814513074428e-03
5.992562841210100598e-03
5.340496314068634946e-03
5.628529609077506483e-03
5.160228220952882069e-03
5.710225047336684248e-03
5.679165830628739309e-03
5.445191636681556702e-03
5.352887956218586700e-03
4.978873284740580052e-03
4.875966722352637582e-03
5.167995670603380866e-03
5.253727713392840164e-03
5.376969267510705100e-03
5.377386270297898271e-03
4.894708277036746193e-03
5.010103782018025982e-03
5.219594238118992549e-03
5.394748631450865112e-03
5.249375195966826668e-03
4.893174237675136651e-03
4.748027602003680563e-03
5.024931900617149276e-03
5.804194793519046845e-03
5.146293971273634138e-03
5.076193902641534979e-03
5.018807713770204529e-03
5.253172926604748189e-03
4.898930525200234122e-03
4.751258761518531784e-03
4.684105821781687877e-03
5.050347497065861731e-03
4.835786014381382274e-03
4.812590227358870716e-03
4.910354714633690353e-03
4.657201175060536949e-03
4.607284741683139069e-03
4.259979797320233817e-03
4.489122831987010440e-03
4.560640826821327036e-03
4.696229890816741234e-03
4.600100155091948161e-03
4.877424057987001481e-03
5.069210908065239531e-03
5.064962547686365120e-03
4.487848828236261703e-03
4.587361540438400498e-03
4.267973208592997468e-03
4.456238974299695996e-03
4.399625690033038411e-03
4.763210738698641679e-03
4.990069233915871670e-03
4.331284409595860183e-03
4.296450318975581460e-03
4.492429155442449751e-03
4.391926340758800507e-03
4.546674814903073521e-03
4.461530984068910570e-03
4.405507424639330989e-03
4.222387034032080294e-03
4.183107767668035187e-03
4.919657187743319178e-03
4.691194341414504400e-03
4.588079374904434002e-03
4.630516707483265000e-03
4.388543748193317155e-03
4.499131623241636214e-03
4.427798007511429997e-03
4.381241636971632686e-03
4.253545825680097280e-03
4.478956816924942706e-03
4.733690309027830702e-03
4.253152209437555467e-03
4.299021814432408758e-03
4.358412091516786213e-03
4.335692754636208054e-03
4.402863859302467639e-03
4.129015420460038950e-03
4.112116820696327599e-03
4.803973297692007774e-03
4.445363359732759992e-03
4.609042449543873307e-03
4.268072158512142139e-03
4.229390525983439501e-03
4.436765619450145325e-03
4.106456288653943278e-03
4.197760336101055006e-03
4.058220492055018662e-03
4.036892454864250690e-03
4.284724159580138338e-03
4.167519809885157807e-03
4.009417765256431503e-03
4.049607281469636867e-03
4.417011526723703049e-03
4.249578010704782062e-03
3.812430188473727843e-03
4.136121854599978873e-03
4.855107900997002700e-03
4.335849227176772312e-03
4.250399646245770630e-03
4.281313998831643396e-03
4.120375506786836360e-03
3.909416158373157230e-03
3.963496334229906284e-03
3.951589555169145174e-03
3.871625665989187042e-03
4.404226113110780959e-03
4.268723992216918312e-03
4.212104251815213148e-03
4.147358300785223412e-03
4.557225530346234628e-03
4.495855186962419495e-03
4.462554380297661070e-03
4.517882566692100338e-03
3.891848433348867476e-03
3.943680057095156483e-03
4.013388906088139960e-03
4.569619320746925138e-03
4.303075499418708601e-03
4.253239942093690190e-03
4.116017223439283161e-03
4.226043982845213709e-03
3.882118148936165858e-03
3.999825132389863216e-03
4.247876844472355147e-03
4.296463520990477687e-03
4.082761117153697189e-03
4.181501998876531630e-03
3.954991501652531730e-03
3.813439854938122965e-03
3.839661334123876425e-03
4.206643054882685563e-03
3.875033401159776788e-03
3.893458187166187311e-03
3.905821525388293927e-03
4.062973467840088823e-03
3.837550764696465774e-03
3.708747497035397300e-03
3.870887255503071764e-03
4.273645227981938410e-03
4.303601181341542257e-03
3.966862687634097051e-03
4.036069756580724054e-03
4.150589743836058387e-03
4.099883013922307230e-03
3.662771328041950804e-03
3.544518328789207640e-03
3.879432866556776788e-03
3.873623805120587470e-03
3.588753034257226478e-03
3.678572884657316765e-03
3.762704380270507753e-03
3.764153915560907587e-03
3.863868978288438442e-03
3.799880290817883068e-03
3.780645543916357713e-03
4.026837808390457997e-03
3.936633831924862478e-03
3.660673395627074642e-03
4.067895863619115648e-03
3.742043166938755373e-03
3.578938738339477055e-03
3.851973246783017921e-03
3.580506411898467384e-03
3.500993235243691267e-03
3.709860344727834106e-03
3.651014888245198483e-03
3.887043197949727538e-03
3.874711598166161002e-03
3.808362560553683364e-03
3.720211941334936392e-03
3.727294141426682351e-03
4.004455686857303319e-03
3.714391007605526065e-03
3.853557325071758650e-03
3.969846725877788397e-03
4.034544236751065951e-03
3.607140160683128694e-03
3.849496326098839332e-03
3.806422672544916303e-03
3.664964902111225720e-03
3.701107501983642509e-03
3.620501584890815829e-03
3.874362763017415862e-03
3.902978869155049237e-03
3.726237728777859106e-03
3.837940330720609940e-03
3.449861556291580322e-03
3.791418159380555153e-03
3.634100984781980705e-03
4.015270326700475303e-03
3.875822414540582104e-03
3.614288864450322311e-03
4.001935925334692418e-03
4.074918656713433056e-03
3.780945373906029802e-03
3.815444385011990906e-03
3.789230125645796487e-03
3.708869899726576283e-03
4.040686281190978418e-03
4.181625648505158006e-03
3.774213424573341982e-03
3.522951398044824392e-03
3.856232443617449868e-03
3.955505959068735672e-03
3.746707983728912294e-03
3.784754626039001871e-03
3.813354262254304346e-03
3.624785917086733537e-03
3.519297778192493741e-03
3.906234080592791303e-03
4.039147843917211163e-03
3.837071501960357019e-03
3.861258110652367268e-03
3.523775999330811936e-03
3.598711758645044452e-03
3.574054477115472250e-03
3.716034953378968657e-03
3.697090137542949784e-03
3.774266134326656648e-03
3.743563644174072690e-03
3.629096247669723330e-03
3.703873869445588763e-03
3.674130071368482582e-03
3.559456761512491425e-03
3.529435157154997386e-03
3.827711383087767372e-03
3.754356172349717757e-03
3.670227577288945678e-03
3.674037696586714748e-03
3.563637042211161791e-03
3.608308941539790753e-03
3.392567650104562609e-03
3.381785997706983002e-03
3.334198871420489610e-03
3.516271098827322261e-03
3.585934765222999806e-03
3.394777807924482388e-03
3.604507015811072353e-03
3.599389224416679831e-03
3.481495206554730600e-03
3.660947741526696282e-03
3.469453620620899671e-03
3.469608378493123455e-03
3.440134653614626906e-03
3.640898807595173512e-03
3.428384181525972237e-03
3.466654304001066510e-03
3.966622824470202556e-03
3.556642464051643950e-03
3.636453451795710647e-03
3.690230526650945149e-03
3.411650536581873998e-03
3.518615705478522499e-03
3.543317784658736678e-03
3.387891596390141345e-03
3.613855805661943428e-03
4.184045851644542166e-03
3.880017531207866251e-03
3.336623871905936272e-03
4.024574293030633125e-03
3.677987490470210636e-03
3.638978196928898279e-03
3.429626197450690635e-03
3.485564361843798004e-03
3.359579710910717571e-03
3.461854095674223204e-03
3.484982235564126115e-03
3.463594668234387924e-03
3.542227931320667076e-03
3.513406509947445550e-03
3.399710471017493036e-03
3.408834739691681513e-03
4.016167747063769528e-03
3.644651602953672288e-03
4.088789001107215673e-03
3.616539357850949172e-03
4.031145206342141157e-03
3.739528894010517301e-03
3.599796237217055619e-03
3.408086738652653207e-03
3.476117836932341061e-03
3.326777005568146584e-03
3.634043737418121787e-03
3.746876573810974543e-03
3.493785460789998291e-03
3.215948227379057146e-03
3.501064419332477941e-03
3.606602663381232310e-03
3.385487246430582495e-03
3.900394249293539107e-03
3.285596164771252201e-03
3.616204563942220646e-03
3.444017309488521788e-03
3.978112938089503441e-03
3.484563792331351120e-03
3.171232807346515987e-03
3.376417589477366706e-03
3.292906945571303506e-03
3.435782167232698681e-03
3.445224415303932506e-03
3.413746617734432238e-03
3.476238227966758736e-03
3.520429514141546444e-03
3.486045841127634239e-03
3.561862976186805276e-03
4.058033473168810509e-03
3.478560239697496125e-03
3.427493009302351196e-03
3.451379663828346538e-03
3.711613611214690731e-03
3.268886210603846355e-03
3.205734167454971344e-03
3.370240281025568743e-03
3.144091965837611177e-03
3.259751902272303714e-03
3.489191003350748058e-03
3.304640623844332277e-03
3.350348886516358975e-03
3.718437854614522597e-03
3.409719147409001963e-03
3.636730641333593347e-03
3.579100714996456996e-03
3.521625481338964362e-03
3.387887847299376944e-03
3.324433303334646799e-03
3.272533035940594030e-03
3.556715756033857704e-03
3.527863106379906192e-03
3.220936941603819419e-03
3.420895582271946990e-03
3.610854779059688435e-03
3.362982791538040011e-03
3.304999907397561474e-03
3.254391633801990199e-03
3.717635822378926626e-03
3.443650285609894165e-03
3.472218559020095411e-03
3.174489296765791151e-03
3.207655262408984961e-03
3.259838531828589125e-03
3.194192296100987257e-03
3.329097723795308023e-03
3.489674805767006404e-03
3.672514410896433618e-03
3.674097570280233926e-03
3.218292997529109429e-03
3.977957599692874199e-03
3.374922351083821555e-03
3.196007347562247053e-03
3.263042847522430994e-03
3.368721269071102073e-03
3.503605888949500296e-03
3.304953352651662443e-03
3.318343972787260975e-03
3.233899067466457482e-03
3.472239592423041841e-03
3.314141607325937853e-03
3.341973704389399925e-03
3.220923690953188430e-03
3.196446078105105205e-03
3.370310836989018517e-03
3.164641581889655973e-03
3.150937047062648839e-03
3.184159398078918561e-03
3.347560698166489757e-03
3.184881967802842290e-03
3.359973890086014915e-03
3.427798860809869261e-03
3.424645408781038566e-03
3.532052540944682212e-03
3.815693855285644601e-03
3.360374636120266444e-03
3.301792734613021030e-03
3.299176208674907667e-03
3.131872460039125672e-03
3.288695957097742106e-03
3.397842976782057024e-03
3.532051340573363809e-03
3.433127690934472624e-03
3.423552287535535157e-03
3.404592090389794729e-03
3.277375580122073549e-03
3.657272016215655595e-03
3.537444871746831671e-03
3.498912584036588478e-03
3.383961684174007813e-03
3.386592337240775571e-03
3.186971202699674568e-03
3.112830108859472675e-03
3.262927765026688368e-03
3.383769267756078173e-03
3.150779558345675503e-03
3.180198165484600381e-03
3.164667703418267992e-03
3.363187515901194715e-03
3.250898100021812776e-03
3.069279429813226087e-03
3.230436131772067808e-03
3.338885164509216782e-03
3.299924952702389721e-03
3.292974387812945547e-03
3.262601674844821473e-03
3.463389958358473186e-03
3.228221896828876655e-03
3.216944411396980077e-03
3.679965622723102570e-03
3.548596905958321165e-03
3.351637313349379622e-03
3.126060646027326636e-03
3.269353033974766592e-03
3.290739322288168799e-03
3.254543559418784232e-03
3.782431389101677255e-03
3.316912650027208694e-03
3.211327211724387086e-03
3.263649829766816432e-03
3.123429825322495725e-03
3.351693001265327026e-03
3.217838195463021411e-03
3.140615196898579719e-03
3.262618839119871359e-03
3.223115564841363273e-03
3.202935346505708311e-03
3.148062506483660650e-03
3.394960678286022653e-03
3.263372958948214733e-03
3.252748968079686043e-03
3.134759532598157834e-03
3.070553192454907650e-03
3.237312571662995589e-03
3.596552333070172393e-03
3.172325098680125414e-03
3.211188727161950682e-03
3.253190885815355517e-03
3.285777846144305372e-03
3.583048276810182550e-03
3.132269260370069280e-03
3.266011707277761619e-03
3.383313811694582413e-03
3.374609417385525216e-03
3.655294701457023447e-03
3.632390108994311938e-03
3.363908932854731918e-03
3.386556056017676810e-03
3.193814500959383032e-03
3.178129350352618468e-03
3.229187278904848551e-03
3.163104797196056913e-03
3.393727605127625988e-03
3.144660191610455444e-03
3.157620601769950582e-03
3.197305597778823515e-03
3.092098207109504181e-03
3.213397156861093340e-03
3.350749836406773791e-03
3.201605630003743781e-03
3.392803070859776605e-03
3.220269270241260355e-03
3.298644584914048501e-03
3.211617528771360842e-03
3.039479887940817540e-03
3.098390690154499433e-03
3.089001091818014636e-03
3.204145439796977739e-03
3.292430926942163053e-03
3.248945746777786355e-03
3.035110103794270205e-03
3.138482748634285370e-03
3.254380610047115114e-03
3.273968673828575333e-03
3.084236909117963384e-03
2.987459239860375520e-03
3.184446895288096328e-03
3.457546881917450236e-03
3.588982392102479935e-03
3.850292025340928091e-03
3.283084150817659058e-03
3.260867524271209971e-03
3.253806323433915647e-03
3.152982341125607282e-03
3.073278363380167136e-03
3.093895578963889136e-03
3.297496506323417242e-03
3.168448578152391771e-03
3.338900489939583809e-03
3.146515190601348842e-03
3.434873651713132858e-03
3.600847366162472207e-03
3.211734872311353736e-03
3.166934337673915894e-03
3.206571009423997681e-03
3.954074705640475002e-03
3.406502707964844355e-03
3.171768751409318604e-03
3.175119238181246546e-03
3.239243223021427871e-03
3.559881210741069543e-03
3.212268588443597129e-03
3.352947307543622298e-03
3.247931654461556038e-03
3.112881999048921784e-03
3.239909226281775453e-03
3.046158538717362585e-03
3.024519135554631574e-03
2.976485527017050294e-03
2.926312978896829838e-03
3.069199263635608889e-03
2.980142170563340222e-03
3.123960279756122192e-03
3.289616159680816727e-03
3.118262953228420793e-03
3.125921214620272330e-03
3.274014925377236648e-03
3.126455527833766485e-03
2.994995941925380004e-03
3.074415311631229115e-03
3.195726279583242270e-03
3.056306449903382298e-03
3.430909021861023190e-03
4.283015806641843858e-03
3.446674502144257430e-03
3.196455382017625822e-03
3.015597236032287101e-03
3.086698348116543537e-03
3.122632217903932063e-03
3.074107724759313730e-03
3.502676397975947910e-03
3.406030442565679411e-03
3.045489207531015124e-03
3.286472747309340196e-03
3.533064278049601395e-03
2.949463233558667890e-03
2.934833384222454607e-03
3.243225240666005541e-03
2.966031717757383959e-03
3.102736401682098643e-03
3.210179720901780616e-03
2.839132228659258916e-03
2.926308945235278798e-03
2.964824525018533007e-03
2.908283483443988623e-03
3.089861464169290414e-03
3.020425765878624602e-03
3.097316119819879410e-03
3.050031494349241153e-03
3.182433440039555278e-03
3.091520849201414428e-03
3.387453560200002611e-03
3.229246402366293782e-03
2.957288642517394515e-03
3.063468265657623684e-03
3.243611419780386643e-03
3.143163203365273006e-03
3.143120412197377908e-03
3.290177519536680636e-03
3.018392343074083415e-03
3.065551597004135490e-03
3.233839213434192700e-03
3.221266912296414167e-03
3.206325889461570256e-03
3.278069542720913991e-03
3.054169954525099828e-03
3.142557318011919565e-03
3.290179613977670635e-03
2.959331601030296653e-03
3.007141828743947667e-03
3.343664204908741982e-03
3.154768298069635882e-03
3.116908232784933522e-03
3.141528599792056502e-03
3.028463193525870577e-03
3.093407000932428454e-03
3.644247863234745168e-03
3.310289610591199676e-03
3.472757537124885295e-03
3.088496711312068745e-03
3.147628015528122596e-03
2.922563722564114428e-03
2.984768369545539191e-03
3.167033437639474661e-03
3.153393491067820083e-03
3.335006872398985685e-03
2.995922131877806240e-03
2.921314934889475672e-03
3.046709005203511976e-03
3.006820753216743643e-03
3.131812090675035933e-03
3.023155456822779284e-03
3.630240971429480549e-03
3.025325011048051946e-03
3.070313031267788567e-03
2.862374548696809337e-03
3.041981314826342972e-03
3.180591542687680792e-03
3.328332338068220372e-03
3.312830749071306834e-03
3.225189785783489759e-03
2.977480762120750420e-03
2.979046105303698004e-03
2.965923435986042057e-03
2.992082182317971992e-03
2.964460676949884962e-03
3.095060629356238737e-03
3.086614040657877783e-03
3.342307127184338238e-03
3.042757919886045909e-03
2.861254638474848653e-03
2.859871292279826151e-03
3.041866645216941781e-03
3.056387900271349475e-03
3.233270349187983544e-03
3.250717232003807848e-03
3.143462367976705175e-03
2.940391370405753477e-03
3.081446889167030641e-03
3.200343469571736120e-03
2.891728805585040175e-03
3.124667343993981546e-03
3.277591545548704140e-03
3.109302742199765174e-03
3.151466063120298821e-03
3.016920292543040331e-03
3.324957492036951893e-03
3.129913824506931706e-03
3.220379211836391087e-03
2.984879385266039301e-03
3.070916319265961682e-03
2.994862914913230291e-03
2.890018769022491361e-03
2.933806684902972618e-03
2.967483499604794527e-03
3.086453910089201336e-03
3.067264745218886268e-03
2.872153276370631361e-03
3.360665866898165759e-03
3.200488981480399588e-03
3.187297189401255924e-03
2.973043430182668867e-03
3.049260324074162289e-03
2.899060025811195374e-03
2.966875164873070386e-03
3.035648663838704225e-03
3.555889175169997876e-03
3.112172727576560487e-03
2.927328587199250903e-03
2.915379147355755263e-03
2.845752415143781335e-03
2.939209207478496975e-03
2.850880379685097245e-03
3.032158869836065664e-03
3.200616729963157072e-03
2.981314688093132485e-03
2.961164777063661317e-03
3.153814820365773153e-03
3.124728013450900777e-03
3.118375443542997089e-03
2.861098347024785063e-03
2.900786151488622244e-03
2.813219892688923265e-03
2.816563631511396788e-03
2.820655511071284722e-03
2.981800354189342948e-03
3.043289648161993932e-03
2.891395356920030586e-03
2.861040788185265343e-03
3.005396533343526917e-03
3.193082686306701872e-03
3.557031185676654168e-03
3.014958939618534329e-03
2.869212119322684003e-03
3.118468193958202905e-03
3.219219523792465724e-03
3.021450328330198710e-03
2.935681084377898212e-03
3.297541371236244623e-03
3.065416583170493293e-03
3.074923243580593001e-03
3.035647629035843637e-03
2.851134124729368287e-03
2.810194653769334042e-03
2.839233608295520326e-03
2.930332971736788594e-03
3.004197948094871392e-03
3.415849237806267182e-03
2.920150340845187407e-03
2.939249281254079603e-03
2.799753498079048369e-03
2.911197641450497670e-03
2.940440381773643842e-03
3.186126805634962016e-03
2.932347580790519923e-03
2.984657968497938466e-03
2.874711506689588136e-03
2.885709181427955749e-03
2.896561813023355424e-03
3.229292025789618631e-03
2.920407445894347351e-03
3.009203066014581179e-03
2.940733454500635540e-03
3.251059879031446311e-03
3.140205901323093497e-03
3.189029486642943299e-03
2.870718179684546290e-03
2.925236370000574345e-03
2.916043278657727642e-03
2.953842379566696142e-03
3.258448131382465397e-03
3.024979084730148367e-03
2.997744880202743694e-03
3.052872974011632944e-03
3.026869102484650281e-03
3.028578754100534707e-03
2.975980591856771090e-03
3.066232314126358938e-03
2.762923944327566259e-03
2.934607860321800012e-03
3.161590486350986540e-03
3.115234031445450122e-03
3.104766169562935864e-03
3.120384655065006497e-03
2.935143359419372169e-03
3.065173498665293116e-03
2.936064635093013284e-03
2.856212548083729343e-03
2.951812093249625742e-03
2.967016827315092139e-03
2.981747386770115804e-03
2.876890939142969124e-03
2.840634460250536768e-03
2.980455298804574743e-03
3.196041308757331494e-03
2.841427850847442951e-03
2.774367071688175167e-03
2.882446677734454375e-03
2.920054255260361512e-03
2.894277945160865593e-03
2.979340052439106903e-03
3.001423800985018354e-03
2.853176965274744487e-03
2.945308476272556330e-03
2.863698497207628393e-03
3.210761191116438991e-03
3.122143693682220139e-03
2.966310649903284181e-03
2.911446734021107176e-03
3.025554568610257580e-03
2.849727398198511740e-03
2.850967237932814334e-03
2.991233085178666463e-03
2.860656191284457941e-03
2.987368098563617999e-03
2.873121483458412808e-03
2.984061621957355068e-03
2.912677368149161131e-03
3.005555278311173185e-03
2.937616260929240119e-03
3.236464656268556953e-03
2.922650017879075551e-03
2.845402187150385814e-03
3.071176109628545071e-03
3.027337906468245687e-03
3.162916708323690491e-03
3.066273352338208091e-03
2.976693293700615351e-03
3.105887028699119787e-03
3.125411371390024885e-03
3.087056752087341538e-03
3.028090247470471407e-03
3.079449237427777687e-03
2.976247181908951885e-03
3.055785503238439733e-03
3.082983597285217890e-03
2.991904230374428826e-03
2.830212292157941421e-03
2.881910875439644068e-03
2.746892285843690207e-03
2.964607139842377875e-03
2.791167612498005220e-03
3.103532916348841417e-03
2.984247146588232640e-03
2.947566244337293875e-03
2.918327891578276993e-03
2.902445833509167093e-03
3.094286367090211872e-03
2.939588129520416451e-03
3.153860520364509812e-03
2.937674679689937073e-03
2.940234820254974957e-03
2.923089436565836242e-03
2.884431246461139926e-03
3.069862455336584001e-03
2.940333116178711452e-03
2.888165968987676819e-03
2.818946016745435025e-03
2.892284293969472203e-03
2.783746640715334224e-03
2.781908351721035146e-03
2.732272362336516259e-03
2.715862614827023805e-03
2.769944196980860321e-03
2.819972760561439799e-03
2.881508529600169781e-03
2.904606685042381443e-03
3.061125557869672810e-03
3.024130188342597902e-03
2.865395383495423533e-03
2.818677891045808653e-03
2.925347267753548083e-03
2.932310770783159559e-03
2.841155957430601103e-03
2.990244204799334150e-03
2.952509031941493150e-03
2.684898259532120419e-03
2.703690777222315499e-03
2.781034336528844225e-03
2.975953681808378784e-03
2.864031075603432324e-03
2.950469112644592707e-03
2.750920332554313962e-03
2.908830034236113346e-03
3.268945573104752554e-03
3.163978024903270868e-03
2.783993616079290679e-03
2.911536596301529146e-03
2.993316379272275684e-03
2.898471363716655438e-03
2.957629291340708750e-03
2.897251988243725561e-03
2.776777437991565997e-03
2.898765722703602454e-03
2.976999052075876302e-03
3.185265400550431857e-03
2.750981284512414062e-03
2.837548887150155054e-03
2.945561842578980731e-03
2.762852412545018649e-03
2.805976837666498188e-03
2.857963233772251380e-03
3.054365072813299085e-03
3.006729972031381252e-03
2.838784474879503354e-03
2.781053890163699607e-03
2.812424451112746984e-03
2.774455427295631927e-03
2.702958327200677673e-03
2.893783087945646891e-03
2.797010136354300628e-03
2.824295705391301030e-03
2.777439814267887094e-03
2.851081648841500161e-03
2.903475989070203756e-03
2.858017685098780680e-03
2.835453574856122271e-03
3.278686949569317981e-03
3.079890210388435464e-03
3.008354351752334267e-03
2.817849843866295292e-03
2.876819506701495943e-03
3.134601462839378249e-03
2.794655820147858537e-03
2.703312130437957126e-03
2.796488520171907036e-03
2.826154726660913726e-03
2.947338649796115220e-03
2.885711137205362528e-03
2.811465956684616047e-03
2.827572742890980487e-03
3.076916214906506939e-03
2.893325260115994259e-03
2.816656193592482170e-03
2.813241769456201191e-03
2.771873062269555182e-03
2.760333683755662564e-03
2.770081396318144294e-03
2.893944203646646712e-03
2.883337166988187306e-03
2.800346855074167286e-03
2.742178901616070062e-03
2.841102266684174607e-03
2.807123008080654545e-03
2.857833061781194471e-03
2.654852618773778389e-03
2.886544520863228418e-03
2.985397513127989195e-03
2.850128715443942320e-03
2.762898812070488722e-03
3.216433711349964055e-03
2.856712098129921690e-03
2.781053688377142091e-03
2.845648061484098296e-03
2.827524753908316080e-03
2.864509638812806798e-03
2.760415363849865172e-03
2.751265768375661842e-03
2.844486096873879381e-03
2.848457565738095245e-03
2.950847150964869443e-03
2.957392898905608462e-03
2.944818186677164700e-03
2.756817829277780508e-03
2.717620927012629004e-03
2.927375342696904997e-03
2.895798586929837840e-03
2.777537854595316883e-03
2.681868508872058653e-03
2.726692634945114459e-03
2.969221083654297651e-03
2.930741977567474180e-03
3.116602833486265683e-03
3.047161698341369594e-03
2.783883363008499146e-03
2.757593006309535816e-03
2.836744985025790085e-03
2.866796896689467918e-03
2.837287686351272660e-03
2.889150310721662427e-03
2.944911122322082728e-03
2.958480292517278072e-03
2.947897187744577801e-03
2.823431473225355114e-03
2.804972659796476329e-03
2.727090208273795068e-03
2.887324896744555922e-03
3.094958432225717541e-03
3.128011678862902944e-03
2.891081984982722328e-03
2.699161697593000127e-03
2.728472245443198333e-03
3.023112169984314059e-03
2.921744255969921898e-03
2.900750431128674110e-03
2.903275734020604147e-03
2.862211100550161435e-03
2.986846045694417466e-03
