8.218381477726829920e-02
4.502276496754752111e-02
1.228044677939679925e-02
7.154149462779362846e-03
3.764393622469571106e-03
2.899698367756273817e-03
2.337542607759435839e-03
2.323931550814045850e-03
2.098697533106638324e-03
1.828245795849296881e-03
1.604206490123437443e-03
1.406517781110273391e-03
1.434898541515900036e-03
1.349451665042175185e-03
1.358430238647593321e-03
1.548269386920664032e-03
1.537110591307282387e-03
1.207889145136707308e-03
1.268504803689817547e-03
1.345064715068373419e-03
1.145363193936645976e-03
1.301641465268201219e-03
1.044486199195186239e-03
1.323962916827036308e-03
1.164612872008648214e-03
1.563817906296915451e-03
1.256633853125903311e-03
1.316579419912563501e-03
1.186885199923482220e-03
1.094822015923758258e-03
8.504066437793274301e-04
8.322785411857896391e-04
7.798030535276565109e-04
8.266512286435398352e-04
7.550173322670161724e-04
7.818524430816372250e-04
9.412489277828070674e-04
1.144170076068904557e-03
7.253544741413659206e-04
8.486526656068033763e-04
8.904432722677787290e-04
9.778882379436657467e-04
6.746105153837965874e-04
9.958322708391480812e-04
6.959763215854764071e-04
7.532851201378636553e-04
1.000582395742336981e-03
7.658475577934748760e-04
7.581104539955655242e-04
6.382438680157065478e-04
7.225492239619294701e-04
6.885823454811341266e-04
6.907317505425048659e-04
6.941384206422501583e-04
7.751056184578272680e-04
6.506621630655394636e-04
1.367617694195359841e-03
8.106837033604581775e-04
8.200651164063149558e-04
6.516572279441687878e-04
6.654742515335479967e-04
8.396262106382184568e-04
7.406786811124119532e-04
7.511780548116399510e-04
8.404505878893865503e-04
9.137483800037039935e-04
7.367206421784229129e-04
6.758493899057309252e-04
6.000152012954155243e-04
5.679532854507366715e-04
6.808777407018674422e-04
6.823172694486048058e-04
5.657750577665865682e-04
5.433860015020602809e-04
8.708597918868892646e-04
5.320995952934026415e-04
7.014551370715102008e-04
8.619197186393042593e-04
6.381644895817670379e-04
7.492823045079906406e-04
5.724853159497595920e-04
5.255405240071316444e-04
5.370605915474395160e-04
6.158346537914541341e-04
6.082698739030295175e-04
8.217092086043623024e-04
7.654980083720552006e-04
6.965241356131931074e-04
7.274055400759809860e-04
6.225836515012714550e-04
5.962458873788515192e-04
7.017951608738965188e-04
6.048818506921330943e-04
5.474501394201069680e-04
7.115959130331046129e-04
5.285895354528393928e-04
4.790123813371691586e-04
4.473081588124235464e-04
4.496250888850126235e-04
5.495222246584793076e-04
6.198607338592410261e-04
9.099783412077360909e-04
1.211360474117100265e-03
1.468813433829281112e-03
1.075514521346324038e-03
7.138056809910469465e-04
6.330948131572869007e-04
5.260077382748325377e-04
5.395479469249645768e-04
1.086865497959984671e-03
6.056938313930812544e-04
6.892017885628674194e-04
7.028663272245062963e-04
8.441601486669646388e-04
1.298768526564041776e-03
8.394392957496973938e-04
7.671757725377877958e-04
5.498944621326194888e-04
6.124446980862154272e-04
5.035816479681266529e-04
4.176242080413632824e-04
7.027736539021134073e-04
5.349967424343857105e-04
5.391913004374751994e-04
4.127837637335889662e-04
4.359546337380177457e-04
4.782399837858975129e-04
5.011485439414778854e-04
6.147690319145719326e-04
5.342465452849864830e-04
5.545332168953285863e-04
4.607301061817755186e-04
4.137981866693330921e-04
4.139413102529942751e-04
5.616568502349157882e-04
7.782641893977091871e-04
5.566037412629359308e-04
4.598483004762480555e-04
3.956212540571060537e-04
4.083998880297359454e-04
4.380435858749681080e-04
4.426728434757226096e-04
4.490909052805768182e-04
4.630203131172391903e-04
5.306732075081930892e-04
4.549245112058189380e-04
3.730906593975507430e-04
5.861146313448747014e-04
9.297264150033394958e-04
8.189167387576566561e-04
1.289455419302814590e-03
8.980830386281013012e-04
6.041180244129565249e-04
4.561234930426710452e-04
4.767417995673086653e-04
4.745269976815002025e-04
4.695311261134015425e-04
4.854034373743666784e-04
4.625819607948263436e-04
4.317919348573519040e-04
3.864690059951196187e-04
4.466647139957381752e-04
5.228153422164420749e-04
3.983647622064583863e-04
3.769864954261315957e-04
3.783201858297818160e-04
3.821354878083285341e-04
5.542197929591768371e-04
6.913067961836027011e-04
5.058020958676934156e-04
4.132161398107806784e-04
6.458626304649643917e-04
4.492261249106377125e-04
4.668356473040249682e-04
5.456461822096672762e-04
7.408408673169712688e-04
5.595214949506852531e-04
5.122664343151781593e-04
4.640053559301628118e-04
4.679181139605740518e-04
4.464012816444867283e-04
4.565872878043187861e-04
5.596358475223597514e-04
4.428460342913038408e-04
3.772916117062171228e-04
3.672056245462348295e-04
3.806887847733580175e-04
3.671900620166626246e-04
3.665274169502986783e-04
3.380325819469160494e-04
4.476183639942772066e-04
4.156995039536720928e-04
5.041204855984283755e-04
3.990414774873190422e-04
4.070708092250343571e-04
3.672055107179201085e-04
3.809466836456623325e-04
3.276281565841701105e-04
3.651713266865246922e-04
4.040150905752347313e-04
4.153958318703290667e-04
3.615776741773717769e-04
4.145723239829142686e-04
4.336114033746222575e-04
5.432979317588938761e-04
4.573888291553076515e-04
5.298859143577930525e-04
4.310324107710686108e-04
3.519142508351554271e-04
4.140137806017365921e-04
4.302301389786104455e-04
4.987793757269779350e-04
5.003696126449439646e-04
3.791208708814034932e-04
4.186156348118351541e-04
4.080582666210830016e-04
4.416173463687300812e-04
4.774890395088328323e-04
4.416718509876065880e-04
3.480852581560611833e-04
4.309853646231608148e-04
4.141944054410689547e-04
3.833699847261110862e-04
5.484431410311825213e-04
5.209897056273702504e-04
4.022953160003655735e-04
3.144750193071862076e-04
3.501713605752835852e-04
4.102565596501032345e-04
3.661256958730518579e-04
3.992451441525999081e-04
2.991106616617697543e-04
2.825961674615326807e-04
2.803756564389914057e-04
2.791478720286654121e-04
2.845097496174276027e-04
2.769459024744315152e-04
3.079672305223842498e-04
4.115447241605983643e-04
3.669548940120471829e-04
3.440987546410825717e-04
4.056088303008841011e-04
4.031741282799177883e-04
5.894176506747801809e-04
8.230498614203599159e-04
6.814674562257196913e-04
7.224488602433767415e-04
4.063164678195284405e-04
3.795194217107362468e-04
3.062533328516615807e-04
3.075094581840352812e-04
2.662836906448420686e-04
3.067893305301873331e-04
2.990804373338404364e-04
3.246106437614394713e-04
3.640784144711991079e-04
3.856262087356299335e-04
3.091683414661222152e-04
3.693489994232853160e-04
5.289030871871444953e-04
4.255908159797804307e-04
2.849851327482610833e-04
2.734163033569024905e-04
3.382717555440548519e-04
2.772277514708952834e-04
2.807569480501115127e-04
3.792441227576798788e-04
4.356262703529662438e-04
7.203625130932778250e-04
4.069888806487950987e-04
2.998326612739927424e-04
3.137825977885060590e-04
3.052836203844183139e-04
3.622173781817157796e-04
2.833913548642562233e-04
3.189471620135009029e-04
3.525754564907401648e-04
2.994829235184523616e-04
4.372179765616439947e-04
3.742553831802473930e-04
2.759866163574365891e-04
2.596184134017676050e-04
3.408950624159640748e-04
3.070637322444882402e-04
2.941326853922671472e-04
3.778145889130731178e-04
4.043089474240939090e-04
3.149064688477665424e-04
2.881392633490678407e-04
3.439024610755344030e-04
4.116721082633982174e-04
4.067757987003359655e-04
3.267927294493549344e-04
3.005704402716623388e-04
3.380762433840168589e-04
2.925118778107894620e-04
2.753895655688312584e-04
2.716875017439532454e-04
2.768648661569588572e-04
2.990554534416231731e-04
3.052174451295286569e-04
2.945394532677406900e-04
2.728293336824410393e-04
5.518837560278673461e-04
4.806179476953629094e-04
3.680995057543946770e-04
3.788007406466123374e-04
2.973523795501225274e-04
2.538876547219438731e-04
2.631831184650460995e-04
2.985318426767157246e-04
3.023859801598721155e-04
3.347769959105385612e-04
3.488313823214007968e-04
3.528448713607051056e-04
3.178026440501627065e-04
2.497331181722175922e-04
2.393233340181824152e-04
2.567448520696618370e-04
3.126848403674860788e-04
3.918186329408652416e-04
6.424582485730448997e-04
8.804978052568105014e-04
5.371462758113112459e-04
4.424752739982472762e-04
3.937056193697369751e-04
3.169497521594166907e-04
3.752832339766124631e-04
4.622180853039026390e-04
3.128066459774143005e-04
2.903533587232231942e-04
2.756622680721597710e-04
2.487144810664985170e-04
2.609032762443853773e-04
2.741755988811039250e-04
2.875700476579368006e-04
2.737794631522976916e-04
2.475435153529462152e-04
2.546402363158348356e-04
2.525643238590823364e-04
3.288299519206500446e-04
4.008628699618081432e-04
3.849788305039206931e-04
3.272924528250263599e-04
2.413342339504096130e-04
2.419318582138253618e-04
2.366485986082504265e-04
2.377433737921011165e-04
2.661361457366082615e-04
2.268670353158894627e-04
2.922005637083202579e-04
2.572775584283388184e-04
2.673849151728468067e-04
2.877080127493374649e-04
3.004264332250588675e-04
2.461758095564113894e-04
2.925511276245944844e-04
3.068017817309333416e-04
2.722749262142719752e-04
2.930648759421375068e-04
2.903705439530312993e-04
2.525215621830688320e-04
2.565265604708757410e-04
2.721520255888915801e-04
3.214543389104720494e-04
3.385159143039749856e-04
4.177457771988378585e-04
4.537833924405276949e-04
5.269770647606088557e-04
3.537539695389568762e-04
3.289021492754626535e-04
2.672741017563061428e-04
2.602159784227195817e-04
2.406907079663748430e-04
2.225074958470132588e-04
2.499847480794414618e-04
2.481505146715789968e-04
3.210888549478517441e-04
3.864611561099688089e-04
2.644047648775287571e-04
3.234879494023819757e-04
3.316413030390524342e-04
3.188444763266792023e-04
2.238307911385264656e-04
2.676714280258036356e-04
2.686438501243376209e-04
2.301270098218487388e-04
2.840890168186484266e-04
2.184440703907360572e-04
2.746955642942339377e-04
3.625198462072553121e-04
2.929062891699787648e-04
2.679051042327450249e-04
2.754367330473744260e-04
2.528277935925871090e-04
2.795009881568451585e-04
3.230155294295400403e-04
4.209808837105002825e-04
3.023405900845925259e-04
3.500648109345800402e-04
3.284260744435919593e-04
3.971205087792542337e-04
3.025551366024754039e-04
2.611266720729569450e-04
2.716087089437577628e-04
3.635816445522424448e-04
3.066192322229552747e-04
3.023110697459843645e-04
2.712782447795486951e-04
2.146207032880435264e-04
2.436427213251590772e-04
2.262084151152521361e-04
2.310536683459455884e-04
2.379114338610735253e-04
2.052813820773735664e-04
2.802965011344187669e-04
2.627060241583321020e-04
2.270592733596761992e-04
2.826854806496865232e-04
2.489563655884315368e-04
2.335868177599170021e-04
2.321237843069765287e-04
2.627543231291282438e-04
2.224894764367491061e-04
2.537182609861095674e-04
3.786765917256060591e-04
2.624031808227300817e-04
2.325593901332467740e-04
2.569412741447902617e-04
2.674763810096515617e-04
4.825581351502073878e-04
4.027334629144105880e-04
4.696661907817340376e-04
3.471378221487005393e-04
3.156922758919083441e-04
2.823990955948829391e-04
2.775028906762600140e-04
2.494276192090991249e-04
2.642628503963351358e-04
2.379038907949709110e-04
2.369330995457453884e-04
2.267380917005034019e-04
2.270569250039342372e-04
2.295502612832933643e-04
2.670637467720856305e-04
3.364438154838151501e-04
4.080998975162704887e-04
3.202752974660446001e-04
2.960141334268782043e-04
4.029682696434772732e-04
2.759625374649961587e-04
2.824356872588396159e-04
2.247262768731969932e-04
2.191001073353820506e-04
2.030253503471612909e-04
2.334545006872051204e-04
2.205615090982367707e-04
2.413922519190236959e-04
2.868343085800814890e-04
3.148339214062111351e-04
2.676847596497585369e-04
2.724787154390166124e-04
2.403009378920412792e-04
2.192516992929287984e-04
2.020719659049063888e-04
2.136636763397190431e-04
2.423871005885303118e-04
2.281296452403896394e-04
2.643999670787403988e-04
5.261972184396452278e-04
6.583292358037498224e-04
3.545354681813882498e-04
2.383505972102284475e-04
1.971763113720549545e-04
2.553687311915887881e-04
2.137974647080732643e-04
2.086791273904964252e-04
2.178064926475700312e-04
2.039521356346085538e-04
1.902378371839101156e-04
1.951037754770368251e-04
1.954345156102337889e-04
2.378611067413455987e-04
3.126459009945392435e-04
3.613003022554848011e-04
2.475633591206537480e-04
2.182636538701545888e-04
2.200660717466639113e-04
3.173398309283786533e-04
4.583525461041265247e-04
2.907442661105758561e-04
2.456118219480332536e-04
2.998499896946466383e-04
2.071483779905570837e-04
2.019863060882522111e-04
1.997662785773475893e-04
2.141400656869842057e-04
2.042839897330850482e-04
2.153700609536220525e-04
2.273396025541134973e-04
2.483680939379458597e-04
2.374816049511234005e-04
2.192960654954529559e-04
2.310347656667646342e-04
2.978233185907204939e-04
4.283641679729852190e-04
3.381882434607380149e-04
2.874552662251517242e-04
2.428015106771555195e-04
2.023308065771642664e-04
2.124911787298818422e-04
2.026079266539050508e-04
2.592432962006164816e-04
2.379135317945232095e-04
2.883784370755570039e-04
2.324889818879051441e-04
2.135607937816530466e-04
3.053419644452838241e-04
2.684100511639068379e-04
2.369775562935198256e-04
1.911065656329608757e-04
2.216270988962302732e-04
2.742086865732239610e-04
3.412210449783338335e-04
2.694896241236064013e-04
2.671266082648395012e-04
2.606146288518276484e-04
4.014366257211400188e-04
2.588899463363405562e-04
2.157839370839711741e-04
2.374474109253949536e-04
2.681455019369928527e-04
2.017099641832626660e-04
2.302374076356904459e-04
2.211797921012879941e-04
1.908209719436450259e-04
2.119026454036227489e-04
2.124842056461299336e-04
2.626860716069738077e-04
2.690144963303787973e-04
3.074162075709965499e-04
2.829597317354960338e-04
3.404890774335298290e-04
3.381576636133508569e-04
3.543590296370287794e-04
2.477910592117243092e-04
1.947848280219154212e-04
1.750275892360756661e-04
1.723628064307073824e-04
2.252871805750247542e-04
2.190393763076927986e-04
1.818467336448116427e-04
2.342926390055153165e-04
2.282264408293283562e-04
2.104357408178556281e-04
2.192791400011628834e-04
2.359116790790317746e-04
2.251891653415643484e-04
2.022585684123138540e-04
2.442065868914748304e-04
2.272361732320860017e-04
2.312079642433673187e-04
1.963713251623428596e-04
1.994774806209736442e-04
1.981467516937603611e-04
2.075459553290986308e-04
1.890492439270019412e-04
1.952650528013085405e-04
1.968638300119588780e-04
3.188955860807457044e-04
2.955636259866878217e-04
4.074486651613066558e-04
4.274258575040019363e-04
3.813251514091259720e-04
2.328574506747018997e-04
2.071939466340053343e-04
2.441102411184046129e-04
2.976100615665523306e-04
2.708470049158980420e-04
2.247007904548404850e-04
1.883674802310350809e-04
2.257171941972855114e-04
2.270772888894296388e-04
2.523426825387610419e-04
2.192187265286015224e-04
2.132285687063510129e-04
1.912313601416018290e-04
2.192431665025651412e-04
1.977183559857722660e-04
2.319970838854917145e-04
2.708543987116879661e-04
2.469148928584117045e-04
2.462763405249764601e-04
2.625397379354884328e-04
2.453162768183069181e-04
2.188102183087418527e-04
2.795384033945285751e-04
2.559973393929087376e-04
2.836505446531292210e-04
2.086006543443848574e-04
1.993876262309236781e-04
2.061667768672729626e-04
2.528660542642076846e-04
2.119782856769032036e-04
2.070402353355247185e-04
2.406358658724154097e-04
2.107591501488867653e-04
2.075005836215698023e-04
2.134130047892944743e-04
2.386049063514090259e-04
2.079035891478674320e-04
2.106307612525092250e-04
3.073986805975437229e-04
4.382921553527315581e-04
3.967115068290796311e-04
2.320648203991974487e-04
2.436407880547146021e-04
3.103850357648399189e-04
2.404074914779307176e-04
1.934378061236606604e-04
2.618189361722518950e-04
2.368210651911795096e-04
2.243460681832706036e-04
1.891254718389569060e-04
1.911477440605974958e-04
2.137936762948003172e-04
2.046594533344937709e-04
1.992394089595311238e-04
1.755747763026091739e-04
1.735399596186147750e-04
1.893684073325453590e-04
2.514443502554463100e-04
3.248067191776095211e-04
2.668951293970975411e-04
2.217572923594464916e-04
2.581393236889400209e-04
2.613213686789903458e-04
2.051254335351081345e-04
2.051771902996632794e-04
2.311372870786322620e-04
2.084271686099883458e-04
2.793672235889567402e-04
4.089802746764487724e-04
3.015310665230370351e-04
3.818880440667271419e-04
4.306199054958091709e-04
5.351495970454480831e-04
3.822818293701857502e-04
2.445697248913347656e-04
2.782500981508443999e-04
2.546225404754901846e-04
2.163042190174261649e-04
2.206872669436658310e-04
2.095947066684150141e-04
2.277356595732271585e-04
2.107257084248380645e-04
2.082356906289027816e-04
2.302845337221191867e-04
2.138518151413235362e-04
1.952002852016852948e-04
2.236384333163085776e-04
1.735370540215323398e-04
1.589133532252162760e-04
2.415302149408186428e-04
2.426715590991079883e-04
2.430973084281302108e-04
1.841383620113548440e-04
1.838741698561029191e-04
1.788462245733373585e-04
1.939280023280945083e-04
2.084644804967360427e-04
2.024141217892368616e-04
2.059127555306379878e-04
1.894427037849608444e-04
1.747784087718981928e-04
1.754010228776476353e-04
1.809115062416013630e-04
1.917402010359283869e-04
2.096086547761741607e-04
2.010819070144659836e-04
2.129122626502066753e-04
2.279317076317965941e-04
2.200115054276668329e-04
2.993638691906299796e-04
2.423517719014651344e-04
1.925883147244652051e-04
2.220428145180145993e-04
1.871042859016193308e-04
2.427383865385005814e-04
2.511933009373023998e-04
1.908003672724589760e-04
1.722151221474632632e-04
1.809894596226513516e-04
1.993021546837149441e-04
2.059184974576864016e-04
2.262219155414236810e-04
1.905667444872152349e-04
2.475705250011136171e-04
2.248326828703284307e-04
2.584130826613141346e-04
2.621617531662600036e-04
1.984431307452420498e-04
1.755410154712283078e-04
1.679214375326409979e-04
1.935679487521863636e-04
1.809963036794215343e-04
1.848217724667241288e-04
2.074182439698941309e-04
1.892271935422387501e-04
2.581638189601815183e-04
2.422342582657519363e-04
2.371777913584891375e-04
1.875968549090127201e-04
3.219091382602022751e-04
2.369177695234409627e-04
2.052948032764510963e-04
2.253127560511024481e-04
2.352880492495993813e-04
2.302836113893944243e-04
2.255283168051391829e-04
2.195738610397610362e-04
3.213952453289594942e-04
2.213285497337993545e-04
3.034517309990608083e-04
2.738682607499261820e-04
3.930783346812757959e-04
2.520976297738444652e-04
2.042797612698955649e-04
1.734698658239924331e-04
1.749817100870940481e-04
1.822994417873107789e-04
1.736439272968305397e-04
1.996301453457110370e-04
1.765794057994046090e-04
2.565830705376962958e-04
2.390468335296544791e-04
2.951168017979297520e-04
2.595351595017645263e-04
2.833096782625135713e-04
2.138511069481157647e-04
1.803210569131705437e-04
1.863033489401762818e-04
1.791684205333391930e-04
1.927090154236389566e-04
2.003018110473122964e-04
2.148276609497972616e-04
2.363909259697215314e-04
4.400636436831619792e-04
3.516685907056348189e-04
3.241437981422576786e-04
1.978078489709231692e-04
1.738083976993544193e-04
1.655970213081066941e-04
1.729832690519591046e-04
1.717039549516307035e-04
1.735170025818256892e-04
1.676436670823022734e-04
1.813512259266442605e-04
1.927678230115109040e-04
2.130577917624678751e-04
2.126804514167209557e-04
2.580482845142897659e-04
3.093374871079706276e-04
3.686454769275668481e-04
3.329771614840461129e-04
2.124750587002684698e-04
2.055119032350679210e-04
1.609700574125680524e-04
1.712520116577959778e-04
1.723984108927349148e-04
1.739366159826103201e-04
1.572057750955637920e-04
1.907444803509861350e-04
1.978684716030127419e-04
2.187414581163062003e-04
1.702115827033089178e-04
1.754560366842068014e-04
1.898443048250757919e-04
2.085458863681803263e-04
1.916580633001608897e-04
1.738561636820021533e-04
1.699496363936406069e-04
1.895855933738251542e-04
2.176642945657173670e-04
1.907551754266023614e-04
1.778821083846398611e-04
2.394776064385142715e-04
2.592262060433212271e-04
1.831661189337157550e-04
1.735630280907369356e-04
2.312908100429922266e-04
2.205653554604699099e-04
1.930157572496682384e-04
1.684327331087034528e-04
1.731119709762020192e-04
2.098107462128003442e-04
1.883541065682139764e-04
1.846951374965202384e-04
1.723452306921697305e-04
1.811784690168375669e-04
1.687681975050104959e-04
2.089273735570410949e-04
1.869488504922224516e-04
1.712011777433670111e-04
2.204777639255755585e-04
2.032657032315101872e-04
1.903329029058416797e-04
3.840871799426774278e-04
3.151459557314713594e-04
2.372784113201002406e-04
1.869727887808241701e-04
2.473968592110193233e-04
2.104490471538156325e-04
2.073024364653974902e-04
3.207771512421054910e-04
2.036971043950567520e-04
2.161165418672478787e-04
2.277143522708987124e-04
1.801436332364877004e-04
1.637230136354143352e-04
2.106226566765043422e-04
3.098705667071044337e-04
3.393638731601337382e-04
3.002312056358075686e-04
1.991854672734108263e-04
2.446485854064424847e-04
1.891181927122589663e-04
1.940391688711113390e-04
1.872671037239746891e-04
1.537550408910546152e-04
1.614691887516528390e-04
1.885897257468766507e-04
2.060051521079407893e-04
1.787063350073165311e-04
1.882166979420516210e-04
1.991613270042257261e-04
1.745615511511762908e-04
2.134956513893687018e-04
3.157068117676923615e-04
2.914297600768299304e-04
1.924052348153458634e-04
1.776282650987721045e-04
1.750181559731976927e-04
1.899745096711234825e-04
1.994979565238787168e-04
1.728575871998651228e-04
1.641680120438751382e-04
1.585273339878767653e-04
1.717089581587869212e-04
1.658135496028181508e-04
1.630056198013739364e-04
1.925101462337705743e-04
2.171418193675991469e-04
2.297637109748191272e-04
2.999337265888849815e-04
2.585161206985099190e-04
2.235173572423971309e-04
1.899958290030352042e-04
1.602904704244186560e-04
1.647895709094074064e-04
1.721204869681969393e-04
2.100592032851030411e-04
2.254660461201436056e-04
1.780079894362845234e-04
1.597122123671902445e-04
1.495229930798005721e-04
1.790455671855145019e-04
1.969583824069963483e-04
1.657948728340367418e-04
1.924960626315118557e-04
1.540957707523678613e-04
2.155897486308175738e-04
2.016537801440184395e-04
1.768164517771866472e-04
2.151677837698823779e-04
2.401402049387494709e-04
2.195175048351908687e-04
2.042870991863310413e-04
2.389524923637509379e-04
2.168068399704578780e-04
2.320987198294864628e-04
3.147701153324709736e-04
3.603159664069405786e-04
2.128510279322250133e-04
1.835173552778239091e-04
1.552673548253046118e-04
1.624225288267350990e-04
1.861876988550648126e-04
1.916320462866375927e-04
1.740429146189449640e-04
1.766515459813591631e-04
2.120453487926473321e-04
1.937867178478174749e-04
1.781687586723516457e-04
1.952593701167238988e-04
2.113511987651387912e-04
1.995856940953267948e-04
2.023334619459799650e-04
1.731400171734599595e-04
2.198077901266515298e-04
2.665376553260204043e-04
2.604631949604178215e-04
1.825514833520477118e-04
2.509661898430850819e-04
2.847212006519031198e-04
2.058962140775596160e-04
1.729459957116180071e-04
1.721326127234432428e-04
1.761399214673373451e-04
2.110733700424639728e-04
1.860366581887420805e-04
1.804268221733056705e-04
2.079918521404680327e-04
2.047333583080520312e-04
2.321628785123013754e-04
1.813339319778606285e-04
1.820356217083624593e-04
1.916650947855992528e-04
2.155908189403514194e-04
2.766542147017187359e-04
2.026971481326553671e-04
2.067725889436486560e-04
2.405967595728321340e-04
2.217324438323784125e-04
1.691603251836366233e-04
1.592011132743209492e-04
1.575121912173926744e-04
1.698082760493788558e-04
1.622925243443912812e-04
1.534568487356106307e-04
1.593647430288708808e-04
1.604383242213063758e-04
1.843488444056775731e-04
1.974443969083950010e-04
1.793994051533647773e-04
1.708809854850793820e-04
2.369063558419131439e-04
1.906999533012923283e-04
1.827816991135478117e-04
1.717976915339628873e-04
1.734996602560083144e-04
1.863204312717749026e-04
1.795347313034451747e-04
1.660308174581991212e-04
1.929117052350193186e-04
1.983907206967059028e-04
2.463987895235833329e-04
2.355261419951501837e-04
2.006117908361678272e-04
1.855441254641239780e-04
1.866962707653227905e-04
1.731845240444979822e-04
1.646473317588162172e-04
1.467202984107037313e-04
1.566028523181254629e-04
1.805039197077146793e-04
2.331459220860981278e-04
2.968070892772326939e-04
2.553459642351501419e-04
2.106908121560182765e-04
2.132716861605230246e-04
3.703855247780059746e-04
2.502046865023051627e-04
1.964934447055889535e-04
1.795734202540997051e-04
1.674256133588237908e-04
2.032995672844764394e-04
2.199654949880722578e-04
1.998251591188212196e-04
1.582182087521586073e-04
1.771484200273537102e-04
1.697807541737953721e-04
2.937480496863523974e-04
3.159984581482906869e-04
2.788534350434525104e-04
1.958811590965423271e-04
1.940183472147004437e-04
2.142237306624236975e-04
1.804694505537756538e-04
1.594351017330255756e-04
1.605335115325740600e-04
1.635715992759085430e-04
1.690424162532306403e-04
1.677455654781725752e-04
1.673221792508330572e-04
1.731873464693004818e-04
1.506189359093291894e-04
1.610993718107541384e-04
1.628068379229969515e-04
2.089844144777291328e-04
1.898934723188479658e-04
1.663446514349844790e-04
1.542280086626609083e-04
1.666403660136792347e-04
1.656063009674350287e-04
1.666531538487308521e-04
2.098181227403175461e-04
2.073641977686848943e-04
1.894556320298256056e-04
1.782311455139683285e-04
