9.276642648710145544e-02
5.021375758780373399e-02
4.696812407837974018e-02
4.381739015380541752e-02
4.032848858171039080e-02
3.846744683053758551e-02
3.682897208465470140e-02
3.574584838416841603e-02
3.510996556944317309e-02
3.382301875286632120e-02
3.319837692711088278e-02
3.218285931481255219e-02
3.197046034865909381e-02
3.181001217828856309e-02
3.187460985448625078e-02
3.139695871207449224e-02
3.134629312488768083e-02
3.050360110898812580e-02
3.014416045612759026e-02
2.944154425627655558e-02
2.934553007284800355e-02
2.127973241524563908e-02
7.845380078587267658e-03
6.937979646027088096e-03
6.109473593533039371e-03
6.036864920622772752e-03
6.028810319387250052e-03
5.896771868897809042e-03
6.020115404907200145e-03
5.822241577423280766e-03
6.021108544535106952e-03
5.532123690678013815e-03
4.972235357595814267e-03
5.024766201774279531e-03
5.243177188353405696e-03
5.414977827005916511e-03
5.075260816762844698e-03
4.979103081342246655e-03
5.026272665709256848e-03
4.906861262602938735e-03
5.273919531868564124e-03
5.337048172950744490e-03
5.062093703697125024e-03
5.647180933091375775e-03
5.265450382398234250e-03
4.937308409975634665e-03
5.123743040280209771e-03
4.884995569785436330e-03
5.614662374266319624e-03
4.978687354466981678e-03
4.349602729909949478e-03
4.820687516282002108e-03
4.638642250663704315e-03
4.405049783074193454e-03
4.302553722841872055e-03
4.888154889146486930e-03
4.271768850998745870e-03
5.249995094620519241e-03
4.303364491918020701e-03
4.051435593929555642e-03
3.895439315173361040e-03
4.524031868204474865e-03
4.136619679629802322e-03
3.987148062636455305e-03
4.622456214080254006e-03
4.423816034363375546e-03
4.548673017157448678e-03
5.022661199586259291e-03
4.730178942489954817e-03
4.097217669089635479e-03
4.562232436405288041e-03
5.219830518795384212e-03
4.086657056791914537e-03
3.780044804637630596e-03
4.109912719577550611e-03
3.917868516097466544e-03
4.202196682906812752e-03
4.095227337545818448e-03
4.230341430132587843e-03
3.786221610175238665e-03
3.856618718968497176e-03
3.931371180547608458e-03
4.689020605550871940e-03
4.796949428402715217e-03
3.815517576618326911e-03
3.804238144722249960e-03
3.443626633120907676e-03
3.770308128247658579e-03
4.162838641140195924e-03
3.587432698243193940e-03
3.615333013650443711e-03
4.011499596138795413e-03
4.751198362145159226e-03
3.641112955907980543e-03
3.481560095937715534e-03
3.508266205382015984e-03
3.729487338827715964e-03
3.586069817344347474e-03
4.156838159801231648e-03
3.959484089993768607e-03
3.672300622695022151e-03
3.679856829759147255e-03
3.534894021641876889e-03
3.581555862393644065e-03
3.565115313977003028e-03
3.826987124565574879e-03
3.712923754420545484e-03
4.447697490039799126e-03
3.631352321762177683e-03
3.646309147071507238e-03
3.599405634320444660e-03
3.692063068350156033e-03
3.562066530187924830e-03
3.517102269041869327e-03
3.353979554441240303e-03
3.475505160167813301e-03
3.401925487236844275e-03
3.524363636970520141e-03
3.986125845048162607e-03
3.499408012462986665e-03
3.496373303027616557e-03
3.201333299900094558e-03
3.464527272929748044e-03
3.354771313154035137e-03
3.231978606846597647e-03
3.372648046869370590e-03
3.707953956392076155e-03
4.084362126886845017e-03
3.569745129595200059e-03
3.336558181585536857e-03
3.542031585756275254e-03
3.820296836396058250e-03
4.059884900020228199e-03
3.644960375709666110e-03
3.185418347517649396e-03
3.407932010789712241e-03
4.317293562408950833e-03
3.455572482198476965e-03
3.517839397407240398e-03
3.670465817881955230e-03
3.441130513739254840e-03
3.293889049026701033e-03
3.456113372618953294e-03
3.223008995668755639e-03
3.239806120594342694e-03
3.030399322095844380e-03
3.034573116650183915e-03
3.294819667935371555e-03
3.086903395338190786e-03
3.212303119815058169e-03
3.406163334018654128e-03
3.507944792509079014e-03
3.261658677624331391e-03
3.258668705821037188e-03
3.107686401862237192e-03
3.231657034614019743e-03
3.352245357301500243e-03
3.064202718022796847e-03
3.181132374124394369e-03
3.371854001242253346e-03
2.955157049000263405e-03
3.016893758128086876e-03
3.396019797979129510e-03
3.029890391561720041e-03
3.242543818843033384e-03
3.175181700951523397e-03
3.193665101296371944e-03
3.095514453016221489e-03
3.081316536085473064e-03
3.124730435924397750e-03
3.107430680344502091e-03
3.676045178953144150e-03
3.492915154331260093e-03
3.085448219337396953e-03
3.232663036841485361e-03
3.096309716088904099e-03
3.942076751134462008e-03
3.479659462140665977e-03
3.285340006566710158e-03
2.855111449542972746e-03
2.810710523691442326e-03
3.332351088109943710e-03
3.301984192803501892e-03
3.389536618358559086e-03
3.115034379685918588e-03
2.894387882616784782e-03
3.386483935432301525e-03
3.147534503498011088e-03
3.234245609492063332e-03
3.176458391050497598e-03
3.008392926098571885e-03
2.947444903353850076e-03
2.946282677973310025e-03
3.316947272461321511e-03
3.119520428073075009e-03
2.844091390983925771e-03
3.033070611870951165e-03
2.965855219711860131e-03
2.924952579455243097e-03
2.973211627039644509e-03
3.015767595627241466e-03
3.157267889214886679e-03
3.166906032711267437e-03
3.099131455851925846e-03
3.111845755742655758e-03
3.678624640322393762e-03
3.535129858387840978e-03
3.122583882262309606e-03
3.069196053677134949e-03
2.916442753954066273e-03
2.995787290856242058e-03
2.741951828615532809e-03
2.998401934487952229e-03
2.846023486927151853e-03
2.801309771214922310e-03
2.723938218421406363e-03
2.781352564278576078e-03
2.953792078834440935e-03
2.739681553923421341e-03
3.058089330378505749e-03
2.974988544980684737e-03
3.396810560176770095e-03
2.890958583189381665e-03
2.881292779412534654e-03
3.086748059011167750e-03
3.011152062358127789e-03
2.983038682076665903e-03
2.889190956225825765e-03
2.836318334771527339e-03
2.705733470825685393e-03
2.875093076792028038e-03
3.148423471591538843e-03
2.858376482294665288e-03
3.197350300227602173e-03
2.796734933637910411e-03
2.871669261819786642e-03
2.876749621290299649e-03
3.235497266675035292e-03
2.757806430260340176e-03
2.887606664250294553e-03
2.927899594522184821e-03
2.684148874961667704e-03
2.617584529022375876e-03
3.589473575767543594e-03
3.436428776217831382e-03
2.759243856287664672e-03
2.864824724901053436e-03
2.762133554658955867e-03
2.646581836872630503e-03
2.544258727381626915e-03
2.885921980357832300e-03
3.373613628662294663e-03
2.801324404362175256e-03
2.840523315179678977e-03
2.702682655718591492e-03
2.988463791294230457e-03
3.058434857262505406e-03
2.665947566015852786e-03
3.005356941786077336e-03
3.190353303733799335e-03
2.738334553109274781e-03
3.083393203301562028e-03
2.878740026305119399e-03
2.752928743138909323e-03
3.515283255320456306e-03
3.538869382399651917e-03
3.288396810077958560e-03
3.025517118059926555e-03
3.266743554009331803e-03
2.681638900604512918e-03
2.804220791699157684e-03
2.828897335049178861e-03
2.948573433483640382e-03
2.675111282409893196e-03
2.928097261529829642e-03
3.058620515382952203e-03
2.617801856249570708e-03
2.731238520807689925e-03
2.946926001459360296e-03
2.575376370093888576e-03
3.027499111162291513e-03
2.650040684060917928e-03
2.732724509098463650e-03
2.689882363710138606e-03
2.959902286012139686e-03
2.692441100047694366e-03
2.663646779126591351e-03
4.037171215232875782e-03
2.915434075726403181e-03
2.969192516886525607e-03
3.160443906154897405e-03
2.788910461175772831e-03
2.542897114116284690e-03
2.949541624014576091e-03
2.744668337206045659e-03
2.595752717720137877e-03
2.512893708836701125e-03
2.671333083675967324e-03
2.708266576131184832e-03
2.607067431219749817e-03
2.670106547367241592e-03
2.721045120722717908e-03
2.637078185669250105e-03
3.174350428291492811e-03
2.841275559427837698e-03
2.816673885616991207e-03
2.779494300484657097e-03
2.744761356152594037e-03
2.503922816572917796e-03
2.670946289888686404e-03
2.627952262345287660e-03
2.595812844940357557e-03
2.852920756364861910e-03
2.731221627650989598e-03
2.472679561211003213e-03
2.866112152114510744e-03
2.867107578656739528e-03
2.915565768877665265e-03
2.577177586240900816e-03
2.520942652804984089e-03
2.617274763890438481e-03
2.710670213111572753e-03
2.817566516912645581e-03
2.694694936896363958e-03
2.779249600652191309e-03
3.178237570035788960e-03
2.874418987582127299e-03
2.694812119007110578e-03
2.525246571749448655e-03
2.648928863927721943e-03
2.536533338328202363e-03
2.536241327308946282e-03
2.538181311554379115e-03
2.775557460263371364e-03
2.722288198355171489e-03
2.671786592238479391e-03
2.519753297997845594e-03
2.525712833222415812e-03
3.003904515256484564e-03
3.707439541402790095e-03
2.722310248969329882e-03
2.600128133263852805e-03
2.740177733616696362e-03
2.562979332999222766e-03
2.497557489097946247e-03
2.462299430949820359e-03
3.215755579165286305e-03
2.706764439741770299e-03
2.520954024253620109e-03
2.581077806858552825e-03
2.789666598869694394e-03
2.609264827850792286e-03
2.556893694111042701e-03
2.825808330542511296e-03
3.729326509767108555e-03
3.038973754478825270e-03
2.671060466931925691e-03
3.043712452054023621e-03
3.092336030676960754e-03
2.629164527687761349e-03
2.498704540646738345e-03
2.441050091551409847e-03
2.640923431350125205e-03
2.718823690795236104e-03
2.927760984748601844e-03
2.799935427804788046e-03
2.873226475591460737e-03
2.618732069515519560e-03
2.720061771364675439e-03
2.699810941186216173e-03
2.580823807252777963e-03
2.865265317571660027e-03
2.444503774038619438e-03
2.564653456211090244e-03
2.745738313015964448e-03
2.647229718665281874e-03
2.532072550513678275e-03
2.538810920798116426e-03
2.524773776531219656e-03
2.420810483809974524e-03
2.519566882401704649e-03
2.565110211984978836e-03
2.446170327150159508e-03
2.762382992853720971e-03
2.683222468735443119e-03
2.694248317016495736e-03
2.916193752446108543e-03
2.689207083442145003e-03
2.435536004809869814e-03
2.636354612186551059e-03
2.564851744100451331e-03
2.641521355965071195e-03
2.806899524293839966e-03
2.494065038238962514e-03
2.494292576900786641e-03
2.502948012616899344e-03
2.640155764917532458e-03
2.589844001664055612e-03
2.449067216366529378e-03
2.669601726035277216e-03
2.494618224187029713e-03
2.465988176150454587e-03
2.559859674010011698e-03
2.475729009860919670e-03
2.443318868883782077e-03
2.350856503471732313e-03
2.411843762836522569e-03
2.641743978278504427e-03
2.647227783583932376e-03
2.798814397926131878e-03
2.793297747977905882e-03
2.690898284523023359e-03
2.680897511955764468e-03
2.406012695282697643e-03
2.484513962020476561e-03
2.509517409942216195e-03
2.540560346096753987e-03
2.549553482482830574e-03
2.777402950450777973e-03
2.687994605965084507e-03
2.374335510863198086e-03
2.345070217011703193e-03
2.467543903945220753e-03
2.587195409254895197e-03
2.721472680568695103e-03
2.730099017628365068e-03
2.599918579475747008e-03
2.494597896519634445e-03
2.432852491943372428e-03
2.395806633349921878e-03
2.401571236550807936e-03
2.612092647080620309e-03
2.569017235914038133e-03
2.496729058523973043e-03
2.449826994496914941e-03
2.628739931517177358e-03
2.765297554433345916e-03
2.337929552627934175e-03
2.382438133160273350e-03
2.401649292765392282e-03
2.339267076717482536e-03
2.356439127276341045e-03
2.435095573051108270e-03
2.747517543741398362e-03
2.550338570856385684e-03
2.380428828506005959e-03
2.415439045677582504e-03
2.487435828273495009e-03
2.848686180594894521e-03
2.495201083107126926e-03
4.026745520532131264e-03
2.774404361844062805e-03
2.600332762425144623e-03
2.464309779720173874e-03
2.359713537411557358e-03
2.597433679426709892e-03
2.349335658881399232e-03
2.350848970106906265e-03
2.652079109102487356e-03
2.392903586021728150e-03
2.413872342763675582e-03
2.306755541099442339e-03
2.308889432913727169e-03
2.226185548222727080e-03
2.256382394375072448e-03
2.311982065439224104e-03
2.447090053723917965e-03
2.495364463991588989e-03
2.547558872029185087e-03
2.562129744845959879e-03
2.597645428031683003e-03
2.625521955390771288e-03
2.409323390780223825e-03
2.333191284495923432e-03
2.192793008353975236e-03
2.243408054734269755e-03
2.588131925505068442e-03
2.536377480460537924e-03
2.439150068288048132e-03
2.382241355048285696e-03
2.389389458629819895e-03
2.442518100142478804e-03
2.784362066951063044e-03
2.600431326362821587e-03
2.485679817489451753e-03
2.544537306659751339e-03
2.289152052253484552e-03
2.376969320078691026e-03
2.501972387027409130e-03
2.365855077902476178e-03
2.540140379634168478e-03
2.402449794527557105e-03
2.547984148065248963e-03
2.574457319246398028e-03
2.341537306913071218e-03
2.364607089095645265e-03
2.445791021196378531e-03
2.252627770519918804e-03
2.368353189279635927e-03
2.463063102008567970e-03
2.580920173786580615e-03
2.471789411372608564e-03
2.304067341610789490e-03
2.558388811432652822e-03
2.847250538567702109e-03
2.612993585773640184e-03
2.943903257449467879e-03
2.754298555147316648e-03
2.636932554758257378e-03
2.501057876377469832e-03
2.385026773230897006e-03
2.383337272331118722e-03
2.421910081886582793e-03
2.409825231879949691e-03
2.430929717504316020e-03
2.392777715706163183e-03
2.403033191545141892e-03
2.330992963785926547e-03
2.234447081055905993e-03
2.466913728664318819e-03
2.350688753649592469e-03
2.464471302098698250e-03
2.430951746387614246e-03
2.361120253594385047e-03
3.119718344468209656e-03
2.447401223083337050e-03
2.364916432028015252e-03
2.337793767866161183e-03
2.436876406686173599e-03
2.349535045731398954e-03
2.456567717923058454e-03
2.225420410848326369e-03
2.199977402471833734e-03
2.380782073984543442e-03
2.223481520906918536e-03
2.503927030290166618e-03
2.366619050088856167e-03
2.306208606395456547e-03
2.651981893512937553e-03
2.528759781271219375e-03
2.444078393487466704e-03
2.386475046061807027e-03
2.417163251795702295e-03
2.548331022262573329e-03
2.682942896046572236e-03
2.238399155644906977e-03
2.322502943376700268e-03
2.367307655513286799e-03
2.354030745724836927e-03
2.300113654798931553e-03
2.723813011414475110e-03
2.383209545579221406e-03
2.394260039760006970e-03
2.369353749996258064e-03
2.380555326946907392e-03
2.496020738035440324e-03
2.463945133818520438e-03
2.360114666840268296e-03
2.274892005241579453e-03
2.275109777434004745e-03
2.565695240886674972e-03
2.357212720024916882e-03
2.540214341133832827e-03
2.424253432287110099e-03
4.035288089265426370e-03
2.729458116615811770e-03
2.484955478252635908e-03
2.403715928085148508e-03
2.274172621675663725e-03
2.784990211948752594e-03
2.391521282907989321e-03
2.259118352085351823e-03
2.270063867585526540e-03
2.244129282836284864e-03
2.336050749032033986e-03
2.433291695391138522e-03
2.492483943286869386e-03
2.388888256003459352e-03
2.470207830063170847e-03
2.325277086864742989e-03
2.287249805198775590e-03
2.317105440629853210e-03
2.335678977477881509e-03
2.327236665619744106e-03
2.142290909671121235e-03
2.228988808476262823e-03
2.303074425500300365e-03
2.240003338601026083e-03
2.153006561307443511e-03
2.358797573380999948e-03
2.371504924570520811e-03
2.295071809656090093e-03
2.277858295581407233e-03
2.547795923633707979e-03
2.591326838980118584e-03
2.567370933377080295e-03
2.709294674504134515e-03
2.376113441876239168e-03
2.232626319552461457e-03
2.293426624188820307e-03
2.192801127417219869e-03
2.290472978105147651e-03
2.403664645324978585e-03
2.164320960744387651e-03
2.222125516790482945e-03
2.278721198025677065e-03
2.238566875457763568e-03
2.289484619266457174e-03
2.409369180806808942e-03
2.478233733110957616e-03
2.519828635785314585e-03
2.255169802034894672e-03
2.837766967713832925e-03
2.499892012112670328e-03
2.729318605528937430e-03
2.340201212921076256e-03
2.263199324823088159e-03
2.492630156791872473e-03
2.561575217793385286e-03
2.364797201007604738e-03
2.351805332841144618e-03
2.324424406720532101e-03
2.291805536175767471e-03
2.515295197566350290e-03
2.691532060917880935e-03
2.729961537859505998e-03
2.518178145918581294e-03
2.171197119686338675e-03
2.296566493395301931e-03
2.296872644995649488e-03
2.211827571607298364e-03
2.208203793399863765e-03
2.243306579378743799e-03
2.245615820089975814e-03
2.235490980868538435e-03
2.253086196465624649e-03
2.349661634200149278e-03
2.286669777499304810e-03
2.443583195822106400e-03
2.257588729262351938e-03
2.359922684522138599e-03
2.170747784483763754e-03
2.230794942006468842e-03
2.334916520242889815e-03
2.366754717917906106e-03
2.337974325443307761e-03
2.712370661708215971e-03
2.596859656688239783e-03
2.246460947725507917e-03
2.291841859825783246e-03
2.353827066512571235e-03
2.176545137125584974e-03
2.262498060655262870e-03
2.259887659715281456e-03
3.105458367822898618e-03
2.379198489814168729e-03
2.223986449340979200e-03
2.103165456404288650e-03
2.286866600107815683e-03
2.430000535936819098e-03
2.346667645292149773e-03
2.331442130315634995e-03
2.331354841589927847e-03
2.322050384763214327e-03
2.337724644069870145e-03
2.205903889714843844e-03
2.263251367128557567e-03
2.307175937005215022e-03
2.327707450216015116e-03
2.598221629030174687e-03
2.411669817649655847e-03
2.210236245559321546e-03
2.204737730531228842e-03
2.085393033921718788e-03
2.313138486610518546e-03
2.968014752906229705e-03
2.584559289324614775e-03
2.374747251677844333e-03
2.289517629477713038e-03
2.245523797141180892e-03
2.398992378471625966e-03
2.311841474018163072e-03
2.101772639693485264e-03
2.233703780091471098e-03
2.618169858016901504e-03
2.540521400256289496e-03
2.493570191371772236e-03
2.331887533267339076e-03
2.520824297227793227e-03
2.442810472307933769e-03
2.222103553099764785e-03
2.081107955632938242e-03
2.169516945464743628e-03
2.162417434673342270e-03
2.201022646493381793e-03
2.421985103024376553e-03
2.209647555525104130e-03
2.368042460746235325e-03
2.202249220055010545e-03
2.236682499448458539e-03
2.709884320696194938e-03
2.226428417488932662e-03
2.513436381705105426e-03
2.356915471868382701e-03
2.282903896023829975e-03
2.326887657658921384e-03
2.282664953834480804e-03
2.229112800624635272e-03
2.695412179455161129e-03
2.604688939948876514e-03
2.305718801087803301e-03
2.267791666090488226e-03
2.248802284399668578e-03
2.216913958804475095e-03
2.136646879629956405e-03
2.196011054846975369e-03
2.475600840213398098e-03
2.277948576956987520e-03
2.297888588574197727e-03
2.251240246825748047e-03
2.334056444362633646e-03
2.192134805954992945e-03
2.151620148991545151e-03
2.502998103284173517e-03
2.244455044468243992e-03
2.205052077252831616e-03
2.217498963905705292e-03
2.175622345465752679e-03
2.271608069746030613e-03
2.127172909159627014e-03
2.111917612039380596e-03
2.178768667702873658e-03
2.152221156284213170e-03
2.448027774484621156e-03
2.233475170408685817e-03
2.210843509270085400e-03
2.172709722589287549e-03
2.068758440307444987e-03
2.158665408690770612e-03
2.196550678668750776e-03
2.360555204666323244e-03
2.424043956626620658e-03
2.229728197885884160e-03
2.215529378089639827e-03
2.063720560529165842e-03
2.129068564002712608e-03
2.229044139385223319e-03
2.479968956775135611e-03
2.345287843296925065e-03
2.533725752081307948e-03
2.121074807105792926e-03
2.112512282199329860e-03
2.236136733036902125e-03
2.149858816216389332e-03
2.257242687046527758e-03
2.239924524393346363e-03
2.206925490043229725e-03
2.186553808343079473e-03
2.423979443394475367e-03
2.410365127854877110e-03
2.275122008803818000e-03
2.201974394006861631e-03
2.212317952265342204e-03
2.107944172393116759e-03
2.230872826443778059e-03
2.389372344025307224e-03
2.261739134167631456e-03
2.324681294461091244e-03
2.160097798332572070e-03
2.238365080621507273e-03
2.359747433414061731e-03
2.629327997565269418e-03
2.252142729444636150e-03
2.274358965870406854e-03
2.303141860498322206e-03
2.385240172346432975e-03
2.394963304201761824e-03
2.283319529766837837e-03
2.267025327309966226e-03
2.367557850148942732e-03
2.609544383982817430e-03
2.459976103984647285e-03
2.369464363695846822e-03
2.321056512494881763e-03
2.594602885138657354e-03
2.471196605927414303e-03
2.177955231939753076e-03
2.164739075944655672e-03
2.202689968463447320e-03
2.256142368747128361e-03
2.198986828637619888e-03
2.129505111111534756e-03
2.235150644038286661e-03
2.040339603813158282e-03
2.104523669307430730e-03
2.219297272256678857e-03
2.412465388576189810e-03
2.185941630353530063e-03
2.213622836603058690e-03
2.269749842687613425e-03
2.150150872766971519e-03
2.284529845023320835e-03
2.112921688498722254e-03
2.428226674286027963e-03
2.142893409149514497e-03
2.158924988470971740e-03
2.162118649317158400e-03
2.207883771301971405e-03
2.683115264193879253e-03
2.197214734430114232e-03
2.236773577622241330e-03
2.326105730090704225e-03
2.362469562018910865e-03
2.168121910136606989e-03
2.640797317338486501e-03
2.296728318971064456e-03
2.317619269920719819e-03
2.200340150545040691e-03
2.228748697994483840e-03
2.196237723756995497e-03
2.169240833156638529e-03
2.331232200894090782e-03
2.539701308641168723e-03
2.254421117508577030e-03
2.116904003131720759e-03
2.106955021412836113e-03
2.097874233085248157e-03
2.134190980965892503e-03
2.302626460376713206e-03
2.262684318961368651e-03
2.284677271317276520e-03
2.341331301463974758e-03
2.403146180634697406e-03
2.402758379984232945e-03
2.156385909765958994e-03
2.033499609678983758e-03
2.122213427598277930e-03
2.236558182889388565e-03
2.195397991066177883e-03
2.127153472974896344e-03
2.107831767449776152e-03
2.132556470524933547e-03
2.228750764495796791e-03
2.335251440397567366e-03
2.146205291565921568e-03
2.146218689158558863e-03
2.446016138419509003e-03
2.284129759710696022e-03
2.140118391770455368e-03
2.241787217143509196e-03
2.358627167737318252e-03
2.347984362083176818e-03
2.186554583927823470e-03
2.075500416879852775e-03
2.233446699360178752e-03
2.155832853168249044e-03
2.302860535888208264e-03
2.215746426954865334e-03
2.112773270863625881e-03
2.141628029963208585e-03
2.035403037443757161e-03
2.153710744136737559e-03
2.098556078142590174e-03
2.088599817620383301e-03
2.081758902511663019e-03
2.348431480220622598e-03
2.206813166331913698e-03
2.135669531093703499e-03
2.091258157872491474e-03
2.239732067100703820e-03
2.102024859438340020e-03
2.243357298688756097e-03
2.485470162290665756e-03
2.157684157912929685e-03
2.261143650652633948e-03
2.215185256467925180e-03
2.234242725082569506e-03
2.277113617294364376e-03
2.215556336773766462e-03
2.141801438604791843e-03
2.235445940039223946e-03
2.123836708358592309e-03
2.248869484497440993e-03
2.338450567072464237e-03
2.148615506788094983e-03
2.185346644578708454e-03
2.188157047041588543e-03
2.227368154045608270e-03
2.177448653512530780e-03
2.291733929887413822e-03
2.307913257843918070e-03
2.369812480691406605e-03
2.113913642759952284e-03
2.259994520702295930e-03
2.130663093282944825e-03
2.137300340044829498e-03
1.969364362044466812e-03
2.206688374798330878e-03
2.082512896094057368e-03
2.256774184190564730e-03
2.473598708812561192e-03
2.219301563584142375e-03
2.124729694591628252e-03
2.075200989428493698e-03
2.342408777525027685e-03
2.247852050802773716e-03
2.078201363070143401e-03
2.107320129871368200e-03
2.049819933664467388e-03
2.142562615788645101e-03
2.105270013627078864e-03
2.177857647960384623e-03
2.237095163307256315e-03
2.184307651283840142e-03
2.247990113165643580e-03
1.977769095036718393e-03
2.026232608283559580e-03
2.265594373974535048e-03
2.235129363834857837e-03
2.325086945460902357e-03
2.221892292921741601e-03
2.249785807604591081e-03
2.040219528393612952e-03
2.042910417334900790e-03
2.029169863607320577e-03
2.058630014459291932e-03
2.062768910287155096e-03
2.166779042325085898e-03
2.116338840375344126e-03
2.069763052794668448e-03
2.137410294574995651e-03
2.098353756591677614e-03
2.126332919320298581e-03
2.100726905175381073e-03
2.114668252567450130e-03
2.189411710326870288e-03
2.184822290825347204e-03
2.035513284823133040e-03
2.088004599014918038e-03
2.124792288781868124e-03
2.222463652077648431e-03
2.071250598463747049e-03
2.171319099660549024e-03
2.193145109340548411e-03
2.220823421246475443e-03
2.126891402424209519e-03
2.062017008041342088e-03
2.137781874690618603e-03
2.088294500071141268e-03
2.195008776875005761e-03
2.171727722096774334e-03
2.031488621400462467e-03
2.167232119374805019e-03
2.157852773865064078e-03
2.196874259453680898e-03
2.167963092215359228e-03
2.216701690728465918e-03
2.160486918356683324e-03
2.304918329334921297e-03
2.238827316711346476e-03
2.055793950955073137e-03
2.078412926445404735e-03
2.195112390133241616e-03
2.155411375893486782e-03
2.077615621189276337e-03
2.142989332270291234e-03
2.147877685104807380e-03
2.507036028222905163e-03
2.172792695669664449e-03
2.184755793876118086e-03
2.082762000047498185e-03
2.086361622851755967e-03
2.168419034116797917e-03
2.250758788237969092e-03
2.253902491389049578e-03
2.149632876324984645e-03
2.175215657593475641e-03
2.062305364136894636e-03
2.089812121250563329e-03
2.268355574148396472e-03
2.084614465840988872e-03
2.013393427348799183e-03
2.233129114740424557e-03
2.193651631888416179e-03
2.129911618410713220e-03
2.110183911605013549e-03
2.186673312551445317e-03
2.065533510305815439e-03
2.248844033521082454e-03
2.373460350661642064e-03
2.220109028017355421e-03
2.014466664857334464e-03
2.022012786732779732e-03
2.057275330233905228e-03
2.011134876973099100e-03
1.972638523826996618e-03
2.374561066842741271e-03
2.238437929708096772e-03
2.156885536387562717e-03
2.361376869181791745e-03
