7.041407957673072315e-02
4.830109000205993347e-02
4.737951901223924622e-02
4.598655455642276096e-02
4.498423771725760384e-02
4.374305036332871988e-02
4.321747119228044887e-02
4.192040349046389364e-02
3.441402517259120608e-02
3.238132774002022013e-02
3.172914264930619399e-02
3.105067372322082436e-02
3.055128216743469363e-02
3.008118319842550611e-02
2.960901297628879686e-02
1.818518867095311395e-02
1.635237237645520078e-02
1.615120280947950071e-02
1.535836471451653383e-02
1.481291924913724287e-02
1.452478030489550744e-02
1.436093009180492742e-02
1.399414567069874951e-02
1.385082777175638408e-02
1.458430070430040415e-02
1.370202353845039953e-02
1.287352977941433503e-02
1.322743456810712877e-02
1.252223690764771649e-02
1.293071000112427579e-02
1.244581092562940458e-02
1.213338608956999326e-02
1.170441356384091872e-02
1.164086069083876060e-02
1.159732957681020027e-02
1.184615252746476152e-02
1.233957114732927782e-02
1.139556735340091845e-02
1.099060668713516646e-02
1.098899378130833299e-02
1.171032472203175148e-02
1.111500086055861557e-02
1.077206725047694276e-02
1.052660261591275605e-02
1.169491642879115154e-02
1.059181066436900090e-02
1.049368706842263542e-02
1.131828777492046439e-02
1.060088628696070727e-02
1.071970080335934994e-02
1.005277540534734761e-02
9.813094370894961949e-03
1.019639513144890430e-02
1.049948911286062610e-02
9.952924632363848931e-03
9.921258596910370597e-03
9.989444038106335896e-03
1.006572244067986850e-02
9.896297057469685340e-03
1.020213083467549735e-02
9.546527183718150900e-03
1.013554505589935560e-02
1.019856601125664237e-02
9.732694551348685524e-03
9.274512239628367877e-03
9.486423172056675235e-03
1.082898236397239825e-02
9.272933867242601214e-03
9.365552957687112851e-03
8.932369833605156156e-03
8.845142631067169289e-03
1.051091632081402674e-02
9.332787647015517926e-03
9.085853488908873093e-03
1.018050873031218877e-02
9.315557937241262382e-03
8.761659301817416312e-03
8.983862640129194888e-03
9.234347442785898613e-03
9.288551662531164405e-03
9.223298372493849567e-03
9.119924836688572331e-03
9.788948794205982670e-03
9.224226044283972623e-03
8.413545174731149393e-03
9.342860902349153437e-03
9.368577409121725541e-03
8.636597386664814080e-03
8.662601804567708272e-03
9.172155492835573978e-03
9.162918714185555244e-03
8.777864000035657047e-03
8.610816072258683715e-03
8.899125564429495247e-03
9.171021135730875878e-03
8.228137861523363017e-03
8.077140988575088124e-03
8.559186144007576574e-03
8.413165629737906145e-03
8.242902991672356947e-03
9.212821117705768253e-03
8.908018842339516033e-03
8.076523356139659812e-03
8.422851049237780816e-03
8.702531200316217935e-03
8.624538160446617099e-03
8.228668020003371969e-03
8.343456296457184285e-03
8.661735132336615892e-03
8.665850435694058204e-03
8.141811030606429384e-03
8.147310449017418355e-03
9.348794776532385817e-03
9.016136344936158745e-03
8.228403172559208695e-03
8.071245720816983688e-03
7.921304725524451820e-03
7.934252255492740824e-03
8.088936027553346453e-03
7.923024296760559568e-03
8.154728100117709239e-03
8.339528720825909944e-03
7.964970639182462203e-03
7.776069920510053635e-03
7.786790641645590857e-03
7.608834356069564542e-03
8.034655182725853467e-03
7.979479995038774726e-03
7.616571167276965648e-03
8.413692762454350049e-03
8.117595704065429241e-03
8.283049803641107448e-03
8.136466073079242495e-03
8.172380319899983162e-03
8.052826296124193650e-03
8.027528743777009521e-03
7.675355051954587358e-03
7.831023418241076645e-03
7.562524419691827454e-03
7.424656351407369313e-03
7.407305387573109336e-03
7.356600660002893949e-03
7.924656429224543469e-03
7.620058945483631357e-03
7.903650241593519407e-03
7.929333342860141534e-03
7.427071512987216441e-03
7.509037237614393095e-03
7.729890868067741498e-03
7.685586510019169586e-03
7.599432116581333711e-03
7.799972618619601360e-03
7.262908332049847031e-03
7.834185254242684651e-03
8.029528214699691371e-03
7.798220486276679318e-03
7.470913285182581576e-03
7.497332265807522475e-03
7.712661278330617230e-03
7.339586216128534714e-03
7.242906426803932818e-03
7.365642881227864487e-03
8.135629569490749821e-03
7.559010870754718885e-03
7.530641152213016741e-03
7.648831191990110474e-03
7.677238856752713336e-03
8.058068710896704179e-03
7.321706869535976082e-03
7.481594404412640793e-03
7.654502118627230095e-03
7.682428451048003461e-03
7.764089480042457234e-03
7.441904271642366640e-03
7.151194152732689817e-03
7.578646929727659957e-03
7.526597419960631696e-03
7.483839819000827169e-03
7.072267985592285873e-03
7.275484218779537486e-03
7.359561762875980843e-03
7.373349600368075962e-03
7.189737554225656552e-03
7.408946247564421675e-03
7.106532384124067230e-03
7.346945477442608577e-03
7.293377990523973800e-03
7.450975517017973879e-03
7.407951166646348055e-03
7.291831634938716541e-03
7.512250683373874680e-03
7.142681887166367830e-03
7.241496460305319946e-03
8.183110000358687422e-03
7.358347065746784210e-03
7.148042275673813055e-03
7.473199348896742041e-03
7.102848817076947915e-03
7.361378293070527934e-03
7.480314713385369935e-03
7.504449345999294162e-03
7.052108475731479025e-03
6.883945543732908345e-03
7.104168652246395897e-03
6.926404163241386275e-03
6.982816929618517778e-03
7.330704662534925746e-03
7.199526383645005016e-03
7.238046245442496772e-03
7.105869232780403361e-03
7.179889451298449195e-03
7.214681998723083099e-03
7.245415651963816976e-03
7.018589273922973271e-03
7.031719005770153096e-03
7.175993087391058234e-03
6.872772458526823364e-03
6.902512792083951784e-03
6.828146502375603139e-03
8.793537293871243887e-03
8.114092828085025730e-03
7.059852294623851499e-03
7.111684942824972669e-03
7.085382236788670580e-03
7.539985606239901945e-03
8.012680676248338033e-03
7.485499824914667449e-03
7.395899260623587865e-03
7.191534125142627458e-03
7.222144740323225252e-03
7.128661192125744679e-03
6.730013481444782446e-03
6.859798398282792448e-03
7.291424471057123338e-03
6.835564018951522346e-03
6.770546771585941523e-03
7.450775769021775706e-03
7.378795316649807562e-03
6.823259962515698142e-03
7.014427625884612529e-03
6.950617006255520487e-03
6.901924752940734320e-03
6.675432274738947978e-03
6.836691883703073166e-03
7.285118835667769507e-03
6.843543466594484079e-03
6.556843440565797952e-03
6.862518768757581641e-03
6.840809540202220408e-03
6.671900484297011054e-03
6.806956560661395206e-03
6.839768774807452982e-03
6.739716933419306888e-03
6.916170128517681003e-03
6.814298704266547740e-03
6.931971713072723577e-03
6.833585233738025122e-03
7.206128065784772607e-03
6.670536566525697361e-03
6.754273333483272121e-03
6.703278281622463211e-03
7.274957779381010549e-03
6.650008921407991359e-03
6.801797288159529276e-03
6.803761248787244462e-03
6.960317347612645852e-03
6.769239434765444811e-03
7.209786224282450397e-03
6.713207320620616543e-03
6.545779371841086401e-03
7.201163404517703197e-03
6.824785628252559230e-03
6.949531146221691116e-03
6.793877921170658231e-03
7.063020867192082615e-03
6.524515648682911902e-03
6.654474909106890095e-03
6.502055861055851260e-03
6.522102629144986216e-03
7.315354628695381820e-03
7.239516749978065421e-03
7.434316420306762326e-03
6.719349386791388309e-03
6.959278006106615379e-03
7.011309158470895551e-03
6.762471710228258083e-03
6.724029154413275859e-03
7.985978263119856979e-03
7.601600686709086320e-03
7.073699896120362943e-03
6.804680306878354776e-03
6.863324729104836909e-03
6.901435013860464027e-03
6.589979661835564800e-03
6.506224992788500402e-03
6.727779147525628570e-03
6.998467362589306205e-03
6.848538844949669628e-03
6.725047799862093716e-03
6.429169101433621254e-03
6.340255640033218634e-03
6.490228403773572532e-03
6.441550461782349218e-03
6.496636018984847626e-03
6.728500779718160803e-03
6.633802759978506616e-03
6.413222485118442485e-03
6.587263887955083046e-03
6.876407555407948111e-03
6.663081041640705159e-03
6.603281646966933927e-03
7.305888359745343723e-03
6.806945970488919272e-03
6.513162263565593253e-03
6.424335808389716913e-03
6.624649713436762608e-03
6.731545178012715049e-03
7.031269019676579524e-03
6.727724600997236383e-03
6.336446603139241594e-03
6.678919659720526647e-03
6.509054381814267931e-03
6.437906867100133199e-03
6.543849957072072655e-03
6.908173573513825931e-03
7.076011763678656877e-03
6.643242043339543483e-03
6.449726232224040588e-03
6.519374731514189156e-03
6.671008146885368424e-03
6.102672604223092524e-03
6.120103968100414939e-03
6.383861497872405852e-03
6.293406200905640735e-03
6.497175784574614477e-03
6.413328283362918457e-03
6.798160645282930528e-03
6.530076315005620656e-03
7.018246211939387601e-03
6.842236148400439311e-03
6.278964752952257561e-03
6.562578862326013014e-03
6.252471566614177349e-03
6.297100016640292362e-03
6.390243826640976468e-03
6.317903128349118373e-03
6.827153801504108610e-03
6.560016777366399661e-03
6.980393272307184281e-03
6.502467600835694188e-03
6.170396212902333651e-03
6.413164494766129820e-03
6.443536320908202497e-03
6.491012366281615278e-03
6.260354574769735371e-03
6.233399003330203879e-03
6.439355607661936300e-03
6.965604672829309868e-03
6.369393561035394460e-03
6.846720681836207870e-03
6.876755727248059537e-03
6.262595316188203365e-03
6.338494426260391640e-03
6.518015758030944705e-03
6.298408355149958185e-03
6.617533444530434260e-03
6.326004206720325408e-03
6.450938149872753775e-03
6.415369020154078686e-03
6.408300925460126522e-03
6.893682326707574991e-03
6.668574658946858913e-03
6.530155949294566727e-03
6.398282914112011707e-03
6.960841947131687045e-03
6.161557679168052325e-03
6.076998205648527843e-03
6.183720858146746560e-03
6.286525244100226416e-03
6.118047578881184029e-03
6.387867956525749430e-03
6.234745085239410019e-03
6.237095743417739487e-03
6.265866236968172659e-03
6.275704320934084000e-03
6.289227435158358664e-03
7.111362570689784036e-03
6.870093486375279321e-03
6.506116864167981254e-03
6.344675783895784363e-03
6.366440844204690648e-03
6.369208033300108665e-03
6.210325116084681844e-03
6.224349021083778501e-03
6.285638625009192480e-03
6.477429347319735298e-03
6.553110287835200998e-03
6.530952134894000075e-03
6.397869978100061486e-03
6.293421979579660874e-03
6.301097853316200981e-03
6.073262252741389727e-03
6.001010512312253582e-03
6.583680276655488189e-03
6.239440896444850386e-03
6.109165180888441113e-03
6.322996988892555514e-03
6.266073226514790040e-03
6.260572195880943248e-03
6.213561919414334854e-03
5.921588271028465494e-03
6.147081609815359220e-03
6.387936398386955678e-03
7.274485383596685471e-03
6.525073010060522018e-03
6.233155909511778163e-03
6.734451920621924853e-03
6.629050218810638058e-03
6.210871198111110603e-03
6.484304432653718170e-03
6.065135527816083519e-03
6.171219845612843993e-03
6.417443683991829427e-03
6.840158077991671109e-03
6.413155752751562716e-03
6.611823106391562406e-03
6.241126768290996413e-03
6.578022535476419491e-03
6.497813624640305478e-03
6.252449924747148849e-03
6.088235715611113770e-03
5.973277160276969575e-03
6.160894961406787607e-03
6.145148194498486344e-03
6.084442757483985928e-03
6.010909432338343988e-03
6.146257623202270627e-03
6.172192740357584223e-03
6.179510564025905012e-03
6.019812381515900722e-03
6.425694616304503115e-03
6.190209852324591450e-03
6.372722528047032250e-03
6.583926764627297604e-03
6.478709657159116217e-03
6.288343916336694948e-03
6.556042470037937164e-03
6.690139737394120920e-03
6.250398721959855505e-03
6.773239463153812520e-03
6.277016668270032039e-03
6.084713066617647437e-03
6.244672685861587733e-03
6.300941831949684498e-03
6.394134234223101086e-03
6.375787787967258230e-03
7.058717544294065491e-03
6.128712234397729226e-03
6.054749904821316725e-03
6.083747963938447752e-03
6.203106372720664993e-03
6.039771795686748462e-03
6.313066244539287247e-03
6.516868739078441990e-03
6.267995780540836989e-03
6.200708250204722480e-03
6.507153078499767346e-03
6.064272433933284162e-03
6.135041618512736619e-03
6.088768459028667986e-03
5.963066797703504320e-03
5.903933052387502420e-03
6.041795048448774484e-03
5.855772277961174450e-03
6.006928307728635029e-03
6.098093963745567468e-03
6.142812561657693543e-03
5.856317993667390330e-03
6.372148375958204027e-03
6.553634334769514215e-03
6.175891709410481940e-03
6.184161504109700683e-03
6.164697932286395017e-03
6.806504271096653486e-03
6.091132598618666759e-03
5.931056315700213022e-03
5.840918349309100373e-03
6.364917637159427100e-03
6.000800859183073356e-03
5.958294818798700980e-03
6.178566848652230006e-03
6.131585447324647102e-03
6.303722748739851688e-03
6.051728013488981775e-03
6.299225652797354677e-03
6.113597618208991072e-03
6.507874733457963065e-03
6.302360821929242456e-03
6.141023333701822913e-03
5.823748962332804709e-03
5.973448169728120573e-03
5.838471026056342439e-03
5.941541134897205222e-03
6.579614180243677744e-03
6.401624427073531777e-03
6.284342474407620012e-03
6.516927849087450139e-03
6.027094316151407338e-03
5.971333202388551774e-03
5.968084929303990767e-03
5.850455477419826827e-03
5.842216403947935767e-03
5.973629007736841814e-03
5.979392660988701313e-03
6.216161654641230543e-03
6.017841593258911083e-03
6.366676129400730515e-03
6.348388629655043330e-03
6.534471157938242375e-03
6.340642751504977671e-03
5.932940844860341671e-03
6.344338322265281015e-03
6.304085858994059981e-03
6.209453044252263507e-03
6.106631430900759036e-03
5.862501727210150601e-03
5.885395324892467826e-03
5.970158521085977901e-03
6.217065118253230910e-03
6.322351865884330742e-03
6.002160824007458061e-03
5.879978448566463602e-03
6.210056634412871451e-03
5.977818990747133833e-03
6.255781015174256138e-03
6.286297208733028843e-03
6.434506045447455254e-03
6.039092685613367539e-03
6.293427937974532121e-03
5.982479206803771772e-03
5.880429728163613125e-03
5.995040473838647230e-03
5.871112906477517560e-03
5.948397960099908663e-03
6.119366530328989272e-03
6.266178319023715283e-03
6.195465005520317536e-03
6.378687738130489962e-03
5.855905906193786467e-03
6.275799195799562635e-03
5.870581219593684098e-03
5.733859437621302048e-03
5.707184525413645446e-03
6.086435094475746085e-03
6.033100893514023629e-03
5.922686300343937144e-03
5.644254119445879861e-03
6.229922775593068653e-03
6.154751249899466543e-03
6.086887973878118800e-03
5.989794917404651919e-03
5.756401839769548570e-03
6.029238344894514989e-03
5.813686468948920695e-03
5.896679076055685344e-03
5.750650459279616454e-03
5.756971564971738280e-03
5.797725431621074919e-03
6.191560580498642677e-03
5.800516344606876373e-03
5.994448581089576074e-03
6.079492676589224459e-03
6.384025164362457441e-03
6.099821432597107504e-03
5.810143306023544431e-03
5.823647050807873038e-03
6.037963554263114929e-03
6.110759381618764696e-03
5.916508407228522615e-03
5.607612130956516998e-03
5.882676688747273501e-03
5.976257980283763462e-03
5.973790511488914247e-03
5.623448969175418380e-03
5.751749784168269826e-03
5.867784267498387177e-03
5.948980928709110029e-03
5.814578257915046892e-03
5.840417152891556711e-03
6.209627164320813582e-03
6.084641381684277074e-03
5.911691110167238347e-03
6.209342773589822916e-03
6.021621107227272639e-03
6.214415842874182819e-03
5.891300023843844789e-03
6.103785340156819839e-03
5.720484966619147210e-03
5.627542001505692407e-03
5.878726630989048255e-03
5.784012205484840782e-03
6.265650401926703070e-03
5.990405542155107128e-03
6.184745027373234061e-03
6.342212512261337365e-03
6.031095952623420457e-03
5.887684671001302064e-03
6.116687460905975704e-03
6.099306982424524196e-03
5.725806452747848711e-03
5.805261640085114180e-03
6.002035691506332413e-03
6.391638159337970602e-03
5.811187807056639176e-03
5.992211028933524739e-03
6.165670110947555661e-03
6.115993170274628722e-03
6.113374046981335033e-03
5.730433139122194722e-03
5.845671805242697375e-03
6.060172323551442537e-03
6.042146258470084720e-03
5.738453732596503556e-03
6.659781862464216398e-03
6.022504882680045080e-03
6.338090064624945369e-03
5.986531273358398214e-03
6.245851868556605291e-03
5.702742696222331750e-03
5.706359415004650694e-03
5.692193067322174650e-03
5.941658446358309524e-03
5.949651998364263034e-03
5.917255003005265912e-03
6.084692411952548514e-03
6.035579163581133132e-03
5.762101867132716701e-03
5.809538037412696580e-03
5.820482646425565072e-03
5.726437581082184994e-03
5.879455562680959563e-03
5.690603835715187832e-03
5.722915482603841732e-03
5.879074264731672106e-03
5.924981104003058940e-03
5.757544783668385249e-03
5.840096320543023897e-03
5.833190963086154479e-03
5.911419199158747875e-03
5.964433434936734953e-03
5.985619856251610596e-03
5.880581972499688594e-03
5.723059568554162910e-03
6.135253086686134200e-03
5.676001235842704704e-03
5.784020247972673605e-03
5.924944480260213239e-03
5.992638549456993577e-03
5.987387100855509105e-03
5.736109773731894179e-03
5.873020481732156399e-03
5.615748834485808846e-03
5.675383810367849204e-03
6.294284338752428702e-03
5.857948228302929487e-03
5.616890361739529207e-03
5.758556094434525915e-03
5.947355516254902198e-03
5.822758933322296979e-03
5.696623853097359733e-03
5.881768291195233617e-03
5.799303050670358978e-03
5.792465963297420244e-03
5.679770757754643538e-03
5.722754839807748552e-03
5.751529482917652931e-03
5.899461035927137074e-03
7.379805288381047039e-03
6.626102547678682821e-03
6.086786167903078873e-03
5.826999789310826142e-03
5.702076955801911075e-03
5.759310014545917546e-03
5.711013467775451213e-03
5.809090721110503168e-03
6.613228890217012594e-03
5.887315037349859920e-03
5.889734205686383492e-03
5.740433995508485189e-03
6.543150622811582003e-03
5.746796727180480957e-03
5.544835258689191290e-03
5.825390799178017769e-03
6.062131927659114572e-03
5.731441388941473092e-03
5.621770458916822838e-03
5.950460738192001747e-03
5.709744139264027497e-03
5.972230173647403995e-03
6.252534882062011669e-03
5.880684434539741601e-03
5.999989588227536835e-03
5.642565799256166019e-03
5.501118602438105631e-03
5.860754464649491763e-03
5.760434325784444601e-03
5.684511909882227453e-03
5.860578908274570974e-03
5.643941166086329127e-03
5.926408494512240381e-03
5.817471935103337051e-03
5.720631811353894987e-03
5.667068393280108932e-03
5.649622533884313472e-03
5.817644995533758148e-03
5.765159096982743619e-03
5.998719398760132999e-03
5.918308742758300774e-03
6.023626101927625001e-03
5.856562579671541723e-03
5.597871128055784649e-03
5.569308213889598985e-03
5.699278207288847875e-03
5.745544990317688963e-03
5.894933251871002991e-03
6.164624558554755024e-03
5.988683013452423924e-03
5.790945651630560742e-03
5.730772496511538777e-03
6.094514715174833945e-03
6.107424396193690021e-03
6.076038041048580085e-03
6.011007893830537865e-03
5.799215943035152497e-03
5.717008308404021924e-03
5.630967343846956727e-03
5.675797872245311355e-03
5.764854463438193015e-03
5.743786394596099576e-03
5.585213543640242528e-03
6.021945538620154456e-03
5.594573294123013525e-03
5.720977373421191892e-03
5.879507445626788904e-03
5.634861209740241357e-03
5.697963893827464633e-03
5.586677071534924648e-03
5.835918350559142313e-03
5.433357817431290829e-03
5.660205562081601499e-03
5.912477489974764071e-03
5.715971589088439733e-03
5.825661706427733358e-03
5.836370643228292257e-03
5.882622881068123519e-03
5.685185131927331624e-03
5.808152577115429684e-03
6.028087389551931193e-03
5.767095912661817508e-03
5.412745450933773884e-03
5.599129829141828545e-03
5.723402613980902408e-03
5.852997321635484279e-03
5.804508121477232677e-03
5.635254232005940632e-03
5.487644403345055127e-03
5.794099751445982299e-03
5.646754523946179334e-03
5.667215846478938779e-03
5.717790366874800877e-03
5.474996388786368753e-03
5.620119476483927644e-03
5.552606377750635321e-03
5.610586112986008442e-03
5.562796909362077886e-03
5.748553187068965349e-03
5.776057607597775284e-03
5.857911780476570025e-03
5.895984189377890920e-03
5.918653870208396076e-03
5.650347154587506866e-03
5.723639722499582715e-03
5.703335305054982492e-03
5.641164885212977299e-03
5.966227592693434424e-03
6.212464453031619170e-03
6.122590394483672094e-03
5.918777628491322419e-03
5.860441318816608618e-03
5.674904640763997997e-03
5.795249162862697867e-03
5.930560382290018737e-03
5.696830935776233361e-03
5.985699159403641903e-03
6.021071411669254476e-03
5.771497399028804355e-03
5.791930221021175142e-03
5.831409235381417554e-03
6.150839508821567304e-03
5.977859066592322232e-03
5.535602211538288332e-03
5.884452487031619113e-03
5.753162977182203243e-03
5.685582167158523791e-03
5.709356446233060552e-03
5.934848663293653022e-03
5.588059553669558373e-03
5.820346114536126790e-03
5.773203327423996091e-03
6.145727804137600392e-03
5.820041263682974517e-03
5.456673747135533555e-03
5.425060631500350054e-03
5.694910883903503418e-03
6.042954276005427401e-03
5.551307282100121157e-03
5.541869004567464077e-03
5.535303637799289175e-03
5.729257629977332206e-03
5.579626237352689443e-03
5.946422887759076140e-03
5.820540007617738820e-03
5.755658435324827703e-03
6.519375149574544587e-03
6.517703268263075507e-03
5.729432238472832208e-03
5.652648601680993791e-03
5.763631721751557788e-03
5.616305064823892169e-03
5.374181912177138955e-03
5.458104208939605281e-03
5.816211075418525542e-03
5.711051840335130449e-03
5.582622900191280650e-03
5.420113439775175318e-03
5.716786599821514249e-03
5.559259961462683329e-03
5.550530230005581989e-03
5.429063538710276506e-03
5.775583694792456139e-03
5.743413917306396804e-03
5.561532781769832137e-03
5.520919035706254793e-03
5.500052229811747823e-03
5.448111366066667703e-03
5.432605521960390781e-03
5.535984223501549603e-03
5.616948459711339388e-03
5.769022930827405991e-03
5.583191977606879498e-03
5.426985929823584069e-03
5.605882251014312166e-03
5.656690721710522750e-03
5.980981006804439622e-03
5.659690006739563108e-03
5.407652492738432293e-03
5.436969498793284283e-03
5.710966769191953667e-03
5.791497079448567134e-03
5.480294478022390038e-03
5.609244400014480082e-03
5.725311158845822201e-03
5.823653334130843469e-03
5.958417635411023851e-03
5.987330958661106137e-03
5.538013151122463985e-03
5.480151116434070664e-03
5.488207690003845014e-03
5.672516574462254518e-03
5.659470984505282631e-03
5.712119299504492265e-03
5.858855274402432686e-03
5.699011596540609799e-03
5.365009245773156611e-03
5.848631544245613822e-03
5.782758278979195470e-03
5.516255307528707651e-03
5.740598382221327907e-03
5.523366464508904471e-03
5.493446091810862651e-03
5.919099075512753751e-03
5.624616853892803504e-03
5.611869367874331056e-03
5.441313348710536714e-03
5.412651819901333552e-03
5.630687984327475103e-03
5.598495921327007949e-03
5.496987770828935457e-03
5.554222100310855260e-03
5.749117040799723612e-03
5.616275529480642924e-03
5.724987942311498754e-03
5.970467591865195010e-03
5.900123980310228132e-03
5.646580018930965304e-03
5.687186531722545658e-03
5.447493096192677388e-03
5.488596604102187644e-03
5.615483857691287890e-03
5.797398349063264018e-03
5.476411456863085163e-03
5.415102518681023241e-03
5.452357172552082555e-03
5.518537941906187169e-03
5.416045931892262549e-03
6.014724065446190940e-03
5.686627378066380807e-03
5.537981061885754314e-03
5.612676650699642208e-03
5.657541331731611237e-03
5.443689067744546771e-03
5.413147297998269387e-03
5.555892201761405101e-03
5.569416377693414515e-03
5.602452374166912684e-03
6.086208863804737877e-03
5.610210887259907062e-03
5.511938600490490746e-03
5.599260932455460069e-03
5.557069902618725840e-03
5.453458887835343875e-03
5.725625471936331840e-03
5.457185105317168862e-03
5.538281196107467004e-03
5.543903764337301115e-03
5.510217050711314034e-03
5.481668743822309606e-03
5.766078252345323459e-03
5.547337598270840262e-03
5.440833328498734245e-03
5.528731325434313448e-03
5.549503660036457682e-03
5.449030268937349493e-03
5.390129863388008237e-03
5.634142710930771687e-03
5.497175020476182360e-03
5.399600788950920278e-03
5.464219548222091181e-03
5.766768070558706688e-03
5.515813055551714757e-03
5.300478815204567005e-03
5.528667552603615774e-03
5.667640960050953497e-03
5.364514369931485532e-03
5.381869259807798601e-03
5.542007568809721382e-03
5.501639230383766760e-03
5.483098934508032207e-03
5.409918619940678325e-03
5.818547732714150073e-03
5.643750491241613688e-03
5.572627743499146934e-03
5.460689690791897984e-03
5.477360350390275516e-03
5.387222758597797964e-03
5.416867016918129780e-03
5.644946247339248553e-03
5.372278644806808938e-03
5.708345657007562156e-03
5.453219587604204478e-03
6.201537756456269174e-03
6.479607278274165071e-03
5.898877355373567666e-03
5.793951635973321190e-03
5.511763141387038614e-03
5.653918522099654273e-03
5.652237437251541458e-03
5.720876463585429332e-03
5.396705729266007730e-03
5.269142627302143486e-03
5.436724709967772490e-03
5.259752925485372717e-03
5.501201262490616750e-03
5.543055240478780843e-03
5.415750236974822135e-03
5.481195898933543392e-03
5.686473751233683815e-03
5.764337010267708145e-03
5.489438910865121306e-03
5.451490084330240515e-03
5.361445473714007530e-03
5.698379776957962321e-03
5.690888449963595747e-03
5.393317546695470914e-03
5.344644981539911806e-03
5.743026665101448776e-03
5.469732243153784153e-03
5.438137124809954044e-03
5.312064759847190398e-03
5.546285323798656047e-03
5.919902494384183221e-03
5.720436403320895528e-03
5.763522918439573615e-03
5.288079256812731020e-03
5.517195005797677354e-03
5.649701025750902307e-03
5.563466228130790718e-03
5.167110910018285486e-03
5.135945131381353113e-03
5.405104261719518438e-03
