1.012739256686634448e-01
6.228884653912650227e-02
6.138552480273776896e-02
6.095105808642175410e-02
6.017337123552957828e-02
5.953668238388167694e-02
5.909956913855340943e-02
5.848792418837547163e-02
5.784952051109738119e-02
4.881521027949121266e-02
4.273897579974598321e-02
4.226043287250731001e-02
4.181363110740979327e-02
4.131781987018055130e-02
4.084431062142054175e-02
4.052914536661571948e-02
4.002855337328380808e-02
3.969758508933914770e-02
3.962869207064310950e-02
3.926469737456904363e-02
3.908463671803474176e-02
3.864066155420409210e-02
3.822576145331064990e-02
3.454712324672275237e-02
3.111599870853953842e-02
3.070815145969390744e-02
3.038182693223158426e-02
2.777045220964484765e-02
2.365759665767351930e-02
2.324349743624528133e-02
2.280730400648382089e-02
2.243826194769806340e-02
2.248057036764091951e-02
2.210285375515620016e-02
1.653849390645821885e-02
1.518432612634367483e-02
1.488185697131686781e-02
1.501385325358973663e-02
1.474475173072682492e-02
1.446756696121560132e-02
1.410194335712326892e-02
1.406028561708000044e-02
1.376721550607019028e-02
1.364930951760874936e-02
1.382656690561109153e-02
1.402033415933450107e-02
1.417691018018457649e-02
1.393887254926893388e-02
1.352201761470900668e-02
1.335847184889846391e-02
1.322100191480583657e-02
1.343056882835096805e-02
1.344784017238351975e-02
1.358109266393714432e-02
1.335997651848528159e-02
1.320182762626144653e-02
1.272694750792450341e-02
1.308635263393322611e-02
1.277235454983181341e-02
1.296776830322212727e-02
1.248513102945354204e-02
1.284040097975068691e-02
1.297006790008809786e-02
1.245907247480418888e-02
1.245388453205426536e-02
1.306388583862119236e-02
1.355115074250433198e-02
1.307926901512675849e-02
1.320187721815374235e-02
1.242367579705185368e-02
1.244792915880680098e-02
1.272112285925282305e-02
1.236091918829414563e-02
1.200091511011123699e-02
1.229462334265311527e-02
1.253592200991180197e-02
1.220924409727255563e-02
1.211815259522861822e-02
1.225723057571384556e-02
1.201145261940028859e-02
1.180482130911615114e-02
1.211315326392650542e-02
1.177070015834437433e-02
1.217357387145360376e-02
1.149214431643486023e-02
1.201483584112591173e-02
1.173602283414867248e-02
1.168273722545968077e-02
1.199611384421587004e-02
1.209501205633083977e-02
1.251607390741507272e-02
1.210438635200262146e-02
1.141208573347992326e-02
1.149037598321835281e-02
1.173212819215324262e-02
1.162679806351661627e-02
1.225718086792363000e-02
1.173643911050425634e-02
1.159141591853565627e-02
1.121697351336479152e-02
1.169616558485560981e-02
1.141687975575526523e-02
1.168617756830321423e-02
1.159642063909106791e-02
1.166445283426178862e-02
1.156804941594600719e-02
1.112292331126001066e-02
1.121412785516844902e-02
1.225449634508954215e-02
1.155364337066809403e-02
1.119269138822952953e-02
1.109255503449175020e-02
1.193863668789466211e-02
1.153690087298552165e-02
1.106554028888543512e-02
1.106803239219718467e-02
1.110352360126044997e-02
1.067137778219249579e-02
1.074589101390706174e-02
1.072169009596109397e-02
1.110308993607759392e-02
1.112584900110960041e-02
1.073259445528189360e-02
1.073299590912130119e-02
1.094380644046598003e-02
1.049932709584633535e-02
1.115067253924078433e-02
1.091297707209984424e-02
1.090915921661588829e-02
1.091572306636306999e-02
1.074001225332418992e-02
1.102027405467298320e-02
1.081931424637635510e-02
1.047378213455279691e-02
1.082130138244893902e-02
1.061956752919488399e-02
1.076377770139111401e-02
1.072950270854764430e-02
1.065903535526659812e-02
1.036604992217487684e-02
1.030041023674938341e-02
1.038699551175037948e-02
1.038474446369542017e-02
1.044495980772707118e-02
1.041224016497532476e-02
1.041598776976267529e-02
1.070011111597220059e-02
1.050803831881946988e-02
1.045543983992603017e-02
1.020666056209140402e-02
1.028103763858477342e-02
1.049000832355684656e-02
1.025997824139065172e-02
1.061969849384493229e-02
1.140003654691908175e-02
1.047299184319045763e-02
1.060845517449908806e-02
1.049689330160617773e-02
1.057073194947507656e-02
1.020519420504569993e-02
1.025293384161260479e-02
1.078234538435935905e-02
1.112109500086969766e-02
1.074243677573071508e-02
1.089443003137906436e-02
1.032472985072268451e-02
1.033299138148625722e-02
1.061216519524653748e-02
1.020270016044378357e-02
1.011507515278127489e-02
1.033048371473948082e-02
1.005335383531120140e-02
1.003392662025160212e-02
9.924009864528973712e-03
9.879279509186744343e-03
9.883443050914340888e-03
1.020902469754219125e-02
1.027909826487302843e-02
1.024364992562267450e-02
1.022733325759569815e-02
9.995407640106148198e-03
1.008047629147768021e-02
1.020123058723078867e-02
1.068512857374217737e-02
1.018690377473831232e-02
1.057102503048049091e-02
1.043541379686858950e-02
1.014618777566485969e-02
9.963509535623920818e-03
1.022589527898364568e-02
1.026720424907075040e-02
1.044138209273417876e-02
1.052251881609360395e-02
1.054728063030375453e-02
9.911573297447628939e-03
9.866960955162843924e-03
1.004209715873003068e-02
1.009797746108637845e-02
9.880821725560559252e-03
9.917344194319513417e-03
9.866424120134777501e-03
1.102193120039171581e-02
1.024664234783914316e-02
9.893820107811026818e-03
9.605778343975544808e-03
9.816596963339382573e-03
9.645653958949777784e-03
9.961706304715739480e-03
1.033513230995999378e-02
9.739613330198659477e-03
9.937918393148316432e-03
9.683291796180937272e-03
1.013880362941159061e-02
1.002730532238880860e-02
9.662045223845375577e-03
9.739357613854937937e-03
9.480145635704199936e-03
9.802956514888340120e-03
9.734858166840340901e-03
1.074471299019124845e-02
1.086603935394022183e-02
1.003039446555905809e-02
9.786226674914360810e-03
9.616949446499347548e-03
9.658961759673224262e-03
9.621427551739746009e-03
9.622378299633662507e-03
9.797626332276397620e-03
9.657649786935913055e-03
9.859472086860074022e-03
9.539048497875532093e-03
9.553648887409104187e-03
9.643854925201998662e-03
1.030294348382287603e-02
1.061019792324966772e-02
9.847236784795919753e-03
9.448501914739608487e-03
9.306646246049139412e-03
9.350793663826253987e-03
9.590495874484379971e-03
9.280051249596807730e-03
9.861337910923693648e-03
9.661690911485089350e-03
9.698928664955827270e-03
9.768116964648167200e-03
9.299254491925239979e-03
9.370569951004452738e-03
9.292640222443474679e-03
9.500372347732384537e-03
9.755510137312942490e-03
9.723134467171297771e-03
9.630084335803985873e-03
9.421933678289255015e-03
9.402134559220738652e-03
9.372510504391457983e-03
9.415593718489011221e-03
9.231766727235581407e-03
9.575119929181204192e-03
9.302186179492208037e-03
9.387881168060833309e-03
9.465989578101369900e-03
9.858231950137351027e-03
9.251510103543600025e-03
9.486626428034571068e-03
9.769878834486007274e-03
1.023395176562998110e-02
9.522431190643046092e-03
9.291714756853050247e-03
9.418935531543361217e-03
9.415837489068507732e-03
9.549355028818051067e-03
8.991430546674464286e-03
9.266932420432567527e-03
9.548059664666652679e-03
9.719422335426013485e-03
9.450492391155826052e-03
9.777880927754773258e-03
9.301992665148443515e-03
9.378808836142222063e-03
9.368229065504338551e-03
9.480214251412285784e-03
9.163831493092907537e-03
9.109197445213794084e-03
9.644436956279808099e-03
9.104780393342176356e-03
9.070310845143265965e-03
9.331214746667279222e-03
9.671150247255960383e-03
9.462888054549693784e-03
9.951222981843683632e-03
9.750949045022327955e-03
9.619873393740919348e-03
9.196548052132129045e-03
9.231296189957194018e-03
9.444801691505643609e-03
9.502499724427859035e-03
9.238024531967110181e-03
9.043431542813777646e-03
9.137011994090345202e-03
9.113780951334370800e-03
8.935180602388249557e-03
9.196152525643506992e-03
9.447045607699287861e-03
9.278593104746607131e-03
9.279387812647555203e-03
9.261952800055345270e-03
9.485323809915117976e-03
9.248713035550382502e-03
9.308488133052985475e-03
9.258526195254591570e-03
8.977167581518490785e-03
9.360962630146079863e-03
8.991726864543225436e-03
9.217318122585613921e-03
9.293673617972267667e-03
9.391076871090465322e-03
9.175183528827296139e-03
9.267549903856383761e-03
9.301478092869122291e-03
9.055733763509326781e-03
9.364225313895278152e-03
9.049172480073239266e-03
9.050096513496504527e-03
9.046839061710569910e-03
8.947055492964055626e-03
9.283534396025869620e-03
8.946179014941057356e-03
8.904699643866883715e-03
8.823208552267815599e-03
9.362350973404116178e-03
8.911276248594125413e-03
8.858181854916944223e-03
9.086343304564556064e-03
8.856886699795722684e-03
9.522095314330524668e-03
9.175497438344689879e-03
9.324795206387837682e-03
9.213344690700371944e-03
9.522051649789016123e-03
9.414875941971937584e-03
9.251927642358673265e-03
9.288480575713846388e-03
9.144706494278377618e-03
8.749028626415465346e-03
8.990389168676402379e-03
8.897660111801491620e-03
8.882617391645909050e-03
9.532411537236638172e-03
9.350303775734371617e-03
8.981372722321086244e-03
9.104828561345736093e-03
9.215086590912607845e-03
8.738886780209011509e-03
9.073716561413473769e-03
8.649799430535900016e-03
8.841643929481507111e-03
8.915109419160419102e-03
8.960513422886531160e-03
9.222144840492142726e-03
9.342867843806744454e-03
9.078646175977256316e-03
8.994667453484402400e-03
8.682136684656142564e-03
8.632120564579964447e-03
8.852691629694568395e-03
9.215168298946486633e-03
9.113140814006328097e-03
9.066611644294526179e-03
8.978848999573125003e-03
8.902951114707522220e-03
9.370326143172052341e-03
9.357737890548176521e-03
8.881384469568730233e-03
8.899241768651538695e-03
8.872003687752618578e-03
8.606436761717002268e-03
8.515154446164767063e-03
8.725660604735214695e-03
8.905226546857091321e-03
8.916233761443032729e-03
9.113661891056432096e-03
9.167665168642997325e-03
9.237074752648672185e-03
8.869404515458477120e-03
8.721657809283998170e-03
8.993641941083801300e-03
9.262630744940705471e-03
9.240065837899843690e-03
9.001839338905281637e-03
8.941453360021113864e-03
9.122047320836121007e-03
8.861192431714799700e-03
8.793402045137352699e-03
8.593216339747111396e-03
8.633638686603970630e-03
8.704068741450706956e-03
8.845045578976471964e-03
8.577569793495866401e-03
9.070505628155338049e-03
9.139423486259248830e-03
8.852782247381077441e-03
8.992218598723410866e-03
9.170640380018286672e-03
9.100804871155155490e-03
8.757823564940028435e-03
8.638512372142739468e-03
8.719569055570496052e-03
8.715915578520959731e-03
8.666467418273289883e-03
8.439443873034583460e-03
8.455139485498268728e-03
8.687390635410944043e-03
8.959240594671832869e-03
9.160023232301075721e-03
8.956345344583192813e-03
8.810899286634392077e-03
8.907784803046121108e-03
9.177520763542917903e-03
8.940126581324470828e-03
9.200980365276336184e-03
8.974342731138069962e-03
9.002946689724922527e-03
9.058594745066430101e-03
8.962596936358346519e-03
8.710319288074969482e-03
8.759775103794203294e-03
8.805251659618483148e-03
8.801092422670788937e-03
8.822700464063221171e-03
8.676015927145877896e-03
8.639722584436336852e-03
8.764268491003248882e-03
9.072087887260648145e-03
8.667223681178358452e-03
8.545131161808968215e-03
8.632057491275999320e-03
8.776632441828647810e-03
8.741180209649934002e-03
8.636576135953267716e-03
8.592225056555536505e-03
8.660048577520581756e-03
8.754419059389166591e-03
8.722357915507423370e-03
8.750542795492543408e-03
8.653680678043101232e-03
8.647141725652748509e-03
8.665643141915400222e-03
8.567558940913941670e-03
8.757932993272940850e-03
9.494242953757444509e-03
9.149523497455649274e-03
8.871289365407493410e-03
8.613547347486018302e-03
8.701981161203648646e-03
8.605771971245606417e-03
8.632649133602777330e-03
8.691658154129982758e-03
8.788895569741725713e-03
8.833647200630770704e-03
8.664233581059508152e-03
8.593557948867479312e-03
8.594057721396286889e-03
9.061277214851644682e-03
8.427384263939328296e-03
8.575670327991247524e-03
8.502592444419860077e-03
8.645026038090388582e-03
8.443213883373473089e-03
8.614662053684394097e-03
8.659432486941417637e-03
8.323924442132313306e-03
8.486228165113263514e-03
8.902154188189240897e-03
8.746852274570199315e-03
8.726759859257273572e-03
8.655753336432907979e-03
8.567555083168877303e-03
8.451684663693110125e-03
8.520305612021022990e-03
8.620664518740441332e-03
8.528603969348801800e-03
8.543558008968830594e-03
8.522239130818181838e-03
8.569443283809555223e-03
8.523226148552364920e-03
8.627883767088255149e-03
8.579420621196428426e-03
8.686596954034434340e-03
8.936903605030643155e-03
8.679791630970106961e-03
8.518035718136363066e-03
8.662798143923282346e-03
8.828296251595020225e-03
8.556171187924014460e-03
8.468314711418416588e-03
8.454033761388726059e-03
8.918177166746721687e-03
8.901694665352503921e-03
8.641885639064841168e-03
8.572831050389343246e-03
8.564121065040428832e-03
8.889753259718418885e-03
8.374142261842887000e-03
8.864424178997675277e-03
9.120368872665696874e-03
8.450668793585565039e-03
8.605199894971318417e-03
8.488236020008723542e-03
8.443258015645875580e-03
8.471504694057835003e-03
8.876183426214588959e-03
8.842316683795717336e-03
8.410625381188259475e-03
8.636823395888009944e-03
8.790189251303672652e-03
8.887076696587933866e-03
8.693534458676974164e-03
8.609001739985413029e-03
8.377214459081490719e-03
8.705704030063416907e-03
8.688439879980351666e-03
8.625927476419343459e-03
8.699381256269084900e-03
8.896378589173158102e-03
8.890067558321687255e-03
8.552178384529219787e-03
8.730739071551295652e-03
8.590931755801041111e-03
9.044903284973569019e-03
8.521188404411078263e-03
8.485403607288995870e-03
8.406311869621277411e-03
8.439891566005018608e-03
8.425475257552331870e-03
8.490140553977754481e-03
8.345857076346874931e-03
8.518349035746521775e-03
8.290009117788738058e-03
8.404353890154096091e-03
8.383369201587305766e-03
8.368018791079520971e-03
8.299391555289427000e-03
8.431413496534029620e-03
8.565236607359515489e-03
8.448845433692137724e-03
8.607976825700865142e-03
8.265763096925284395e-03
8.422705042693349672e-03
8.498255705667865853e-03
8.187715506388080697e-03
8.030064691685967135e-03
8.689417243003845839e-03
8.583650398585530861e-03
8.411262838376893161e-03
8.435257594618533056e-03
9.344149803121884479e-03
8.477821950283315547e-03
8.785910420119762837e-03
8.397126433749993804e-03
8.247606050637033837e-03
8.376851400567425845e-03
8.255564495921135712e-03
8.549888703144258376e-03
8.278087950829002284e-03
8.277428340580728419e-03
8.130454536941316562e-03
8.434877871639198665e-03
8.518577193220456395e-03
8.581874902463620947e-03
8.437230769130919100e-03
8.457153046296702822e-03
8.430894478741618805e-03
8.327016805609066888e-03
8.386381628612677580e-03
8.282252976463901420e-03
8.596866880026128241e-03
8.705905332333511298e-03
8.591420157916015987e-03
8.796110747175085037e-03
8.366130950550238615e-03
8.590581795821587360e-03
8.421915796481901570e-03
8.227725844416352782e-03
8.138573368390401158e-03
8.096246160566806030e-03
8.998271301388740748e-03
8.522887536221079516e-03
8.374880258407857089e-03
8.137484565377234996e-03
8.347988294230567624e-03
8.559954667256938765e-03
8.292829241189691308e-03
8.164205466293626007e-03
8.229076827151907830e-03
8.222199256221453256e-03
8.097016608549488861e-03
8.280123795072237558e-03
8.333432980709605531e-03
8.254401518238915075e-03
8.130360595468018314e-03
8.069999929931428312e-03
8.355620474451118385e-03
8.633796845873197012e-03
8.300770599808958428e-03
8.463502267582549352e-03
8.209439040058188336e-03
8.404275588691233895e-03
8.402420203718874089e-03
8.189614984310335938e-03
8.156509995460510185e-03
8.212394946151309674e-03
8.187740097443262435e-03
8.521918940047423438e-03
8.351539522409438462e-03
8.773101816574731607e-03
8.409547656774520041e-03
8.236818657153182482e-03
8.291456753181086076e-03
8.256399602525764728e-03
8.372988551855087280e-03
8.195357500678963902e-03
8.314797588520579999e-03
8.460059000386132774e-03
8.369354423549441035e-03
8.174827566577329285e-03
8.237849151094754976e-03
8.194639277127054033e-03
8.513698565463224954e-03
8.287572165330251220e-03
8.219024447931183586e-03
8.351341974404123333e-03
8.328711042801539149e-03
8.291970209942923359e-03
8.156519586013422779e-03
8.289796974923876322e-03
8.143512074732118383e-03
8.150476446996133065e-03
8.167388811707497476e-03
8.132319663547807678e-03
7.952141178150972517e-03
8.042738450070223075e-03
8.450181318653954970e-03
8.312138761911128104e-03
8.571485434141424414e-03
8.160253537611829311e-03
8.106358059578471636e-03
8.075368156035741055e-03
8.036766768329673197e-03
8.072643962999184741e-03
8.244424702392684143e-03
8.053029179573059290e-03
8.110942666729291026e-03
8.104091671605905337e-03
8.126100336925850751e-03
8.192966046432654040e-03
8.063001539558172642e-03
8.121580738160345120e-03
8.169394586649206605e-03
8.113953760928577230e-03
8.414571897851096452e-03
8.176946586204899767e-03
8.053140485038360469e-03
8.148364217744933150e-03
8.506296306020684483e-03
8.109999506009948900e-03
8.160362411290407111e-03
8.242090948753886745e-03
8.111724878350894466e-03
8.369177521930800875e-03
8.106210277312331930e-03
8.091836766236358905e-03
8.028563604586654023e-03
8.129148011406262322e-03
8.320332210924890129e-03
8.221320629947714495e-03
7.831482067704200606e-03
7.978773899376392573e-03
8.708103137711684094e-03
8.542757708993223287e-03
8.635539900925423909e-03
8.254415036903486533e-03
8.073595122744640223e-03
8.029315041171179723e-03
8.032987635168764920e-03
8.291833334498935684e-03
8.320390366845660177e-03
8.076304081413481287e-03
8.058866378333834346e-03
7.928683699833022000e-03
8.125579961472086804e-03
8.048772296557824349e-03
8.061555185251765079e-03
8.155340299838118381e-03
8.529864740040566870e-03
8.030620517416132975e-03
7.992467853344148443e-03
7.917902142637305712e-03
8.022050445692405912e-03
8.030779473483563163e-03
8.030491125666432833e-03
8.002767186197969410e-03
8.191346563398838390e-03
8.019017775853475027e-03
8.253912449710899130e-03
8.148319100340207718e-03
7.959205568250683066e-03
8.015156740115748912e-03
8.195491114424333784e-03
7.970439222537808663e-03
8.041626488169034345e-03
8.208427184985742781e-03
8.201124096910159325e-03
7.940874612993665052e-03
7.911132441626654924e-03
8.051181501812405134e-03
8.061586123787694430e-03
7.949991052349407797e-03
7.869260073122051266e-03
7.840502750542429483e-03
8.015501116298966514e-03
7.981012386994229199e-03
7.926654358290962862e-03
7.939123254683282463e-03
8.702617639468775840e-03
8.185343274639713188e-03
8.344822029272714464e-03
8.376458647350469924e-03
8.045887847741444582e-03
8.140191307498349446e-03
8.118554490307966151e-03
8.219703764965136453e-03
8.718521582583587184e-03
8.208386600017547607e-03
8.134613521397113592e-03
7.940017003566026549e-03
8.012841372854179536e-03
7.974662081234984434e-03
8.073463355087571666e-03
7.855704145299064259e-03
7.967749887870417477e-03
8.737779309352239343e-03
8.201372097763750396e-03
8.076507403618760073e-03
8.041394332216846366e-03
8.024722257008155835e-03
8.169991489913729088e-03
7.808898066480954303e-03
7.964914915048413799e-03
8.110750495559640103e-03
7.980097155604097547e-03
8.099256070951620437e-03
7.854009312060143688e-03
7.860268629673454119e-03
7.701649996969434607e-03
7.803928624424669863e-03
7.954419934087329086e-03
8.206057478156354029e-03
7.952637773834996329e-03
7.913678462306658612e-03
7.862082984712389158e-03
7.969903697570165230e-03
7.996581378910277288e-03
7.899409369048145807e-03
7.776795592572953789e-03
7.917396401365598899e-03
7.850370974176460598e-03
7.698593723277250694e-03
7.953668462319506138e-03
7.897479679021570526e-03
7.989467343108520858e-03
7.748575384418169773e-03
7.871362846344709396e-03
7.882147282361983559e-03
7.884532033155361788e-03
8.089444993270768908e-03
8.132093445294433232e-03
8.226326906846629858e-03
8.181513914217551989e-03
7.806036948329872667e-03
7.828058045771387266e-03
7.803810514095756851e-03
7.896704917980565744e-03
7.777937331961260956e-03
7.808508169319894505e-03
8.131803390052583930e-03
8.015645324356026474e-03
8.114719647500250738e-03
8.094836249947548121e-03
7.989128356178602092e-03
8.021783812178506085e-03
7.969643233550920136e-03
7.826251362760862362e-03
7.917226869612931442e-03
7.975606026334895737e-03
8.117761206295755899e-03
8.049757964909077385e-03
7.886396203604009031e-03
7.876434208204349460e-03
8.100224439468648591e-03
8.292886631356344990e-03
8.050920743909147428e-03
7.926424207786719744e-03
8.409447727931869745e-03
7.803151653044753180e-03
7.790902041726641830e-03
8.146272897720336845e-03
7.728298341648446278e-03
8.044276001552740085e-03
8.055714348124133964e-03
8.134675495740440951e-03
8.019521631714369991e-03
7.799323354330327598e-03
7.735038345886601115e-03
7.875097499539454246e-03
8.050557784736156117e-03
7.824862046788136002e-03
7.660563879956801443e-03
7.684610088666279752e-03
7.806668401592307266e-03
7.922139817641841303e-03
8.045470969130595965e-03
7.886068653315305918e-03
7.693681661039591078e-03
8.220314722922113931e-03
8.112833495769236278e-03
7.858165889564488332e-03
7.802907843142747879e-03
7.809153836634424167e-03
7.767387634764115131e-03
7.960438384777970139e-03
7.720539176629649496e-03
7.743829523937569362e-03
7.688106749620702424e-03
7.727463417169120816e-03
7.809691934121979970e-03
7.797461330062813341e-03
8.039144894315137374e-03
7.820296202682786371e-03
7.871876321732997756e-03
7.678764499723910938e-03
7.954779780573314682e-03
7.940454466475380460e-03
7.724709492176771303e-03
8.013844889485173886e-03
7.566138178937965170e-03
7.538016620609495032e-03
7.616074900660249961e-03
7.867766747044192127e-03
7.857643916375106966e-03
7.669655759301450756e-03
7.869577258825302332e-03
8.448007355133691984e-03
7.997227133148246750e-03
7.853907408813635971e-03
7.704657943298419583e-03
7.715828493237495214e-03
7.675034888088703121e-03
7.830229447119765873e-03
7.859666018436352666e-03
7.847217863632573523e-03
8.037871432801086888e-03
7.779536545276641638e-03
8.040132172819640724e-03
8.015568103227350971e-03
7.933941609743568046e-03
7.843499756935570083e-03
7.852865726583533462e-03
7.693292233679029264e-03
7.759677937461270485e-03
7.664038350598680049e-03
7.662307965672678252e-03
7.858128044754266947e-03
7.905594145672188017e-03
7.661310231520069777e-03
7.854815969864526598e-03
7.788158315751287850e-03
7.603082447830173708e-03
7.498484541558557252e-03
7.587540822310580128e-03
7.605044291251235843e-03
7.971970525880655092e-03
8.190007983810372594e-03
7.773295719590451840e-03
7.933851931658056703e-03
7.677524557544125258e-03
7.645711638033390357e-03
7.834606154097450981e-03
7.706502046849992259e-03
8.025739697946442444e-03
8.154303021728991768e-03
7.948866159551672833e-03
7.838051066630416855e-03
7.733441347049342142e-03
7.698559690680768439e-03
7.670472624401251417e-03
7.841757680806847944e-03
8.055267944518062356e-03
7.818657629605796008e-03
7.574709622810284031e-03
7.475293289042181724e-03
7.631300209710995680e-03
7.511006225314404913e-03
7.972136524816354763e-03
7.784983103887902281e-03
7.712442456848091384e-03
7.814711220562457414e-03
7.691991058074765936e-03
7.645604246192508509e-03
7.718950027806890934e-03
7.607787141783370170e-03
7.592527212368117839e-03
7.894222798446814959e-03
7.735921947492493955e-03
7.601888204614321368e-03
7.572563530670271652e-03
7.827110793441534667e-03
7.857226563824547955e-03
7.667527132564120641e-03
7.812728169891569249e-03
7.928390978939003214e-03
7.998132227609554279e-03
8.079493546651468974e-03
7.796084280643197917e-03
7.486579681022299468e-03
7.743215722342332123e-03
7.746615873442755720e-03
7.828878385739193244e-03
7.773802561892403928e-03
7.730711462597052164e-03
7.713613201760583307e-03
7.487485479149553688e-03
7.740730130010180926e-03
8.347237279845608898e-03
7.728281426760885350e-03
8.419134142912097080e-03
7.704719282272788974e-03
7.587473508384492450e-03
7.636534820000331035e-03
7.991780179242293294e-03
7.853711355063649688e-03
7.643852391176753774e-03
7.666530998216735358e-03
7.954870243039396938e-03
7.729845268444882588e-03
7.645017426047060090e-03
7.633592260794507325e-03
8.063755234082540385e-03
8.104468298455080183e-03
7.979306152297390223e-03
7.805744926962587295e-03
7.515294560127788390e-03
7.492056683533721353e-03
7.621556263830926541e-03
7.750417203125026244e-03
7.943392623629835780e-03
7.629553938491477096e-03
7.498632619778315342e-03
7.573985101448165065e-03
7.758395185487138197e-03
7.692767507914039481e-03
7.585954796522856140e-03
7.639321320586734375e-03
7.536483142111036551e-03
7.470948934141132328e-03
7.527833541648255161e-03
7.547983879016505714e-03
7.659184282852543775e-03
7.738340579801135724e-03
7.584310658276080704e-03
7.396403770479891004e-03
7.506888268722428613e-03
7.567563176982932890e-03
7.930858787149190278e-03
7.888866393930382692e-03
7.688325440718068136e-03
7.625206555757257747e-03
7.675036465128262826e-03
7.615298703312873597e-03
7.523014011482398108e-03
7.637378979060385070e-03
7.626956676443417613e-03
7.503448257015810779e-03
7.620024161620272268e-03
7.469896529283788847e-03
7.671178647627433303e-03
7.766491416841745515e-03
7.729675403485695463e-03
7.694556005299090992e-03
8.122238843805260414e-03
7.896519903507497398e-03
8.218929523395167303e-03
8.308054130110474958e-03
7.954854973488384440e-03
7.701896410435437983e-03
7.693936208056078620e-03
7.566469166841771447e-03
7.525088002698288731e-03
7.583733376943403194e-03
7.490628365841176840e-03
7.440403906835450429e-03
