1.399094851480590096e-01
1.720085266563627438e-02
8.570614256378677673e-03
2.308097788029246731e-03
9.121997876920634159e-04
6.684597498840755617e-04
7.699872149775425752e-04
5.526691662251121155e-04
6.520955432723793367e-04
4.994358002052952600e-04
4.268877977867507043e-04
4.427115454907632744e-04
5.958434512528280533e-04
4.985581392732759288e-04
4.108117998111993335e-04
1.186244436022308030e-03
4.069339903071522561e-04
3.246587556269433616e-04
2.895410263186527539e-04
2.714920509606599764e-04
2.724154880787763152e-04
2.455695184309863522e-04
4.264458263706829969e-04
5.736862661110030343e-04
3.244509956695967368e-04
1.419468744166402447e-03
6.005485539531541916e-04
3.336758540374123159e-04
2.869607349081585834e-04
2.724918943001991925e-04
2.454590020028667402e-04
2.444691637841363524e-04
4.670806489108751008e-04
2.935659500589180102e-04
3.421086678928178049e-04
4.172472862733734808e-04
1.148391423695203396e-03
1.039731318338049833e-03
6.055139942974266344e-04
2.476665096279854388e-04
1.936161881571428587e-04
1.990109374876030714e-04
1.790367079148483080e-04
1.679328851686376649e-04
1.709893277277135099e-04
1.827640064422868900e-04
1.571648996064646270e-04
1.678258449667029974e-04
1.895803656791233320e-04
3.409427937327160038e-04
1.778267135377973414e-03
8.163343807164993903e-04
2.956098141536737402e-04
2.318757041616158285e-04
1.915121163862446821e-04
1.771797453855267852e-04
2.007696563507326904e-04
1.931933159681243912e-04
2.196708815042964396e-04
2.513602928310218606e-04
1.733416370633575582e-04
1.437412967465610987e-04
1.422422037123598855e-04
1.413634299145390626e-04
1.805226550075329035e-04
2.221625312490181701e-04
2.085392827737248629e-04
1.483997804785354381e-04
1.413145162061684639e-04
2.227993927792542499e-04
3.406272410777294243e-04
6.439690302229589963e-04
2.294147792789671004e-03
8.045614994544949845e-04
2.892139532680933927e-04
1.834197088869081720e-04
1.544987211107379731e-04
1.459250694865154012e-04
1.540470719596164178e-04
1.736746684441136095e-04
1.438878985613377631e-04
1.587125387999953504e-04
1.660443009394738459e-04
1.292547438060864719e-04
1.391860351820165800e-04
1.468632346950471488e-04
1.904376047766870967e-04
2.442720027950902990e-04
1.699307494952033079e-04
1.323433687341295912e-04
1.419289032411244055e-04
1.831953822531633776e-04
1.491478829282439451e-04
1.476748352999695559e-04
1.249557357772977846e-04
2.132571691698912112e-04
2.289542472378040317e-04
2.969963686902903749e-04
2.153448011570920464e-04
2.786697232578363775e-04
2.260394188730666934e-04
1.666629371983516510e-04
2.631070275997950082e-04
1.481815573707636886e-04
1.215784872571627257e-04
1.998113600226740147e-04
4.421599284978583715e-04
3.650579575656188775e-04
1.816267075870806969e-04
1.797615212530622136e-04
1.725624709959245457e-04
1.811880185010118533e-04
1.340466121392738374e-04
1.860804568665723046e-04
3.333855720443858260e-04
4.190016209354831072e-04
1.699051042346076874e-04
1.279992370594603378e-04
1.108740040217526262e-04
1.164693230142196056e-04
1.135714876775940170e-03
4.653508032465146667e-04
1.578947195472816514e-04
1.862518479012780686e-04
1.151001630609648152e-04
1.573992469800739675e-04
1.240268261042526941e-04
1.184454617194003519e-04
1.504308576436920214e-04
1.116901417521552845e-04
1.179808303519772999e-04
1.041071968373014745e-04
1.094719856822242327e-04
1.279674233713497678e-04
1.104362153758605357e-04
1.254319862669540779e-04
1.546223061935355172e-04
1.343481778167188233e-04
1.485630496042884168e-04
1.536657451651990359e-04
1.861669026159991748e-04
1.341968778029291136e-04
9.926115557189203579e-05
1.006161850333834722e-04
9.790713484916422054e-05
2.081094411874396860e-04
2.879433443821552570e-04
3.916286916420277605e-04
1.901146624651220006e-04
2.232837829958750971e-04
1.082343005368279078e-04
1.190151311715857848e-04
1.092990072599301770e-04
8.991598979466491263e-05
1.879990386724886059e-04
1.096513158538275332e-04
1.675283573826567927e-04
2.983365029407044483e-04
7.154703792184591033e-04
9.165299795050587880e-04
2.087397583333464978e-04
1.174031582195311731e-04
9.778686553343302686e-05
1.004309566471622156e-04
1.096298517465281019e-04
1.698702822128931623e-04
1.438987335293657175e-04
1.031256485536384055e-04
1.202406397917204443e-04
1.174424739696809856e-04
9.658287243736493708e-05
9.147577178535155732e-05
9.428869932889938463e-05
8.472142184877561500e-05
8.595902194631182798e-05
8.632576853011010012e-05
8.507125445046566099e-05
9.054668396452649176e-05
9.064463478150880523e-05
9.870109384387937940e-05
9.113506692099488293e-05
1.520152043344245982e-04
1.820538438753121309e-04
1.252506392645753115e-04
9.521542944841914315e-05
1.523823673293615410e-04
1.218565227787217270e-04
9.952421112555183305e-05
9.650237295621385050e-05
1.406387310190540237e-04
1.130850337600956362e-04
2.391951792459521089e-04
3.183856367185298108e-04
2.868197935943802125e-04
2.187232429989509981e-04
1.390347906918678938e-04
1.000765634752396075e-04
9.468676286309750194e-05
8.648924435773450473e-05
8.757649927348312832e-05
9.112933695885456445e-05
9.289299778174609217e-05
8.244820032915514099e-05
7.970411443643064938e-05
8.577061228505853806e-05
1.976010549373717845e-04
1.831019380349769448e-04
1.429334540282272683e-04
1.369425014773797543e-04
1.822661363662013640e-04
1.211557241104957140e-04
1.240650773332971542e-04
1.690817775670438907e-04
1.430856538354419139e-04
9.735783154610544768e-05
8.486890014157526523e-05
8.634647787807302644e-05
8.857348875608294931e-05
1.021403125034541659e-04
1.432153941520179395e-04
1.128698685594523943e-04
9.529675573705591969e-05
1.489007337174067783e-04
2.638761446966479121e-04
1.875839348778956476e-04
1.082775661618345302e-04
9.807180024735215210e-05
8.577050576503906208e-05
7.638310874527734018e-05
8.471110806567593758e-05
8.479081844497057536e-05
1.193738056139813516e-04
1.931343839452084692e-04
1.480887241713288829e-04
1.149217582941572765e-04
1.171413948112684853e-04
1.019719930223396263e-04
8.056733010259146401e-05
7.928882402160929231e-05
1.300470144875968557e-04
1.765260637815420700e-04
1.069157077128895416e-04
1.160175335179600462e-04
1.956095912545505449e-04
1.965283677499327325e-04
2.924290456252897079e-04
1.172389040584675919e-04
1.457393970081789715e-04
1.318736364676927476e-04
8.241892255480504710e-05
9.364985647456100222e-05
8.000926816344468263e-05
9.047202969668433124e-05
8.521607417302826625e-05
7.151082248633934199e-05
7.760569058720849837e-05
8.243647572170529595e-05
1.000362668613282308e-04
1.084750065476530116e-04
1.884234166290197038e-04
1.098597437764207491e-04
8.660765701077050157e-05
8.352409918896026310e-05
7.747889910307194795e-05
9.315208968473598849e-05
7.918824098952527955e-05
6.922331890867401596e-05
9.673391488225510193e-05
2.549281508092665193e-04
2.335043817422249271e-04
1.014242063198859500e-04
8.554833986434257596e-05
7.652534728145434309e-05
7.705263062638954851e-05
7.777202893824627635e-05
8.860300899767834014e-05
1.255167393376016073e-04
9.095472726686340071e-05
1.194612307396406920e-04
4.245771547882921395e-04
1.240262568980041527e-04
1.530763119485022226e-04
1.419584120028755808e-04
9.768795648900170561e-05
9.149800271390833234e-05
1.037517008889052669e-04
9.060326656456001648e-05
8.854961866745725220e-05
8.617713151680719515e-05
7.159399576873208212e-05
6.425911483044426207e-05
7.024244502341995275e-05
6.620696247814016565e-05
6.685996677131495825e-05
8.985049760667606755e-05
1.134436044635044147e-04
6.669692934439000421e-05
1.101397400877128041e-04
2.093021470419545091e-04
2.602349818011538609e-04
2.027834079086056286e-04
9.719517395650553878e-05
8.491252238551775307e-05
1.064284317221285512e-04
8.007690915191131734e-05
7.981214213133271866e-05
7.587171473359275093e-05
6.993445790916060661e-05
8.489882204836855730e-05
8.753457714596555997e-05
7.519789271302418170e-05
6.738604542786358700e-05
1.050536623612667174e-04
1.044983455924213808e-04
7.709892133587143228e-05
1.031076013653849528e-04
9.236931810543562481e-05
8.182000433508720657e-05
8.307409668405954636e-05
9.331843738133708437e-05
9.125350641423009171e-05
7.089734712887244938e-05
7.201997391853688462e-05
9.833486543761359242e-05
2.654145421628426190e-04
1.734407349593109599e-04
9.887044318020343943e-05
1.528757198118708234e-04
9.890932020627789961e-05
8.440479189933588740e-05
6.868502303000746363e-05
6.593858968699350790e-05
6.939779706752031659e-05
7.246077901476787552e-05
7.980437435132140933e-05
9.130646290335183595e-05
7.530535286706354281e-05
1.065447259396832050e-04
8.771164918370130345e-05
4.419022141438391478e-04
1.330593097696287723e-04
1.276895096008148376e-04
1.259008793082709143e-04
8.944288685193492222e-05
7.802163645262933181e-05
6.844567969286192944e-05
6.170096448234592640e-05
6.948360937207730581e-05
7.646576161884392699e-05
8.675964600923989048e-05
9.762739646248518879e-05
9.822262670948273997e-05
1.051757680801933417e-04
7.017272868930982523e-05
6.884694403399610116e-05
8.910492793398184337e-05
6.587922068623204900e-05
6.985285204589470351e-05
6.937739620399144605e-05
9.501621136829878562e-05
9.089207839375982321e-05
7.714944437288472415e-05
7.243576904228474916e-05
7.220117899123579589e-05
9.274288727384474265e-05
7.856616187685479540e-05
7.359452914291371721e-05
7.044688116164050289e-05
7.670694758417084542e-05
9.927919897664751886e-05
8.183011616994109250e-05
1.185468199481773752e-04
7.112332606791621470e-05
1.074353886845832073e-04
8.353484432316488106e-05
5.963631821537597499e-05
7.217694429628964867e-05
6.283328811857953123e-05
8.422328954717765324e-05
2.284652271191589448e-04
7.403143707455860328e-05
7.280295553048038134e-05
6.213390307190517548e-05
7.722357721326666101e-05
2.538501317354126350e-04
1.081805087354344597e-04
7.284362050187256053e-05
9.378750498096148083e-05
6.517877873395465859e-05
7.279991652467287968e-05
7.023085967779883396e-05
8.181718313911309315e-05
6.701336292381811753e-05
7.095360902086314222e-05
8.855885567350519727e-05
1.984843223666151379e-04
8.368912802931542541e-05
7.965081397237048805e-05
9.787780300636464773e-05
1.783395625534467388e-04
7.411838195467781738e-05
6.254607378246469654e-05
7.062450402170523836e-05
6.892912969407107872e-05
6.643190126245220267e-05
1.077449259658654567e-04
7.281650252278065976e-05
6.618418855295103232e-05
8.611302911756664132e-05
6.838608775675918117e-05
5.935851558913580122e-05
6.479800788737419693e-05
7.490001864627831934e-05
9.147724531228757850e-05
1.057880914757131644e-04
7.831179161763025516e-05
1.169885655528762306e-04
1.123092354585727087e-04
6.320872984360903285e-05
8.811749019918756708e-05
7.496060538364367383e-05
7.243615308349642275e-05
6.792318602998016416e-05
6.211091972848710896e-05
7.581630482390108608e-05
5.653011981242646891e-05
6.606702492313666392e-05
8.321409074900051103e-05
1.057783343842149542e-04
1.088182425398069104e-04
1.317805524579145819e-04
6.897628915289209870e-05
6.732623487348772312e-05
7.753695956327848302e-05
5.443959422538885017e-05
5.990926438244059411e-05
6.130565664433460654e-05
5.469123722933646455e-05
7.045319397649210680e-05
1.122048582894624090e-04
7.752675546928205141e-05
7.384202132622400558e-05
5.601578139855215748e-05
5.849522046951784025e-05
9.195373361257629130e-05
2.844633600519349257e-04
1.970920606981962822e-04
9.268254934189219764e-05
6.031417604794518899e-05
7.540768115884728131e-05
7.771068055363785775e-05
7.183227988813693126e-05
7.491357495180435259e-05
9.934407959614570394e-05
7.274317351402715282e-05
5.643732155375699819e-05
6.658746168896969328e-05
7.376349731607156185e-05
7.860460221612205740e-05
2.589257658110000280e-04
1.405195971084241210e-04
8.877213113009930199e-05
1.218022257348315538e-04
7.513171128165493592e-05
5.654567705480278110e-05
6.353456745273434276e-05
5.481860720060972782e-05
6.146621427938549242e-05
6.129125495337777927e-05
6.696454944580586071e-05
8.171354258795165504e-05
7.702776709468000561e-05
5.679349135284105383e-05
5.798298949634449542e-05
1.343311140792340813e-04
8.264843241906621053e-05
7.879221029320938744e-05
7.468243312258791258e-05
5.850118164542234429e-05
9.769566960231815158e-05
6.252876130424232543e-05
6.188067987548290813e-05
5.899628210398885972e-05
8.480818580008215278e-05
5.554331047783812766e-05
6.056929194730602722e-05
7.045162932222915556e-05
8.181423776679568592e-05
9.964342875820067730e-05
6.657985640534510522e-05
6.705581171748538306e-05
6.402346363756805550e-05
2.435188900886310506e-04
1.710951621579523635e-04
1.137387194709541958e-04
7.757588144158945138e-05
5.803379745985795302e-05
5.143731874543138474e-05
6.084482667372665375e-05
5.582593329664733723e-05
6.386766373503228501e-05
5.454709287732839828e-05
5.506650437988961782e-05
5.974001094323790040e-05
6.818471547578358247e-05
9.617676816156340615e-05
1.176764082467545607e-04
7.288789192292217901e-05
5.381534281898186671e-05
5.196673174699147470e-05
5.535562813747673956e-05
6.140566767296857479e-05
5.610194952977407316e-05
6.688991053831866949e-05
6.601939048980259492e-05
7.574542991480686641e-05
1.497247098531160172e-04
1.499978501427297805e-04
6.182391070372734955e-05
5.738880705191857378e-05
6.262643324185369442e-05
6.564299608322067255e-05
7.435136694564587281e-05
7.314533289496062609e-05
8.627013076976356061e-05
1.538174202950257465e-04
9.643921887295113808e-05
1.111232964063270270e-04
6.424895596056659183e-05
5.958052022227396577e-05
6.186627052051739807e-05
5.416305480240326647e-05
5.171673944763218508e-05
5.067034546906749127e-05
5.262036584705735481e-05
6.650426295689410537e-05
1.279023497934556714e-04
1.310078833679047727e-04
9.158640905904272885e-05
8.704703689242403381e-05
1.261016610725265448e-04
1.914341867894917351e-04
8.769285619362360859e-05
5.490029164421786275e-05
5.343771153194312333e-05
5.166777270561497958e-05
5.114087285215242147e-05
5.802485118490747536e-05
6.042276657859070376e-05
7.433885763425173495e-05
1.239382318777239225e-04
1.349080340716884399e-04
6.031623220122936434e-05
5.600144148855987718e-05
5.802927538752555766e-05
5.053952240915451471e-05
4.849913120981202210e-05
5.383316778332098692e-05
5.375816900697019169e-05
6.093882981480823545e-05
5.068813867789382781e-05
5.612865853537288188e-05
5.736119138115706507e-05
5.691310250161526384e-05
6.478182804938923105e-05
4.850876595204074970e-05
5.498509037554160739e-05
6.191731213928303201e-05
7.216588290046073331e-05
9.100371713025702883e-05
1.253120399390657627e-04
1.353917120205652344e-04
8.090501518583753085e-05
7.965208183223795554e-05
7.723439090316080590e-05
5.632378704225023597e-05
6.768876858081461251e-05
9.537991265662842206e-05
1.073969867300345667e-04
5.349554558051749928e-05
5.906014468766645711e-05
5.412580177006829339e-05
5.592226341832429415e-05
5.600775556457746420e-05
5.929241977153449543e-05
5.448363983305171430e-05
7.847733912058174176e-05
7.403572393943452757e-05
9.869306657088195702e-05
6.044004704259956976e-05
5.675289475928164203e-05
5.602072267922469272e-05
6.230112687464700399e-05
5.935257850473539808e-05
2.893941182669045173e-04
1.432489631568185234e-04
6.136528510574458832e-05
5.069201750706674137e-05
5.177184622476084687e-05
4.943101534283616790e-05
4.984719898655183069e-05
5.373344101826660606e-05
4.808366059377375420e-05
5.218874824802495049e-05
5.170753380904594831e-05
6.271130217808401771e-05
1.006395678268745601e-04
1.162735328802631931e-04
7.815686447429470826e-05
5.484859700017194814e-05
5.404723682052766509e-05
5.192886179429478889e-05
5.827472171707389210e-05
5.126028014476307363e-05
4.973856950527988672e-05
6.154878453041116306e-05
5.845685431268066087e-05
5.778023939152869402e-05
4.979477341597279057e-05
6.546943526094158039e-05
6.908317122401462420e-05
6.166509074521147530e-05
5.477500068890448279e-05
5.239509694446395377e-05
6.642960833333846644e-05
8.654829373376236889e-05
7.281376834725960493e-05
1.065709762689140086e-04
2.631657290556985618e-04
9.071225825917079825e-05
5.502151635785897772e-05
5.456159741798829749e-05
5.746684080804698142e-05
4.884294623884165320e-05
5.033124448446970705e-05
7.594283254648972819e-05
6.585799962825452433e-05
6.020677562143343236e-05
5.449360356174616320e-05
4.901881733935119272e-05
4.850455833042764914e-05
5.839125563700993675e-05
6.150938402343955028e-05
7.399702818171742026e-05
6.842335362711713699e-05
1.167074867731167207e-04
1.391195922365618960e-04
2.279577931363342648e-04
9.395966461549202131e-05
6.366646703099831668e-05
5.421806650701910474e-05
4.849786579143255895e-05
5.661376509427403609e-05
5.989991425950493909e-05
5.221952672905495405e-05
7.198840968259092774e-05
5.798318002942121785e-05
6.067278490970945762e-05
4.997133895004581905e-05
5.235177039543891067e-05
4.944641128531656834e-05
4.851446399698034037e-05
5.507510074595403632e-05
5.706036460146100771e-05
5.720741839872465925e-05
5.519517220414450813e-05
7.105573326245778179e-05
5.983714585050216365e-05
5.869002889893535062e-05
4.613148861810461828e-05
4.537708590052918524e-05
5.613858208461250865e-05
6.058201662704555576e-05
8.430567408342742300e-05
1.110742464596923092e-04
8.988053841878556260e-05
5.963473548440055392e-05
4.874041902237675079e-05
7.104163646646258169e-05
1.120872875132287598e-04
6.490380842781935569e-05
5.177984494366683201e-05
4.809247852083192010e-05
4.588367913836716708e-05
7.215961151006114634e-05
5.132552978466264632e-05
5.204183705953053423e-05
6.803364813094958934e-05
8.476183109451084895e-05
5.158369801291782164e-05
4.694563862156226740e-05
5.236221396545362217e-05
2.275463219525085640e-04
6.303096896671275915e-05
4.960784756500894816e-05
4.511346186821659171e-05
4.649705625423747313e-05
4.710002074716612398e-05
4.485129153989772727e-05
4.538257756697324505e-05
5.314212750009675068e-05
7.533396594226359942e-05
6.471206634564117958e-05
7.920226534932023961e-05
1.152030688374199778e-04
5.378311532290859487e-05
4.988986848426672419e-05
4.718523968929528374e-05
5.816760715485240284e-05
6.015212184542582800e-05
4.873114104460303774e-05
6.230764479065935377e-05
4.420468444651406531e-05
5.383759533287957148e-05
6.033636885048407762e-05
8.160215537322477975e-05
6.474137425862460239e-05
5.675820352432007880e-05
5.176431282759747258e-05
4.841167793428111495e-05
4.488300849010960655e-05
4.702796753715827028e-05
5.044246590437574408e-05
5.723385670636262882e-05
4.715429287494367382e-05
8.146360325756379179e-05
6.702208024863568153e-05
5.698058521375060081e-05
4.943170274297396225e-05
6.420082475718420789e-05
5.603344102079669517e-05
4.877097731676056247e-05
6.799095982892645375e-05
1.203176672505732147e-04
6.463431541406963700e-05
5.042980632020367459e-05
6.096015263917959492e-05
4.778733540054720821e-05
5.130946062207739284e-05
4.717299643541789594e-05
7.220246709443421424e-05
4.691150792900266220e-05
5.239122864117638610e-05
1.017826792990995780e-04
6.927194348665782731e-05
5.782561632157820773e-05
6.074066836542139604e-05
5.327520170895796813e-05
4.894193643445355778e-05
5.777955546768174909e-05
7.480993045545700746e-05
4.763121011718694011e-05
5.750795024343662753e-05
5.024796186868721987e-05
7.118856375907651427e-05
5.283344840993070145e-05
7.572445811496840017e-05
6.987008385800031688e-05
6.557112404455740795e-05
5.896708216621643708e-05
1.157837215578183499e-04
7.947401706284532312e-05
8.213752421498712289e-05
5.556824888723592171e-05
5.383425466586939283e-05
6.161159641730289116e-05
8.045001152721751182e-05
1.112610530496264499e-04
5.217776289403749208e-05
9.070817788597195690e-05
5.174928771642346915e-05
4.523482432381974194e-05
4.603240816828070494e-05
4.442865310314422024e-05
5.296712805930938898e-05
5.465498928161751724e-05
5.123148973022276931e-05
4.768842464222365488e-05
4.732590401545166780e-05
4.549648451049708429e-05
1.091581899284695589e-04
9.386772008535141439e-05
5.185513508169808282e-05
4.952847653637743345e-05
5.251685634397694745e-05
4.164551617577672113e-05
4.453563090970015439e-05
4.542579143566803884e-05
4.834651502379630277e-05
4.681596787930983913e-05
4.754962233063350684e-05
4.483264765844473113e-05
4.846794365827614918e-05
4.371075800413058677e-05
5.331902772822003160e-05
4.951887136687421341e-05
5.010248559604709248e-05
4.487320439592520905e-05
5.239738468339459496e-05
1.159976223587161923e-04
5.241968691633600117e-05
6.107914361766435371e-05
5.339987158852939895e-05
4.917676853235914243e-05
4.388765892751204299e-05
5.319628185437371315e-05
4.938992196305965284e-05
5.920165748749342278e-05
5.008229958346216974e-05
7.022943548185543207e-05
9.309118584496900548e-05
1.143669186987810669e-04
1.425275174228267654e-04
5.322367428258682580e-05
5.236075767445274649e-05
5.714029681661890941e-05
5.514176578597269218e-05
6.400594201598627450e-05
1.018555913793130121e-04
5.899506501413674740e-05
4.538936490361164902e-05
4.232348879061949867e-05
4.812213708646595586e-05
4.638285195041034234e-05
4.925357829456010385e-05
5.398853714319153070e-05
4.571296171181731796e-05
5.100423754710290038e-05
4.344111411935753169e-05
1.057956878341630933e-04
4.458915348449308261e-05
4.315856302532160532e-05
5.132598592252987662e-05
6.879271289411311439e-05
1.010118744387808779e-04
1.032050502059670815e-04
5.584989530487089669e-05
1.187294387232719258e-04
5.941745314177953550e-05
4.216078039866665120e-05
4.071284957010195746e-05
4.176380460396305244e-05
4.238847998850461205e-05
5.007392430949645458e-05
4.970487446472462783e-05
4.562854150814625007e-05
4.916060182343547769e-05
4.249486535425401652e-05
4.401451073742160942e-05
4.686396649857569268e-05
4.231404226932984988e-05
4.453223108107017231e-05
4.220238747721951998e-05
4.711155981769682091e-05
4.524037922641986614e-05
4.375732173987974841e-05
3.937838888507232561e-05
4.100740006025363086e-05
5.278272415226739037e-05
5.077005297708738786e-05
5.624107969601431332e-05
1.003295839634827481e-04
8.519119098006436861e-05
5.213502456576356189e-05
8.756886249304645091e-05
1.395355551438923474e-04
7.068974856843447977e-05
6.738771508227930289e-05
7.222712838685968115e-05
4.550902410604370011e-05
6.569454027663191632e-05
4.584115829655073011e-05
4.043228806242243488e-05
4.333502037398931101e-05
4.052403379723222505e-05
4.739591161422948714e-05
4.864064176217653128e-05
4.799421933259711648e-05
4.957483046584659330e-05
4.728250211984332950e-05
4.753600599037276241e-05
5.100633651535544326e-05
6.365650010088251456e-05
4.733187809405434171e-05
5.576256471815415543e-05
5.607026638851190652e-05
6.129260508007267094e-05
4.914109271744059357e-05
5.477909745726113852e-05
5.153629825346999930e-05
4.553069662910678934e-05
4.264261245326552785e-05
5.362934235664498415e-05
4.568199572127519244e-05
4.021843264733130480e-05
4.129819471725366329e-05
4.853958005292548206e-05
4.968697622340793646e-05
4.602871414843118757e-05
5.263514646988672253e-05
4.733483098486128269e-05
4.395764799685113677e-05
4.519351192155024758e-05
4.905937855558780206e-05
5.555605444694972387e-05
1.077992142786064848e-04
9.339098585769533677e-05
8.061363950320002425e-05
6.475807104531365371e-05
4.434232676026618041e-05
3.938001947568005345e-05
4.066020450813488722e-05
3.915565515247484003e-05
4.209895016780743987e-05
4.539174189428902374e-05
5.051715590525418547e-05
8.047778083386624272e-05
4.735643859021365886e-05
4.769807993499044683e-05
4.142917262571346667e-05
3.996108171931053710e-05
4.621111584128812227e-05
4.395799472048464456e-05
3.947690087241224454e-05
4.165797426442926165e-05
4.939982038599232008e-05
4.431964829564094598e-05
7.369735892603381487e-05
2.062642109942519121e-04
6.705310834351823550e-05
4.299964534261056705e-05
4.241253524216719733e-05
3.884456605495264250e-05
4.435131990855249148e-05
4.242015850549149823e-05
4.849614396031635575e-05
5.049030332075845641e-05
6.911659137889121735e-05
4.168292056419886974e-05
4.623302310291263852e-05
5.118601682220792737e-05
5.716847417513943257e-05
5.279223507386632291e-05
4.553596028320801683e-05
4.214486873631055147e-05
4.335483778656149814e-05
8.848456082180039181e-05
4.960911781785802793e-05
5.590522377234365982e-05
4.833173711732443559e-05
4.405268636118206638e-05
4.770666205634673689e-05
4.697132522576592264e-05
4.645510185380569856e-05
4.293398836226616571e-05
3.973206728308772327e-05
6.581157175888720820e-05
5.792464132860510018e-05
4.027924655626217407e-05
4.591646153130568510e-05
4.244623157622602952e-05
5.218242084892052803e-05
4.878474823069862395e-05
7.478969579096883210e-05
1.017876812127522292e-04
6.419196162217607571e-05
5.063677227654908071e-05
4.628935498961558062e-05
4.079155116212657524e-05
4.203846682988417681e-05
5.822189417408986438e-05
5.976681932224891809e-05
5.826242269702359516e-05
4.199643392995413909e-05
3.853419312185400595e-05
3.815820899843755756e-05
4.901695162213096926e-05
3.974681597254756132e-05
4.239457863150164160e-05
4.518152156379073885e-05
7.576236362284462765e-05
1.195203666833953658e-04
1.701734907692298326e-04
7.176141854466145981e-05
4.776382395195671540e-05
5.058056218937660167e-05
4.004838569219120446e-05
3.695223444891679760e-05
4.357539220816559165e-05
4.898952837619516780e-05
4.359850231493409180e-05
3.894736980631326916e-05
3.773690204575865100e-05
3.938026689057652586e-05
4.185774243928285247e-05
4.407200595273429161e-05
4.023630364422893410e-05
4.119078489667218315e-05
3.780923499208357539e-05
4.634354822984379193e-05
