8.249021005299356224e-02
5.254601864351166746e-02
5.166173274318377334e-02
5.079774480726984009e-02
4.985154408547613075e-02
4.923003517919116723e-02
4.794667444295353659e-02
4.700259410672717741e-02
4.666119620203972029e-02
4.611740378869904483e-02
4.570160440272755253e-02
3.787754053870837079e-02
2.922659706738259949e-02
2.854660825596915322e-02
2.796308316290378737e-02
1.925962602926625106e-02
1.885358868373764735e-02
1.778316076431009363e-02
1.742831091086069831e-02
1.682823863294389405e-02
1.658970591922601101e-02
1.623254367874728266e-02
1.635176243881384522e-02
1.589112143549654271e-02
1.561295034984747608e-02
1.492634298072920834e-02
1.481703609642055254e-02
1.481058261460728095e-02
1.481677129450771624e-02
1.418129158102803683e-02
1.405611947178840582e-02
1.377617518934938674e-02
1.371889301886161129e-02
1.353259181810749848e-02
1.335233350594838483e-02
1.331867453124788159e-02
1.324926089495420505e-02
1.323468056817849424e-02
1.312801033258438090e-02
1.275641246802276980e-02
1.298049738009770734e-02
1.377925208045376743e-02
1.307714032216204456e-02
1.355697369409931963e-02
1.265965381844176216e-02
1.308495853510167894e-02
1.219975637478960817e-02
1.217122395419412140e-02
1.233885965413517374e-02
1.240208531005515015e-02
1.208983885745207494e-02
1.207745598008235291e-02
1.172804909861750039e-02
1.165574899150265652e-02
1.210856418642732892e-02
1.167355563905504018e-02
1.193889244976970888e-02
1.160824817087915267e-02
1.159118498365084397e-02
1.165909007191658076e-02
1.196929918809069501e-02
1.133134217725859788e-02
1.150914894623888789e-02
1.114451678262816554e-02
1.097237541443771801e-02
1.197759206510252451e-02
1.130599697430928474e-02
1.125907532456848353e-02
1.105848019321759544e-02
1.048566410938898789e-02
1.101842885216077102e-02
1.115444796780745186e-02
1.073712654825713896e-02
1.040420041730006490e-02
1.058171389003594726e-02
1.015048614806599026e-02
1.135131652156511940e-02
1.089156753487057101e-02
1.058419884492953558e-02
1.016479640371269720e-02
1.037027225726180543e-02
1.036291636112663533e-02
1.061414006683561451e-02
1.062917122410403370e-02
1.053529953791035485e-02
1.046090176122056042e-02
1.047753562529881756e-02
1.025565997593932618e-02
9.919067749546633256e-03
9.926596238381333107e-03
9.960735523038440759e-03
1.021098819043901249e-02
1.090822923514578151e-02
1.027136863105826935e-02
1.017472322616312305e-02
9.896979634132649362e-03
1.086604961504538877e-02
1.029961037139097771e-02
1.027596720390849643e-02
1.043435913821061378e-02
9.971029071344270078e-03
9.490976292226048841e-03
9.862107688354122131e-03
9.751941760381062016e-03
1.031918716099527143e-02
9.814753495156765262e-03
9.639917280938889790e-03
1.035477332770824363e-02
1.052539613511827184e-02
1.030673772096633856e-02
9.770589052802987340e-03
9.345751317838827538e-03
9.606224281920327374e-03
1.005981711877716907e-02
9.622829043202930227e-03
9.687655067278280047e-03
9.353066475854978842e-03
9.323436129424307259e-03
9.573313788407379274e-03
9.299811509748300703e-03
9.516842067241668146e-03
9.171494829157987583e-03
9.098525101111995181e-03
9.654164757165644220e-03
9.413963974350028630e-03
9.429029304948117335e-03
1.034719303664233953e-02
1.008844408310121885e-02
9.840841324379047406e-03
9.030034152997865396e-03
1.005885140349467577e-02
9.432755183014604472e-03
9.227788137892881798e-03
8.929259441792965213e-03
8.944775816053152431e-03
8.962788434906138191e-03
9.346077963709831932e-03
9.092005478839079724e-03
9.040444708532756682e-03
9.029826277659998637e-03
9.421648391418986981e-03
9.338592874507108815e-03
9.502172540459367933e-03
8.895228111909495375e-03
9.074326318999131544e-03
9.574719973736338721e-03
9.140413329005241463e-03
9.479203377332951624e-03
9.742521627081765501e-03
8.948103330201573336e-03
9.058209297557672304e-03
9.335322032372157103e-03
9.872016484538713790e-03
9.822846990492609467e-03
9.670834433701303717e-03
9.193958350353770639e-03
8.736757458084158656e-03
8.625210287670295045e-03
8.544413426684008273e-03
8.771190173510048232e-03
8.592185423605971928e-03
8.858710717823769717e-03
1.072995080302159045e-02
1.025279074079460569e-02
9.913819337056742689e-03
9.493280392554070621e-03
9.052693802449439039e-03
8.795338744918505119e-03
8.686926290392875741e-03
8.795087879730595706e-03
8.860834750036399032e-03
9.366892431345251110e-03
8.871138898862733144e-03
8.725228793919086526e-03
8.767548021343019374e-03
8.843640937573379879e-03
9.277197362648115578e-03
8.642589333984587383e-03
8.671216302447848703e-03
8.795858406358294385e-03
8.906461894512177069e-03
8.952271677553653301e-03
8.682217279242144051e-03
8.766361483269266910e-03
8.786911848518583201e-03
8.878325691653622675e-03
8.444887296193175769e-03
8.440637770626280637e-03
8.734237605498896412e-03
8.570262408918805433e-03
8.719075508415698172e-03
8.451666281455093646e-03
8.308639824390411446e-03
8.602491029434734468e-03
8.484075321919387624e-03
8.697283230721950323e-03
8.774808992942174923e-03
8.665718734264374334e-03
8.677083452542623532e-03
8.662897087633609702e-03
8.590662570463286629e-03
8.748969199756781098e-03
8.809723990658919687e-03
8.663020713461769273e-03
8.557564347154563919e-03
8.360307017962137835e-03
8.588068170679939717e-03
8.640694833464091992e-03
8.680696870303816759e-03
8.613377345932853729e-03
8.533100444409582111e-03
8.663380344708759839e-03
8.347386477722061604e-03
8.124225272072686105e-03
8.003184257282150438e-03
8.439182875057061467e-03
8.674360439181327473e-03
8.832604843709204040e-03
8.424022735820876212e-03
8.052609033054776433e-03
8.336469297193819031e-03
8.122904265506400087e-03
8.006119028561645146e-03
8.781767510291603462e-03
8.176629588835769569e-03
7.936283407939805773e-03
8.639659229665995477e-03
8.155510860184829111e-03
7.937256671074364653e-03
8.661335255536768002e-03
8.251523375511169225e-03
8.248516279790136380e-03
8.074327595531940668e-03
8.200344379163450673e-03
8.148367765049140468e-03
8.007890031569533593e-03
8.313011038634512614e-03
8.318377428998550288e-03
8.252118873513406699e-03
8.271790651811493020e-03
8.266031361288493987e-03
8.383758974572023612e-03
8.461702474289470310e-03
8.536310663653744885e-03
8.497914895415306646e-03
8.193987694879372591e-03
8.392482689685291236e-03
8.079484194103214029e-03
7.980450408326254796e-03
8.326820232388046708e-03
8.341446411278513606e-03
8.142853600697384439e-03
7.838727215098010778e-03
8.219048525724146140e-03
8.030105233192443709e-03
8.424903887013593731e-03
8.250674212144480310e-03
8.244624690463145736e-03
8.105019198523627857e-03
8.212558248390754156e-03
7.904213824205927677e-03
7.912240231202708959e-03
7.870865501463413655e-03
7.881516799744633234e-03
8.482415355328057002e-03
8.116251221961445425e-03
8.575030528008937766e-03
8.280155909144215620e-03
8.134892549779679585e-03
7.884697798225615353e-03
8.458770008550749522e-03
7.898276375813617287e-03
7.613647000657187275e-03
7.779992796066734564e-03
7.857520369191964976e-03
7.755746183296045003e-03
7.708805340031783110e-03
8.395235704051123848e-03
8.045459008879131402e-03
7.743853682445155269e-03
8.088014937109417116e-03
7.913824984182913844e-03
7.961996686127450693e-03
8.344067289597459011e-03
8.865829933848646399e-03
8.007252638538677955e-03
7.817698671585984402e-03
7.540837414562701763e-03
7.955762594938277366e-03
7.906390560997856795e-03
7.921907218794028635e-03
7.742615358697043856e-03
7.751274079912238990e-03
7.809316006799538537e-03
7.760021523055103329e-03
7.564308419823646823e-03
7.743712340792020289e-03
8.031654391023847900e-03
7.729578169269694585e-03
7.318566700236664967e-03
7.708661237524615760e-03
7.756841224100854623e-03
7.608243469148874040e-03
7.758548218342992651e-03
7.695716741598314890e-03
8.098472526503933122e-03
8.315871987077925326e-03
8.103877161112096536e-03
7.831291788154177980e-03
7.762170154601335734e-03
8.051488761686617299e-03
7.604810835586653731e-03
7.873870113657579703e-03
7.703907017906506428e-03
7.556168470117780901e-03
7.553022373467683376e-03
7.703847758885887069e-03
7.480457675539784954e-03
7.577060158881876450e-03
7.973199931697712295e-03
7.581056447492705297e-03
7.706713270809915743e-03
7.727040516005622035e-03
7.792726833787229183e-03
7.611341182556417666e-03
8.111053086403342827e-03
7.716363585657543683e-03
7.659439730147521094e-03
7.758044612904389965e-03
7.591451956994003936e-03
7.885717248751058367e-03
7.519408274028036368e-03
7.738572859929667390e-03
7.937654896328846799e-03
7.546913863884077700e-03
7.686873715784814549e-03
7.601917220486534982e-03
7.402252360350555609e-03
7.606928104327784906e-03
7.839420487483343344e-03
7.761190632979074813e-03
7.817726120766666301e-03
7.688207651178041897e-03
7.547488148427671829e-03
7.620658566140465877e-03
7.422022703621122645e-03
7.717288250310553634e-03
7.536053465058405870e-03
7.615874734603696357e-03
7.757318057119846205e-03
7.509543721874554524e-03
7.353060212400224817e-03
7.621103119519022015e-03
7.994657721784379292e-03
7.458136011328961833e-03
7.674871977004739908e-03
7.692284356388781087e-03
7.769215040736728549e-03
8.079670884956915641e-03
7.509796994013918925e-03
7.482057958841323471e-03
7.564515608052413062e-03
7.500913668837812069e-03
7.862032668458090665e-03
7.532416577968332159e-03
7.516909531421131496e-03
7.833684159235821190e-03
7.711314629349443582e-03
8.209321585794290138e-03
7.561282556917932676e-03
7.770064932604630811e-03
7.920774378710323735e-03
7.728379236327277690e-03
7.685553448067770736e-03
7.517006422082582982e-03
7.997931179900963708e-03
8.080308803667625092e-03
7.486519397546847511e-03
7.230768824617067603e-03
7.701079361140727997e-03
8.020634771221214071e-03
7.736818736626042622e-03
7.315464949028359191e-03
7.446781881153583665e-03
7.249858975410461252e-03
7.316310229814714482e-03
7.256042081862688377e-03
7.459454263250032795e-03
7.293934060467613736e-03
7.280926379478640416e-03
7.268786314460966118e-03
7.611187228726015719e-03
7.608780831926399181e-03
7.415585898690753471e-03
7.450561188161373277e-03
7.443568834828005569e-03
7.297997114559014696e-03
7.285111012558142390e-03
7.162539536754290205e-03
7.558672403295834882e-03
8.214227304690414552e-03
7.839817665517329406e-03
7.817107819848590280e-03
7.577385269105434834e-03
7.274792682793405560e-03
7.632425158388084739e-03
7.268508006301191253e-03
7.404531513651211629e-03
7.594533270845810723e-03
7.240011632028552947e-03
7.403989492191208506e-03
8.038194129864374704e-03
7.810707411004437148e-03
7.396065509981578946e-03
7.105118839277161334e-03
7.340272408392693911e-03
7.325854558083746450e-03
7.432477203094297290e-03
7.454312216076585708e-03
7.134053148329258173e-03
7.045569109419981546e-03
7.181040619810422250e-03
7.382289220889409406e-03
7.881463639852074113e-03
8.008443597290250751e-03
7.537353229191567743e-03
8.151482885910405624e-03
7.603903207927942623e-03
8.050119620230462153e-03
7.353564711908499099e-03
7.253710157755348734e-03
7.094859578129318091e-03
7.342561119132571916e-03
7.195088509470224346e-03
7.104185000061988449e-03
7.081225862105687205e-03
7.289371258682674458e-03
7.088047886888186253e-03
6.936306187676058443e-03
7.006397317681047412e-03
7.616589112828175620e-03
7.201964503361119214e-03
7.320816997024748307e-03
7.453782666060659694e-03
7.212227191776037633e-03
7.148752634723981245e-03
7.339855929215748781e-03
7.212239358988073272e-03
7.470169510278437154e-03
7.440209761261940349e-03
7.385586071759462495e-03
7.368824966251849747e-03
7.742984087930785547e-03
7.148436398969755870e-03
7.265999751786391368e-03
7.395924491186936511e-03
7.114449062695106171e-03
7.100379868514007653e-03
7.271769978106021499e-03
7.083862846096356837e-03
7.379080853942367874e-03
7.434936629401312815e-03
7.158945562938849073e-03
7.387846909049484122e-03
7.308085469735992913e-03
7.308332551684644865e-03
7.060292280382580131e-03
6.892498702638679385e-03
6.995863409505949718e-03
7.320982091542747525e-03
7.253248747438192402e-03
7.204195387247536164e-03
7.067463702211776964e-03
7.368821928070650937e-03
7.150993305775854743e-03
6.892684896787007985e-03
7.000798829313781627e-03
6.953817370037237988e-03
7.312044248812728416e-03
7.392212893399927390e-03
7.187739469938807767e-03
7.573130414303806505e-03
7.366694340275393819e-03
7.794167237977186850e-03
7.463935824731985497e-03
7.457902597056495150e-03
7.342734080221917717e-03
7.502302428086598911e-03
7.429838813841342648e-03
7.326094514379898927e-03
7.157934870984819335e-03
7.266617069641749353e-03
7.373003475368023092e-03
7.066459730267525031e-03
7.029650140967634402e-03
7.402831233210034091e-03
7.284098489003049126e-03
7.181728169735934579e-03
7.370936324199040685e-03
7.786426626973682111e-03
7.348366472870111396e-03
7.073758571512169489e-03
7.265340329872237504e-03
7.283168286085129131e-03
6.995418493946393111e-03
7.181903132134013698e-03
7.848000658882988909e-03
7.451741364267137728e-03
6.799558945414093183e-03
7.291064937081602297e-03
6.870531915790505095e-03
7.099980894062254445e-03
7.252997911224762922e-03
6.986812431779172543e-03
7.326149489316675402e-03
6.963964568244086772e-03
6.914018152488602548e-03
6.754526090290811566e-03
6.773414481431245734e-03
7.102946040944920804e-03
7.064586145182450566e-03
7.077986962265438858e-03
7.193054916958013800e-03
6.977216924230257925e-03
6.949673779308796276e-03
7.086783351583613062e-03
7.122164722532033608e-03
6.982677926619847326e-03
7.167188550035158597e-03
7.212885659601953395e-03
7.203168475793467369e-03
7.275121917741165893e-03
7.030622704575459000e-03
7.048049891988436046e-03
7.572551148219240982e-03
7.345815174695517931e-03
7.087030574265453138e-03
7.009575644301043601e-03
7.751780835290749544e-03
7.531170306934250810e-03
7.418478156129519087e-03
7.088341075513098118e-03
9.023089292976590667e-03
7.378907000852955381e-03
7.415420597212182309e-03
7.365028144170840223e-03
7.185591738671064273e-03
7.198872812506225752e-03
6.997608906692928850e-03
7.199690904882219411e-03
7.001954766197336817e-03
6.751219566083616758e-03
6.896260192410813387e-03
6.883402675804164636e-03
6.779106745703353254e-03
6.915587724910842241e-03
6.982353867755995702e-03
7.085897082255945834e-03
6.807548892166879508e-03
6.780961366991202464e-03
7.271629447738329859e-03
7.086228397157457067e-03
7.294787516196568622e-03
7.481765155163076428e-03
6.974162691169315254e-03
7.000813140637344480e-03
7.189551798833741098e-03
7.095601434508959186e-03
6.901253643963071657e-03
7.120907720592286466e-03
6.869371498210562199e-03
6.802432199733124754e-03
7.131819871978627504e-03
7.217153778506650227e-03
6.957847952014870226e-03
7.166226775281958790e-03
7.230419168869654453e-03
6.976143452856275670e-03
7.265164386481046989e-03
6.971812341362237930e-03
7.126322200314866295e-03
7.044611386954784289e-03
6.977540794759988681e-03
6.857820877598391242e-03
6.992371771484613002e-03
7.185331200146013141e-03
6.726010826726754911e-03
7.163264337513182249e-03
6.910907584759924498e-03
7.155467209716637710e-03
7.382642676432927056e-03
7.261134644763337156e-03
7.044254079875018719e-03
7.647314932611253523e-03
7.222826087640391371e-03
7.032584374149640667e-03
7.201147112581464740e-03
6.851288167138894387e-03
6.808582339435815915e-03
7.071603606972429873e-03
7.193844473610321553e-03
6.952970292833116420e-03
6.961590860866838024e-03
6.788744951287905421e-03
7.023611275686157847e-03
6.823002354552348304e-03
6.963307104176945025e-03
6.761954019053114696e-03
6.659811817937426846e-03
6.858828485839896932e-03
6.876462358567449890e-03
7.187095160285632105e-03
7.004934971531232187e-03
6.909242251680956792e-03
7.022528085443708636e-03
7.018724098387691714e-03
6.807476944393582238e-03
7.005352535181575552e-03
7.022088583972719254e-03
6.910605681025319691e-03
7.084760810765955083e-03
6.776501302503876861e-03
6.629416247208913017e-03
6.912585476206408244e-03
6.937397759821680061e-03
7.191769782867696650e-03
7.009722466270128759e-03
6.623394406504101543e-03
6.666686880505747100e-03
6.754563084493080821e-03
6.677710945821470519e-03
6.743327844887971566e-03
6.947812545630666775e-03
6.903520216130548150e-03
6.845215619024303151e-03
6.790098059508535740e-03
7.323953289952543112e-03
7.187181400756041151e-03
7.283115180002318334e-03
6.809029945482810396e-03
6.845764612985982128e-03
6.954135679536395213e-03
6.897884704586532308e-03
6.768940120107597679e-03
7.043311947749720733e-03
7.071970113449626769e-03
7.048516577730576382e-03
7.108139159778753893e-03
6.854731800655523843e-03
6.919264174583885166e-03
6.945268232375383793e-03
7.006986598587698276e-03
6.884549783749712923e-03
6.814507260504695969e-03
7.010225045184294811e-03
6.802265706161657842e-03
6.929910663101408047e-03
7.023849036130640558e-03
7.589213661849498853e-03
7.592468267927567072e-03
7.221857164469030338e-03
7.070903109593524270e-03
7.075506697098414219e-03
7.084079399291011783e-03
6.991996063540379010e-03
6.713939040071434383e-03
6.552625401980346868e-03
6.764185689389705727e-03
7.109148347129424193e-03
7.008255285521348445e-03
7.004177961498499194e-03
6.676780544221400798e-03
7.371727226095066941e-03
7.059187135762638732e-03
6.941689749558766637e-03
6.994575895369052609e-03
6.820825102428595098e-03
6.898338211079438169e-03
6.994346765180428811e-03
7.151566685901747551e-03
7.065892145037650993e-03
7.006838427235683071e-03
6.752998961342705601e-03
6.722801811993122517e-03
6.655770505054129683e-03
6.617087665945291762e-03
6.947549471838607160e-03
6.776849776506423985e-03
6.690841555181476635e-03
6.596268891460365345e-03
6.988275732017225871e-03
6.630936080796851449e-03
6.574888962010542494e-03
6.707630354083246246e-03
6.757530218197240097e-03
6.961797405448224944e-03
6.544279342310296496e-03
6.698509144286314727e-03
7.295997916824287742e-03
7.090826208392779322e-03
6.808551086319817106e-03
6.545461768077479037e-03
6.813605514665444299e-03
6.860745027661323443e-03
6.820172468821207763e-03
6.549890500803788249e-03
6.677328639974196636e-03
6.748000900778505264e-03
7.037572453005446274e-03
6.748675521877077130e-03
7.061141673475503609e-03
6.809335139890512062e-03
6.716600809660223069e-03
6.721327253099944679e-03
6.594211690955691964e-03
6.668728291988373219e-03
6.755130092302958494e-03
6.824477828211254586e-03
6.476633997841013679e-03
6.766611840575933144e-03
6.922794541137086005e-03
6.782225157237715268e-03
6.785996512820323401e-03
6.754080868429607719e-03
6.827850929564899772e-03
6.880012719581524161e-03
6.879855266047848507e-03
6.759582447508970943e-03
7.143435716215107249e-03
6.899117411424716094e-03
6.661747528447045652e-03
6.775242750429445043e-03
7.016314812418487576e-03
6.754627716210153711e-03
6.756107647799783344e-03
7.095076942609416376e-03
7.125747243149412914e-03
7.054553892877366526e-03
6.637405616541703843e-03
6.805157615906662523e-03
7.063849721517827772e-03
6.654068399220705067e-03
6.465783918069468658e-03
6.581637950407134494e-03
6.486149366117186128e-03
6.612948315838972600e-03
6.685173341797457508e-03
6.650288481679227613e-03
6.724248143533865726e-03
6.895755634953578371e-03
6.671492507060368740e-03
6.746187922027376167e-03
7.108580898493528470e-03
6.965800846616427427e-03
6.664661150425672462e-03
6.897871924771203055e-03
6.879218818826807885e-03
6.752355028357770808e-03
6.693397559639479959e-03
6.615559539447228229e-03
6.475534352163473534e-03
6.897135972976684883e-03
6.744526463250319001e-03
6.562681256069077297e-03
6.524477338211404076e-03
6.986988101982408161e-03
6.625937045448356162e-03
6.624205015185806802e-03
6.514414693746302214e-03
6.578892912301752618e-03
6.575638157212072323e-03
6.587231130235724798e-03
6.595390563209851606e-03
6.581988032493326160e-03
6.977967259784539217e-03
6.629522571133242802e-03
6.924741303341256510e-03
6.513121842096249690e-03
6.691861951516733797e-03
6.917660441249608855e-03
6.752113302548726215e-03
6.889846447027391484e-03
6.781494315299722853e-03
7.003177363011572377e-03
6.830939211779170871e-03
6.926347207691934196e-03
7.236446307765112551e-03
7.363862082776096406e-03
7.295540751268466372e-03
6.928429448356231320e-03
6.819907132950093695e-03
6.613812881211439919e-03
6.463952312866846385e-03
6.517321202490065045e-03
6.461818830834494334e-03
6.467621318168110568e-03
6.568143998997078882e-03
6.581590792371166954e-03
6.700123738911416965e-03
6.413455692430337224e-03
6.463978334019581523e-03
6.517351149684853275e-03
6.772015169262885978e-03
6.606944660759634519e-03
6.581242376317580564e-03
6.577455370376507522e-03
6.654438579248057872e-03
6.813248822258578113e-03
6.988493102706140603e-03
6.935793057911926116e-03
6.730055960102213422e-03
6.649483038733403073e-03
6.745942301220364187e-03
6.575006105833583643e-03
6.795247598654694313e-03
6.988816898730066188e-03
6.534435442752308670e-03
6.481626642247041020e-03
6.769080956776936560e-03
6.647064898990922774e-03
6.701128263440396873e-03
6.593162529170513465e-03
6.650863182213571402e-03
6.499414383951161028e-03
6.523322144316302633e-03
6.909919995814561497e-03
6.682886661340792754e-03
6.599311826543675583e-03
6.575250021285480688e-03
6.335384353167480831e-03
6.554916807346873424e-03
6.648225662195019967e-03
6.837979180531369473e-03
6.527856102006302993e-03
6.343549765232536601e-03
6.622097454965114594e-03
6.544165499508381063e-03
6.629203593151437000e-03
7.056060963206821010e-03
6.683960639768176878e-03
6.681206300854682610e-03
6.463219918724563522e-03
6.791341019173463382e-03
6.562799420207738633e-03
6.726798829105165578e-03
6.829017036490970562e-03
6.551508994566069416e-03
6.605674218800332634e-03
6.731209539704853008e-03
6.591605204674932765e-03
6.597942782358990829e-03
6.715497084789806212e-03
6.667893373717864204e-03
6.430044463939137318e-03
6.464350651949644228e-03
6.632088588343726561e-03
6.798357276452912309e-03
6.822709074864785096e-03
6.476861873848570317e-03
6.527046008656422690e-03
6.395771981527407710e-03
6.529357809987332804e-03
6.538739283051755655e-03
6.834398425287670741e-03
6.638609502050611330e-03
6.459492803033855396e-03
6.422725054952833738e-03
6.465769112110137697e-03
6.612214214271969030e-03
6.573253499550952075e-03
6.637624818831682101e-03
6.506571972535716078e-03
6.559492291675673298e-03
6.605304674141936928e-03
6.541587938037183268e-03
6.382931984133190413e-03
6.589954391949706496e-03
6.857254772136609118e-03
6.445771375050147502e-03
6.434489989446269542e-03
6.375813314484225260e-03
6.710050286104282148e-03
6.436695359233353224e-03
6.540362439635727214e-03
6.595942676067351879e-03
6.316923604657252549e-03
6.600707297523816276e-03
6.464337901108794908e-03
6.513847259597646024e-03
6.309985884775717695e-03
6.394460478590594486e-03
6.349529789553748360e-03
6.437450984699858922e-03
6.338969305571582648e-03
6.524667286624511071e-03
6.394310881280236558e-03
6.444780468526813480e-03
6.569305530024899080e-03
6.347079757187101476e-03
6.389177267750104430e-03
6.893617999222543570e-03
6.625287837038437364e-03
6.381968056990040307e-03
6.628271200590663687e-03
6.298534104393588122e-03
6.350424502872758538e-03
6.485488476852575845e-03
6.378889336354202737e-03
6.315498993628554554e-03
6.534153740439150107e-03
6.427490328335099673e-03
6.520013353890842696e-03
6.367549836221668424e-03
6.386916945791906892e-03
6.726946677598688237e-03
6.455562690065966801e-03
6.917483156753910511e-03
6.781301432185703019e-03
6.514187995344400059e-03
6.576400808990001332e-03
6.554368403222825441e-03
6.975217639572090303e-03
6.631444684333271701e-03
6.633007259418567149e-03
6.845375113189220047e-03
6.761411589880784133e-03
6.558202796926101454e-03
6.671141390171315619e-03
6.775544844567775622e-03
6.544239158845609715e-03
6.520280140555567011e-03
6.325856821818484285e-03
6.383889923906988471e-03
6.845283201999134183e-03
6.585356222672595315e-03
6.486129617939392564e-03
6.364607709563440546e-03
6.479055645565191639e-03
6.696396190673113008e-03
6.323201047877470733e-03
6.197177488356828828e-03
6.479264973766273548e-03
6.416291097799936734e-03
6.434316428171263889e-03
6.326041755576928410e-03
6.318916235533025318e-03
6.136412606057193957e-03
6.183686844176716248e-03
6.492196894768211338e-03
6.438131125436888889e-03
6.435469562808673015e-03
6.352192295922173479e-03
6.665782926397191034e-03
6.599601426472266434e-03
6.455537442945771982e-03
6.719481963664293567e-03
6.892411986158954174e-03
6.283788024965260115e-03
6.216971292677853263e-03
6.622823213951455415e-03
6.613606760899225744e-03
6.582261953088972169e-03
6.480380776855680473e-03
6.327597068415747802e-03
6.247893176558944571e-03
6.403502379026678251e-03
6.437780265178945360e-03
6.431184272385305663e-03
6.253118543989128267e-03
6.237328472650713156e-03
6.289142403337690673e-03
6.582591955860455507e-03
6.947451101409064626e-03
6.742066372599866443e-03
6.675361788107288946e-03
6.593596755216518841e-03
6.542913582589891287e-03
6.458828662418657045e-03
6.541223333527644394e-03
6.382553362184100430e-03
6.123961338566409097e-03
6.364378956043057617e-03
6.354302888115247183e-03
6.343412457240952228e-03
6.385754787673552681e-03
6.163102671917941588e-03
6.190794313119517625e-03
6.219502857161892696e-03
6.266858519779310889e-03
6.289905562169022420e-03
6.567538693133328012e-03
6.512315041489071150e-03
6.218587565753195406e-03
6.196351378328270737e-03
6.366125901954041225e-03
6.495008805973661974e-03
6.541666018052233987e-03
6.428932208153936845e-03
6.308872774243354416e-03
6.626189721541272254e-03
