1.617409685254097007e-01
6.681262499756283890e-02
6.554842665791511813e-02
6.477878905004924581e-02
6.398489183849757900e-02
5.657327180107434711e-02
4.967182323336601091e-02
4.778907328844070324e-02
4.624593266182475820e-02
4.457113759385215174e-02
4.356501508090231123e-02
4.314015921619203386e-02
4.262948292824957075e-02
4.228111301859219934e-02
4.164173627893130031e-02
3.147212135295072988e-02
2.735153222249613741e-02
2.662534074650870289e-02
2.614092568556467683e-02
2.566956989467144082e-02
2.541075843075911098e-02
2.494913391768932218e-02
2.448533429039849094e-02
2.442911886506610522e-02
2.426205223633183528e-02
1.944086344705687683e-02
1.295342921796772268e-02
1.235840872757964712e-02
1.178789878471030173e-02
1.130919613358047360e-02
1.150709033840232459e-02
1.097084403865867218e-02
1.079693409717745294e-02
1.028468671772215029e-02
9.851613533165720291e-03
1.028318357964356708e-02
1.018434705419672855e-02
9.277435872289869351e-03
9.360458109941746999e-03
9.215571226345168829e-03
8.999953129225307311e-03
8.908856480071941988e-03
8.194298177129692023e-03
8.234589292357364504e-03
8.030270375311374803e-03
8.094230110032690426e-03
7.509359088208940325e-03
7.623447459191083804e-03
6.977381476511558024e-03
6.911630967838896904e-03
7.074273915754424394e-03
6.904702290064759079e-03
6.745166041784816414e-03
6.597298789355489530e-03
6.853749412629339677e-03
6.615537814795970604e-03
6.080819720195399306e-03
6.570464389191733347e-03
6.405825608720381800e-03
6.163826098458634328e-03
5.656740961389409433e-03
6.026844415399763150e-03
6.292780693620443622e-03
6.427054676330751573e-03
5.726294006324476361e-03
5.575834928701321573e-03
6.012228928092453253e-03
5.493631905151737972e-03
5.634447483138905512e-03
6.358613454633289287e-03
5.662735508133967532e-03
6.140592085818449841e-03
5.775859680854611780e-03
6.076426431536674673e-03
6.335346071670452939e-03
5.666145419494973516e-03
5.113676151053772947e-03
5.231132501115401227e-03
5.402893957992394372e-03
5.301982385830746915e-03
5.522693739169174179e-03
5.873989587028820986e-03
5.346278612398438698e-03
5.073981912185748788e-03
5.114914255423678655e-03
5.047638486656878115e-03
5.049520822034941903e-03
5.259560677740309116e-03
5.492539267159170929e-03
5.063867301990588460e-03
5.165506177064444968e-03
4.874888170096609505e-03
5.293748662289645898e-03
5.113943477885590609e-03
4.807881487326489886e-03
4.821326647781663290e-03
5.648052009443442316e-03
5.317217869063218041e-03
5.173059490819771795e-03
5.102880754404597562e-03
5.368905340631802484e-03
4.944561069003409852e-03
4.848891277280119143e-03
4.835537812776035706e-03
4.687366603563229012e-03
4.825806782270471683e-03
4.576772556950648579e-03
4.661331563774082434e-03
5.038400255143642495e-03
4.710789521535237688e-03
4.602059647440910270e-03
4.764492091619306272e-03
5.667838431480857683e-03
5.180888134572241184e-03
4.891887501709991405e-03
4.795894292700621751e-03
4.803065556204980970e-03
4.448313170837031767e-03
5.290335176719559301e-03
5.084683483259545660e-03
4.886207839267121128e-03
4.798338197999530048e-03
4.381894181585974449e-03
4.878240998627410632e-03
4.564218278974294281e-03
4.410713889325658388e-03
4.582429002556535555e-03
4.681629485761126287e-03
4.686502507991260544e-03
5.115608830625811843e-03
4.507703348580333925e-03
4.700888556738694497e-03
4.590982223550478872e-03
4.607823736344774691e-03
4.593204186401433388e-03
4.461191658758454671e-03
4.218958883235851727e-03
4.588953853688306460e-03
4.306681073374218731e-03
4.859893940803077482e-03
4.560842963142527386e-03
4.334005680349138287e-03
4.905454491575558969e-03
4.440222926851775630e-03
4.333830246080954546e-03
4.737616413169437081e-03
4.471072579423586782e-03
4.567006575978464766e-03
5.055327903893258937e-03
4.581922118862469771e-03
4.246597292108668376e-03
4.639705260180764998e-03
4.517705503644214339e-03
4.516928289085626880e-03
4.245563029415077953e-03
4.425753526803520230e-03
4.744817314462529065e-03
4.585245450337727992e-03
4.641453651711344858e-03
4.629287645220756323e-03
4.641129271023803141e-03
4.465959813031885120e-03
4.561661632938517411e-03
4.385191362558139849e-03
4.373598587181832913e-03
4.475275030773546818e-03
4.652784795810779341e-03
4.751000876228014640e-03
4.223734870966938150e-03
4.524958479321665623e-03
4.256296122653616988e-03
4.237315342244175019e-03
4.399077298326625057e-03
4.125813850098186165e-03
4.080684271951516215e-03
4.564955807808373026e-03
4.687726191348500111e-03
4.127911977056000076e-03
4.501529176616006316e-03
4.236659163402186137e-03
4.173379836397038932e-03
4.033080331153339644e-03
3.874713550839159124e-03
4.280702167501052036e-03
4.370225183665752029e-03
4.161280404983295003e-03
4.185218217058314129e-03
4.151140155477656135e-03
5.059792366292741386e-03
4.614727743383910744e-03
4.251118861138820752e-03
4.272582843485805970e-03
4.064726975436011754e-03
4.225004422995779114e-03
4.413847095436520054e-03
4.198361196451717153e-03
4.311618347548775917e-03
4.739251176102294086e-03
4.128592291639910511e-03
4.297527095509900107e-03
4.333591966165437070e-03
4.483666302015383923e-03
4.669837472546432139e-03
4.104394792682594835e-03
4.879427953726715207e-03
4.406387872166103552e-03
4.649288428740369281e-03
4.248148966580629106e-03
4.211847070190641827e-03
4.327373392879962748e-03
4.567735772579908753e-03
4.554222853233417211e-03
4.537617982261711071e-03
4.502996897531879976e-03
4.034785675919718567e-03
3.940559503518873026e-03
4.058320487125052778e-03
4.089654349825448849e-03
3.689436537937985320e-03
4.225027950273619465e-03
4.056437868211004369e-03
3.914429748223887881e-03
4.284663111385371599e-03
4.344743839982482744e-03
3.931916967655221286e-03
4.287520019958416390e-03
4.182737163371509637e-03
4.328015693980786192e-03
3.981314743351604783e-03
3.679085788834426073e-03
3.825264403389559698e-03
4.141171996792157410e-03
4.169982760730717164e-03
4.471458937558863214e-03
3.900217845415075713e-03
3.791624315910869028e-03
4.555487140185303027e-03
3.850975723730193367e-03
4.044970642361376059e-03
4.123539413428968861e-03
3.889034460816118317e-03
3.915057184381617178e-03
3.948791409946150049e-03
3.811261724266741015e-03
3.735419996082782901e-03
3.740485719301634305e-03
3.695197003997034366e-03
4.222768971489535526e-03
3.801139997732308051e-03
3.804766962097750650e-03
4.333536577307515840e-03
4.123155378426114973e-03
4.066706192162301489e-03
3.722957169844044473e-03
3.673284550507863438e-03
3.986263061977094770e-03
3.993141736007398655e-03
3.933534638749228672e-03
4.122263044118881434e-03
3.799431057025988781e-03
3.935629719247420687e-03
4.324286650452349202e-03
4.138395504819022096e-03
4.401728008977241410e-03
3.962158016446564075e-03
4.155035004433658800e-03
4.097248748358752954e-03
4.807648871921831046e-03
4.734242703351709824e-03
3.972322563123372070e-03
4.045322867524292487e-03
4.121827974708543695e-03
3.814164880249235577e-03
3.918986664050155312e-03
3.926131390035152852e-03
3.656648847584923010e-03
3.689330496514836837e-03
3.793678597236672858e-03
3.592658653441402859e-03
4.011734370142221867e-03
4.024801575061348093e-03
3.895090120948023222e-03
3.745952803227636622e-03
3.764093130206068189e-03
3.899251860049035741e-03
4.130767281684610999e-03
3.930424261424276394e-03
3.974635033971733213e-03
3.749470741798480253e-03
3.957585088080830399e-03
3.840746488422155502e-03
4.129758894236550994e-03
3.679796942613190996e-03
3.760009443180428474e-03
3.988904152065515275e-03
3.637545290920469413e-03
3.692038003355264768e-03
3.802584783277577693e-03
3.704518044574393182e-03
3.588179662409755888e-03
3.500342025525040018e-03
3.714279245792163550e-03
3.875360416455401417e-03
3.674429599195718973e-03
3.893143097973532016e-03
3.872490529384878082e-03
4.157628235924575033e-03
3.848896533664729683e-03
3.765371967520978694e-03
3.866600042415989976e-03
3.777153605802191505e-03
3.844227288953132229e-03
3.657300317039092509e-03
3.636675622935096538e-03
3.767861363788445935e-03
3.943571237226327006e-03
4.112199738414750762e-03
3.775837553872002286e-03
4.022772384600506804e-03
3.699081732581059080e-03
4.115421157330274859e-03
3.826283011585474101e-03
3.648098450567987226e-03
3.717864875992139048e-03
3.776698743717537849e-03
4.351756076018015694e-03
4.072530417599611562e-03
3.662856457134087886e-03
3.603656130532423632e-03
3.732750349574618775e-03
3.668364455095595670e-03
3.756757904258039432e-03
3.810331339223517466e-03
3.912737197760078611e-03
3.644699131449063816e-03
3.763174238718218143e-03
3.776497073057625241e-03
3.680891574670871157e-03
3.717302497890260290e-03
3.544974811375141335e-03
3.665450560963815982e-03
3.837814130302932662e-03
3.668433903819985024e-03
3.953621907987528092e-03
3.886520296542181081e-03
3.609736667325099367e-03
3.563800094028313995e-03
3.616801850083801312e-03
3.580104323724905575e-03
3.597746631130575943e-03
3.452914280609952011e-03
3.846085622078842386e-03
3.684597824596696439e-03
3.946461790344781007e-03
3.595400887231032030e-03
3.999114757817652174e-03
3.659976094754205898e-03
3.559833026180664502e-03
3.768570257557763044e-03
3.956886893138289625e-03
3.926173808674017322e-03
3.618635179267989162e-03
3.725055177799529559e-03
3.575860986279116686e-03
3.721688294576273870e-03
3.616379980618754895e-03
3.881418992661767649e-03
3.531400897643632245e-03
3.670719375626908289e-03
3.701935696105162175e-03
3.811706399752034201e-03
3.782395219637287986e-03
3.812470102889670403e-03
3.531852470089991928e-03
3.475177701976563983e-03
3.587586088106036169e-03
3.872767103215058512e-03
3.709436489476098091e-03
3.682940572293268329e-03
3.560172312168611609e-03
3.532550883375935955e-03
3.393833527548445646e-03
3.390880292281508654e-03
3.228128960149155742e-03
3.374270716061194674e-03
3.508503348049190219e-03
3.636556568865974715e-03
3.710067516399754607e-03
3.934959836511148570e-03
3.793286381082402493e-03
3.593483006374703463e-03
3.478651058135761101e-03
3.733900921005341936e-03
3.741554090132315907e-03
3.548245218892892312e-03
3.726405226108100467e-03
3.636961058816976216e-03
3.377215088241629967e-03
3.747806824329826415e-03
3.612356431161363717e-03
3.429005656184421630e-03
3.431559069496061942e-03
3.536071359283394274e-03
3.693564016785886358e-03
3.407041931317912088e-03
3.590392635928260114e-03
4.152711355644795634e-03
3.514252232594622643e-03
3.399775608753164476e-03
3.280347141747673358e-03
3.379552341583702373e-03
3.370782523933384209e-03
3.409704623950852304e-03
4.005135722044441543e-03
3.884280143926541196e-03
3.662916353593270117e-03
3.876897481580575140e-03
3.767428695120745435e-03
3.287517494625515242e-03
3.494379356917407670e-03
3.375508323725726935e-03
3.302702100740538549e-03
3.558936517478691365e-03
3.798538305693202697e-03
3.705262920508782011e-03
3.609850145876407693e-03
3.454094934794637965e-03
3.768580479340420761e-03
3.397204570679200966e-03
3.441467301713095617e-03
3.409532027112113176e-03
3.648128492964638776e-03
3.606170339302884088e-03
3.538671335619356702e-03
3.421171989498866719e-03
3.597694507075680729e-03
3.336919422985779038e-03
3.324991445988416568e-03
3.461020634406142618e-03
3.298707387099663203e-03
3.511232195629013838e-03
3.332378851870695935e-03
3.323540532340605886e-03
3.335130272640122236e-03
3.471505596405930014e-03
3.296644402046998174e-03
3.654425512585374961e-03
3.516790673343671726e-03
3.377098787782920747e-03
3.305873435197604921e-03
3.503486474768982908e-03
3.850291151967313343e-03
3.386987588471836522e-03
3.445367933147483290e-03
3.332413157655133087e-03
3.516148123890161341e-03
3.849046070956521539e-03
3.538938599328200069e-03
3.540320126339793240e-03
3.502331450581550390e-03
3.785176432381073559e-03
3.531869194573826216e-03
3.458627241974075468e-03
3.397808281911743940e-03
3.468283059903317072e-03
3.346738993293709146e-03
3.213473734342389525e-03
3.437119156329168125e-03
3.283157509027255765e-03
3.410334035547243209e-03
3.374974971844090215e-03
3.337708072115977680e-03
3.540629455819726146e-03
3.285395398529039612e-03
3.486959123983979312e-03
3.216685114635361477e-03
3.453502948913309261e-03
3.310604370716545113e-03
3.485234282496902855e-03
3.862571923269165954e-03
3.827178527911504098e-03
3.421534101168314558e-03
3.357373684023817490e-03
3.549208767298194910e-03
3.359538566114173789e-03
3.400592309319310641e-03
3.270567850106292484e-03
3.427329267271690683e-03
3.647684533562925175e-03
3.243174659502175237e-03
3.279143023408121350e-03
3.252263833872146275e-03
3.563504397041267809e-03
3.526026136759254775e-03
3.408349133614036689e-03
3.342015141000350114e-03
3.300424145741595160e-03
3.623581777016321795e-03
3.518278826442029945e-03
3.509543570172455641e-03
3.406992846479018570e-03
3.321698536682459856e-03
3.501551376862658584e-03
3.851210888889100657e-03
3.704655723025401543e-03
3.376376473655303290e-03
3.591268898712264221e-03
3.426205255091190234e-03
3.339985894660155163e-03
3.371457165728012923e-03
3.374893419030639951e-03
3.410808746185567744e-03
3.689905003541045763e-03
3.324692366230818860e-03
3.416301439412766216e-03
3.296537849431236712e-03
3.618812945981820552e-03
3.382334533250994004e-03
3.555337674915790350e-03
3.456357430873645536e-03
3.395563231574164672e-03
3.354594494319624535e-03
3.723086824433671088e-03
3.579460241728358704e-03
3.515030621654457663e-03
3.251277148309681276e-03
3.169006806694798888e-03
3.190520534084902680e-03
3.610127084991998116e-03
3.642035632704695124e-03
3.330459777886668731e-03
3.506747035102711699e-03
3.486646299974785826e-03
3.338907575234770740e-03
3.364386479887697314e-03
3.336856729454464304e-03
3.489783288290103369e-03
3.317615678533911670e-03
3.292777121274007533e-03
3.318240679800510233e-03
3.270926206476158608e-03
3.453754857182502781e-03
3.394943637152512701e-03
3.855721138210760433e-03
3.489352917919556155e-03
3.440889072500997320e-03
3.217401392757892557e-03
3.132742349472310891e-03
3.166243686444229592e-03
3.706730464473366547e-03
3.359102786829074212e-03
3.193124550291233463e-03
3.096500537875625843e-03
3.298503061135609968e-03
3.405384218527211099e-03
3.603202695440914718e-03
3.316522197177012698e-03
3.538521801431973937e-03
3.434921138816409824e-03
3.364983886066410124e-03
3.637774696366654313e-03
3.398238395651181562e-03
3.465180985836519185e-03
3.280814486659235432e-03
3.371520280424091746e-03
3.202946030845244679e-03
3.208976992302470764e-03
3.420733267234431219e-03
3.581574177369475573e-03
3.338719639513227505e-03
3.361822083178493594e-03
3.432944801946481283e-03
3.582714483555820249e-03
3.568435513104001571e-03
3.389090007791916402e-03
3.131181372122631996e-03
3.091165645875864395e-03
3.629898081223170009e-03
4.985609294639693073e-03
3.735069389351540307e-03
3.346933484491374823e-03
3.375791865918371243e-03
3.247443193362818843e-03
3.503788395060433453e-03
3.214626555434531643e-03
3.537352677020761619e-03
3.193114187775386754e-03
3.467919185964597750e-03
3.314494644809100506e-03
3.252737017141448320e-03
3.648092670159207556e-03
3.352486416697502032e-03
3.300205492931935353e-03
3.287711135215229657e-03
3.467510137706995149e-03
3.465780698590808367e-03
3.208746486860844776e-03
3.133418460687001361e-03
3.250642967306905350e-03
3.277267667775352750e-03
3.302032848199208670e-03
3.666071432332197733e-03
3.566255919221374745e-03
3.164066233568721322e-03
3.040915431661738409e-03
3.128415752823153918e-03
3.180777584719989091e-03
3.136116398705376430e-03
3.168091565991441264e-03
3.194454506867461848e-03
3.291818808971179715e-03
3.222865217054883720e-03
3.423279067501425882e-03
3.322504016881187849e-03
3.790532353644569894e-03
3.381965422174997016e-03
3.455002008833819079e-03
3.523849081248045089e-03
3.277126404767234918e-03
3.137093489575717292e-03
3.136811188111702630e-03
3.267670559386412488e-03
3.122612260695960783e-03
3.173266040782133854e-03
3.114945217967033352e-03
3.442633390012714463e-03
3.152084928005933692e-03
3.234361547769771649e-03
3.456679568108585177e-03
3.552168493883477163e-03
3.203058003758390681e-03
3.146349141995111957e-03
3.099197186529636504e-03
3.371428508932391988e-03
3.271107567060325006e-03
3.174326949649386789e-03
3.489887105921904171e-03
3.174827469305859656e-03
3.756090502979027041e-03
3.273109616711735673e-03
3.689237962373428936e-03
3.261176732679208282e-03
3.094956570615371196e-03
3.142415994985236095e-03
3.400917007691330474e-03
3.279914127455817261e-03
3.140894041086236821e-03
2.972170675380362420e-03
3.307945716919170366e-03
3.357777498248550648e-03
3.365592412236664225e-03
3.570453180000186105e-03
3.248952976945373820e-03
3.219432690077357606e-03
3.040263799743519752e-03
3.174403910007741591e-03
3.222851178919275764e-03
3.122619661606020492e-03
3.013211921271350454e-03
3.032543572286764810e-03
3.089898006162709876e-03
3.183801212451524247e-03
3.224346512514683800e-03
3.220231440953082690e-03
3.082313283036152395e-03
3.424369854231675437e-03
3.301587837437788744e-03
3.407890468628870309e-03
3.215261751578913762e-03
3.133013793784711169e-03
3.435241516886485772e-03
3.094278746801946024e-03
3.378805278076065996e-03
3.197074186884694622e-03
3.065344370487663346e-03
3.113684203061792451e-03
3.037130742644270163e-03
3.285802702109018921e-03
3.117891120620899792e-03
3.225626800623204987e-03
3.285480911533037764e-03
3.093152810922927386e-03
3.453395680213967780e-03
3.200243895666466960e-03
3.567765630367729455e-03
3.545665873421562867e-03
3.634253890357083683e-03
3.626823670541246599e-03
3.128819047576851444e-03
3.203921595381365936e-03
3.138330887175268518e-03
2.989893000986840795e-03
3.155112665974431699e-03
3.273171031226714423e-03
3.077158131119277738e-03
2.988014218086997454e-03
3.066153652552101178e-03
3.009551751116911356e-03
3.248503195742765987e-03
3.161207235728700961e-03
3.155520988835228743e-03
3.350655024664269451e-03
3.311202307749125731e-03
3.081660481790701473e-03
3.781247283849451489e-03
3.183469925489690495e-03
3.018854020370377329e-03
3.304967956824435022e-03
3.020609281957149523e-03
3.015273333423667320e-03
3.133946847584512425e-03
2.962264626597364749e-03
3.042272780504491712e-03
3.040738925337791495e-03
3.125040127585331558e-03
3.128709026301900679e-03
3.027065386995673145e-03
3.112722142703003552e-03
3.549279491934511591e-03
3.164207713885439956e-03
3.033503947986496922e-03
3.007515441212389208e-03
3.079002012188236052e-03
3.158160750236776049e-03
3.178375344723463093e-03
3.177189664501282960e-03
3.064684799561897838e-03
2.916442605977257081e-03
3.107493244525459143e-03
3.197334677808814744e-03
3.375136911248167570e-03
3.391504945854345848e-03
3.273228841523329307e-03
3.069656023548709024e-03
3.152587813221746117e-03
3.118913521369298496e-03
3.019022110642658342e-03
3.128549880865547604e-03
3.195457094245486920e-03
3.474578749802377606e-03
3.398974041144052927e-03
3.256765426033072976e-03
3.126030776442753102e-03
3.216884650496972843e-03
3.045446593314409152e-03
3.043069747380084279e-03
3.054171703341934229e-03
3.119188348452250296e-03
3.080674149096012272e-03
3.054670174088743202e-03
3.181470810539192666e-03
3.052493832591507330e-03
3.247567508369684271e-03
3.251139550573295834e-03
3.045640971718562885e-03
2.924356508172220800e-03
2.985727862558431017e-03
3.200363578895727701e-03
3.210385772917005633e-03
3.141008073257075574e-03
3.011920235326720745e-03
3.058788658430179087e-03
3.080616917254196205e-03
3.067361950460407646e-03
3.088405628999074410e-03
3.099236464541819513e-03
2.907528295699093185e-03
3.012550963709751881e-03
2.951058130711317097e-03
2.915049758222367990e-03
2.852179555015431443e-03
2.971260351025396124e-03
3.299648619981275597e-03
3.499902113237314538e-03
3.039589251081148587e-03
3.052413671587904127e-03
3.017227888728181689e-03
2.859401297238137879e-03
2.901891660359170750e-03
3.229721729747123040e-03
2.990530847261349545e-03
3.198195308860805452e-03
2.988775811261600805e-03
3.098905455941955087e-03
3.143995580159955356e-03
3.070286576532655146e-03
3.142269310644931271e-03
3.541742242458793995e-03
3.196937719153033521e-03
3.051252691075205699e-03
3.025083280064993357e-03
2.989313933584424997e-03
2.992665938412149892e-03
3.217387139383289570e-03
2.986521647415227559e-03
2.931609935023718558e-03
3.356518423598673674e-03
3.137825646748145392e-03
3.059119931939575324e-03
3.226915235734648287e-03
3.214891366660594784e-03
2.899517717046870124e-03
2.900758251133892136e-03
2.978322247250212752e-03
2.987159654084179262e-03
3.446281660969058823e-03
2.967193804474340356e-03
2.948683857296903726e-03
3.065007153070635395e-03
3.117943057376477457e-03
3.221546772660480781e-03
2.939361151721742518e-03
2.979522049427032419e-03
3.305960180651810500e-03
3.137594043380684521e-03
2.932649480385912753e-03
2.923014801409509322e-03
2.812911036113897867e-03
3.159289583563804505e-03
3.033996580375565490e-03
3.374587325379252260e-03
3.043203893014126155e-03
2.879853928461670754e-03
3.076553667585055045e-03
3.060879723893271571e-03
2.979497052729129878e-03
3.010558363878064816e-03
3.023102769835127671e-03
3.110356828611758086e-03
3.110993003679646263e-03
3.022697126078936758e-03
2.987719828055964734e-03
2.981685366895463641e-03
3.133382385389672526e-03
2.969784799756275146e-03
3.096293685957789230e-03
3.397795485539568949e-03
3.213060946307248495e-03
2.972405682214432094e-03
3.336599580943584459e-03
3.025425869143671519e-03
2.871470952199564955e-03
2.883974060209260840e-03
3.561745679212940940e-03
2.998355815394057253e-03
3.078856559263335336e-03
3.023279391022192300e-03
2.921361739022864095e-03
2.864054278987977244e-03
2.895665133578909610e-03
2.935965790723760790e-03
3.130620751116010726e-03
3.034868321071068631e-03
3.253521836466259642e-03
3.002964148504866284e-03
3.131485955996645820e-03
2.977555729448795423e-03
3.094205080221096738e-03
3.071953184488746859e-03
2.928804445804821140e-03
3.177219931450155077e-03
3.023321381252672916e-03
2.978397506392664595e-03
2.985669348595870742e-03
2.990814482586251401e-03
3.039169755453864814e-03
3.052330954621235593e-03
2.998106260266569095e-03
2.924659875118070049e-03
2.989107088910209018e-03
2.967148198642664565e-03
2.881886416839228669e-03
2.766082023994790098e-03
2.962226486868328734e-03
3.244465177671776793e-03
3.377176823301447812e-03
2.992595980564753330e-03
2.852773745026853432e-03
3.074589706957340293e-03
2.967979103947679387e-03
3.260482032265928087e-03
3.039713793744643674e-03
2.983017987054255304e-03
2.866065469053056484e-03
2.932540131732821673e-03
2.885704428578416466e-03
2.880548685789108363e-03
2.774105670137537710e-03
3.166725689338313002e-03
2.951622901277409575e-03
3.497608548237217917e-03
3.071077848888105824e-03
3.057923172083166011e-03
2.810902913204497804e-03
2.939980365335941211e-03
3.244172787914673638e-03
2.910381412754456127e-03
2.992321696753303100e-03
2.955321665439340686e-03
2.757430598139762930e-03
2.895649131387472222e-03
2.913960088044404827e-03
2.948351794232924750e-03
2.963936720043420636e-03
2.915888474219375300e-03
3.566438528812593874e-03
3.348612305190828281e-03
2.938107680529356090e-03
2.951442731751336042e-03
2.931147501286532949e-03
2.882598708901140585e-03
2.877256260770890469e-03
2.790344723810752377e-03
2.806175760924815941e-03
2.917717386864953494e-03
3.035271855899029144e-03
2.981955331439773305e-03
2.882391041558649957e-03
3.128566748152176655e-03
3.035423784620232268e-03
2.973764524277713525e-03
2.971503010226620670e-03
3.217898706595103027e-03
2.979317516502406806e-03
3.100341073133879109e-03
3.109798936380280595e-03
3.008775675876272909e-03
2.899490323745541887e-03
2.839683217720853029e-03
3.106853834663828202e-03
2.893727251018086977e-03
2.937733147086368790e-03
2.799637363188796531e-03
2.812635219759411151e-03
3.232388554347885839e-03
2.851282427501347378e-03
2.809527723325623387e-03
2.755494175685776516e-03
2.886934169671601710e-03
2.892090028876231639e-03
2.749457777374320587e-03
3.059354608671532687e-03
3.116621398884389035e-03
2.986289688075582233e-03
2.777932338002655262e-03
3.199287377711799215e-03
3.325817921302384652e-03
2.970288215825954946e-03
2.883105821286638479e-03
3.017941970999042135e-03
2.887200538275970160e-03
2.893619144128428428e-03
2.940932706826263152e-03
2.973506740397877015e-03
2.972267546380559511e-03
2.919235088758998474e-03
2.827697773981425501e-03
2.851681648236182188e-03
3.156833887721101437e-03
3.268285970100098022e-03
3.609972004261281786e-03
3.084148442786600886e-03
2.896637387780679612e-03
3.004832271900442081e-03
2.827208098024129937e-03
2.946759702430831133e-03
3.024966908204886756e-03
2.830140948709514246e-03
2.783596776425838280e-03
2.888756349889768336e-03
2.810743213113811416e-03
2.805164456367492589e-03
3.004713242666589082e-03
2.894639521837234514e-03
2.796516162860724665e-03
2.826937916171219471e-03
3.019720858169926657e-03
3.009429257363081030e-03
2.990736399466792893e-03
2.765424228790733588e-03
2.867585842808087829e-03
3.041838933196332542e-03
2.899105113724039645e-03
2.871952108624908646e-03
2.848354213767581317e-03
3.023783245848284812e-03
2.883591272143853912e-03
2.827627967215246788e-03
2.871167405198017924e-03
2.854296178039577095e-03
2.934924660043583804e-03
3.088748645451333975e-03
3.130981042567226782e-03
2.902098699576324912e-03
2.888938517620166097e-03
2.865510625350806660e-03
2.786456503801875741e-03
2.916036624357931997e-03
2.740574265933699068e-03
2.787382374000218089e-03
