1.217093075811862962e-01
7.025132626295089999e-02
5.930124494764540261e-02
5.787892060147391271e-02
5.693193202217419757e-02
5.657952906356917416e-02
5.638115127881367789e-02
5.614492370022667461e-02
5.597661697202258729e-02
5.590244793229633136e-02
5.587979750500784992e-02
5.584303769800397915e-02
5.570989660090870654e-02
5.568768996331426718e-02
5.554127317335870451e-02
5.550832336147626389e-02
5.542905454834302220e-02
5.549215361475944713e-02
5.548433062103059338e-02
5.556336498094929799e-02
5.545889223615328711e-02
5.528477890623940266e-02
5.519502235783470961e-02
5.516813021567133074e-02
5.512823406192991771e-02
5.508963916036817982e-02
5.504913532071643162e-02
5.541915290885501139e-02
5.526092328959041067e-02
5.494923260476854143e-02
5.497784045007493570e-02
5.485342487692832641e-02
5.498209443357255505e-02
5.488079287939601203e-02
5.486292706595526786e-02
5.481706304682625736e-02
5.479675435357623386e-02
5.486628212862544596e-02
5.491914992531140433e-02
5.474635415607028571e-02
5.484435131152470833e-02
5.493183862831857445e-02
5.469023479355705764e-02
5.467792265945010943e-02
5.462983542018466643e-02
5.480058991246753580e-02
5.477238640189170671e-02
5.466246492332882401e-02
5.466360585557089591e-02
5.455193486478593368e-02
5.509945127699110434e-02
5.525833364990022367e-02
5.470362467898262637e-02
5.455585603912671555e-02
5.448188685708575674e-02
5.453735854890611606e-02
5.452890639503796960e-02
5.446322133971585183e-02
5.450158488419321046e-02
5.454448431730270219e-02
5.450387107001410797e-02
5.457438660992516150e-02
5.460744334591759869e-02
5.440388497379090860e-02
5.442786378992928165e-02
5.435391606556044808e-02
5.437186496125327034e-02
5.437264960673120207e-02
5.436441860265202319e-02
5.442846576372782630e-02
5.464779999521043874e-02
5.608361421359910060e-02
5.464271088441213092e-02
5.483839054902394511e-02
5.462139546871185025e-02
5.442289123932520650e-02
5.433759288655386904e-02
5.432180060280693973e-02
5.430681311421924062e-02
5.428181780709160492e-02
5.428832656807369705e-02
5.435593763987223159e-02
5.435072779655456682e-02
5.435922716226842394e-02
5.464819048841794424e-02
5.447909328672621149e-02
5.424642937050925401e-02
5.428887902034653518e-02
5.436494974626435162e-02
5.423003191749254520e-02
5.418978727526135158e-02
5.424485584100087465e-02
5.432373856504758153e-02
5.424343812796804387e-02
5.432067596250110542e-02
5.419175959295696732e-02
5.440558811028798486e-02
5.438038133912616312e-02
5.451506372955110258e-02
5.433557550112406292e-02
5.433824054068989162e-02
5.425993260410096747e-02
5.432916887932353472e-02
5.427190134922663112e-02
5.424766755766338711e-02
5.420489440361658806e-02
5.423964026901457319e-02
5.424604018529256139e-02
5.416209293736351515e-02
5.417194091611438056e-02
5.447297326392597921e-02
5.465263149804538978e-02
5.465979827774895827e-02
5.449608544508616204e-02
5.440695474545161059e-02
5.436128859718640516e-02
5.415912403000725656e-02
5.413714435365465233e-02
5.414116887582672705e-02
5.413647284110387203e-02
5.418836858537461748e-02
5.420204639434814120e-02
5.425603390567832612e-02
5.424526032474306231e-02
5.414192153347863190e-02
5.410967588424682451e-02
5.412615617116292577e-02
5.410358263386620681e-02
5.413582435912556168e-02
5.437448415491315939e-02
5.453641606701745137e-02
5.419886120491557852e-02
5.413330871197912647e-02
5.415199180444081606e-02
5.418370069728957461e-02
5.417073066035906631e-02
5.415463861491945363e-02
5.422987674673398345e-02
5.413186570008595572e-02
5.419085810581843188e-02
5.434922617342737017e-02
5.422068789601326017e-02
5.416037610835499477e-02
5.408684627877341500e-02
5.408789113991790271e-02
5.408450272348191978e-02
5.409339540534549573e-02
5.417854136890835198e-02
5.430434469547536919e-02
5.419435302416483746e-02
5.418159958389070358e-02
5.414160288042492442e-02
5.412467054194874255e-02
5.408193068371879020e-02
5.453466541237301374e-02
5.413791153166028908e-02
5.410831887688901526e-02
5.412106012304623848e-02
5.446763717465930715e-02
5.424228092034658055e-02
5.427296641800138932e-02
5.429324020942052215e-02
5.412456674708260307e-02
5.409136676126056337e-02
5.416728741592831409e-02
5.425728975070847476e-02
5.423728543851110556e-02
5.427132164438565332e-02
5.444263203276528129e-02
5.427479787005318190e-02
5.413104034132427966e-02
5.407291154066721367e-02
5.407838367753558390e-02
5.403648412889904690e-02
5.406380499402681922e-02
5.404991861846712015e-02
5.405286216073566102e-02
5.404072129064135810e-02
5.406967176331414077e-02
5.410306586159600167e-02
5.418141192860073674e-02
5.422290944390827094e-02
5.411989678939183729e-02
5.414097425010469533e-02
5.410040395127402313e-02
5.407613936397764193e-02
5.413560493124856127e-02
5.424277371830410477e-02
5.416914886898464843e-02
5.407407866583929801e-02
5.404209915134641773e-02
5.409761269059445987e-02
5.407904475927352572e-02
5.409632273846202294e-02
5.418293247620264985e-02
5.413892923129929452e-02
5.408674442105822905e-02
5.446661167674594212e-02
5.418398857116699108e-02
5.416398728887240194e-02
5.425723542769749635e-02
5.408862163623173736e-02
5.403708866900867880e-02
5.404403026733133747e-02
5.403775281376308609e-02
5.407625685135523247e-02
5.402532744738790943e-02
5.403540717230902873e-02
5.405360910627576843e-02
5.410707629389233109e-02
5.421196487214829940e-02
5.411388076841831124e-02
5.415126835306485753e-02
5.406452291541629512e-02
5.424265149566862010e-02
5.429062628083759084e-02
5.415575938092337394e-02
5.417420499854617988e-02
5.412385784917407572e-02
5.405323788523674206e-02
5.405653582678900809e-02
5.405847072601318443e-02
5.420155684153239034e-02
5.407871945036782368e-02
5.415919963684347194e-02
5.407628950145509233e-02
5.409037657909922941e-02
5.404974385268158238e-02
5.406090686718623139e-02
5.409578339921103374e-02
5.406269308593537881e-02
5.414669831593831723e-02
5.419730989469422056e-02
5.414330070217450441e-02
5.404343866639667315e-02
5.404125716951158065e-02
5.416498366329405151e-02
5.410260438919067133e-02
5.406677487823698114e-02
5.403624229960971720e-02
5.404209789302614336e-02
5.403049853112962264e-02
5.411949495474497468e-02
5.406384067402945914e-02
5.411056224670675319e-02
5.408502992656495645e-02
5.410275013910399722e-02
5.418469723727967896e-02
5.412907222906748750e-02
5.407390947143236870e-02
5.519640702340337934e-02
5.425577590862910166e-02
5.407793318231900875e-02
5.405812182360224954e-02
5.404527943167421883e-02
5.404024269845750933e-02
5.402152857846683615e-02
5.404617148968908491e-02
5.400825252963437073e-02
5.406868229309717833e-02
5.403442083133591645e-02
5.401474391420682530e-02
5.400536057021882580e-02
5.400352519419458069e-02
5.402561500668525557e-02
5.404718917277124418e-02
5.400287179483307526e-02
5.403245473073588212e-02
5.416059537894196002e-02
5.410260587930679210e-02
5.404935088422563316e-02
5.402394940455754885e-02
5.404335290193557767e-02
5.401859568225012703e-02
5.400604939295185897e-02
5.401499268909295409e-02
5.402718242671754323e-02
5.403660287459691181e-02
5.401072767045762835e-02
5.410951192180315367e-02
5.406516523824797527e-02
5.406003902355829838e-02
5.403609183099535029e-02
5.408763913644684673e-02
5.404351764255099777e-02
5.408919692039489829e-02
5.405115580393208413e-02
5.402935591008928284e-02
5.405034747388627603e-02
5.405605824457274805e-02
5.413871859510739626e-02
5.403288579649395684e-02
5.407240798075994143e-02
5.408822261624866151e-02
5.421083811256620366e-02
5.412046107980940379e-02
5.401614849766095405e-02
5.402651478846867694e-02
5.404403570625516962e-02
5.408704628547032767e-02
5.418062551154030626e-02
5.408180084493425382e-02
5.402536273830466779e-02
5.401389075650109284e-02
5.400906107491917213e-02
5.401869277159372651e-02
5.399411044187015646e-02
5.399733495381143361e-02
5.399885374638769414e-02
5.403193602959315001e-02
5.401302874088287354e-02
5.400947133700052805e-02
5.424183663394716026e-02
5.408665210008620911e-02
5.400670129391882401e-02
5.411772388550969981e-02
5.407788581318325599e-02
5.405172511935234236e-02
5.410932249493068807e-02
5.433672583765453840e-02
5.418889020880063301e-02
5.407711204555299550e-02
5.400493366850746962e-02
5.401540689170360870e-02
5.399119986428154577e-02
5.397950595451726091e-02
5.398097530007362616e-02
5.397726744413375993e-02
5.400546653403176522e-02
5.399979707267549278e-02
5.400263803700606352e-02
5.398250099685456688e-02
5.399472473396195460e-02
5.399580193890465840e-02
5.398530728287166680e-02
5.400577020314004800e-02
5.404133068190680733e-02
5.401410036616854926e-02
5.399410492844052001e-02
5.399908192869689455e-02
5.402087387111451783e-02
5.401603682173623106e-02
5.403756442169348195e-02
5.408664196729660173e-02
5.405837178230285534e-02
5.400340265697903264e-02
5.399818000694116271e-02
5.399207986891269712e-02
5.399810691674550300e-02
5.397799922360314168e-02
5.401225470834308123e-02
5.402487178643544663e-02
5.400577253765530272e-02
5.441890223158730305e-02
5.415060834752188912e-02
5.402752869658999924e-02
5.401817757222387301e-02
5.399557454718483668e-02
5.399185612797736955e-02
5.397234363688362818e-02
5.398413131634394180e-02
5.398229390382766613e-02
5.404050144884321727e-02
5.412953898310661482e-02
5.403638945685492606e-02
5.401597637269232172e-02
5.400274568133883735e-02
5.403042614459991483e-02
5.402022330297363839e-02
5.401791517105367785e-02
5.411724848879707894e-02
5.408350669675403288e-02
5.408567458391189825e-02
5.407906615071826628e-02
5.398625130454699078e-02
5.398067858484056208e-02
5.398216888308524780e-02
5.400312728352017061e-02
5.401532093683878571e-02
5.401946395635604664e-02
5.405994257993168572e-02
5.407518615325292155e-02
5.400178160104486536e-02
5.403785887691709561e-02
5.400181012021170596e-02
5.401021599769592618e-02
5.400349784228537092e-02
5.401913528641064804e-02
5.403877937131457837e-02
5.401253001557455857e-02
5.399388710657755663e-02
5.398570367031627071e-02
5.403731266657511162e-02
5.398799004654089573e-02
5.402737198604477820e-02
5.401762218938933185e-02
5.401541454924477237e-02
5.405850175354216108e-02
5.404860693547460654e-02
5.400197615226109971e-02
5.404169556167390948e-02
5.426606239544020521e-02
5.416404010521041340e-02
5.403839008675681566e-02
5.399565413594245578e-02
5.402371568812264213e-02
5.400922126240200599e-02
5.398891972170935527e-02
5.396716723839441870e-02
5.397685016194979368e-02
5.397830140259531062e-02
5.398158868981732528e-02
5.396287441253662387e-02
5.397208056516117347e-02
5.399725812176863621e-02
5.399667748146586704e-02
5.396782325373755684e-02
5.397715710931354216e-02
5.398197184006373051e-02
5.399850548969374608e-02
5.397778640190760424e-02
5.399442803528573670e-02
5.401098021202617450e-02
5.403101124697261282e-02
5.397204899953471358e-02
5.397002811233202885e-02
5.397673954566319793e-02
5.398676762978235621e-02
5.396725482410854452e-02
5.404139518737793163e-02
5.406281390123897357e-02
5.406137574050161321e-02
5.403856090373462817e-02
5.401413328117794788e-02
5.402555326620737952e-02
5.400490538941489504e-02
5.397862697641054447e-02
5.397526832090483728e-02
5.407120817237430488e-02
5.407140427165561120e-02
5.405620858901076520e-02
5.404304342137442735e-02
5.397454799877272891e-02
5.398694892724355265e-02
5.397983315918180452e-02
5.400446921586990467e-02
5.396336823701858298e-02
5.396800170342127417e-02
5.396226169334517736e-02
5.397179522448115885e-02
5.396882666481865598e-02
5.398602664470672496e-02
5.400404286053445829e-02
5.399598894847763841e-02
5.398690988620122311e-02
5.397543148861991269e-02
5.395189842416180798e-02
5.397934827539655617e-02
5.396391908327738407e-02
5.397340188423792318e-02
5.403669956657621704e-02
5.400632153782579381e-02
5.402102043231328532e-02
5.403273375497923831e-02
5.401781158314811204e-02
5.416857201192114279e-02
5.413160128725899578e-02
5.402169267336527636e-02
5.402075060539775209e-02
5.400917839672830095e-02
5.399999944700135251e-02
5.399389084842470127e-02
5.396631760729683758e-02
5.396185656388600982e-02
5.397028893232345276e-02
5.400178212258550936e-02
5.400421314769320719e-02
5.399395356575648064e-02
5.396483454439374855e-02
5.397389451662699261e-02
5.395639176170031331e-02
5.396812511814964852e-02
5.397812936041090220e-02
5.404720778266589032e-02
5.402863932980431216e-02
5.399619058602386085e-02
5.396972291999393295e-02
5.396193133460151087e-02
5.397071019642882966e-02
5.401894703507423290e-02
5.401511265171898835e-02
5.397767037153244213e-02
5.402412424484888398e-02
5.411008248726526665e-02
5.409034313427077412e-02
5.400438720981280000e-02
5.397484772735171993e-02
5.396329123112890425e-02
5.396871454185910022e-02
5.398595293362935116e-02
5.397266482313473751e-02
5.396415889263152937e-02
5.399938656224145123e-02
5.396841532654232665e-02
5.396904326147503039e-02
5.400172534916135997e-02
5.400786264903015277e-02
5.395898913343747522e-02
5.395021528005600198e-02
5.398344079653422112e-02
5.398180138733651989e-02
5.396762642595503284e-02
5.398933933840857624e-02
5.397323949469460397e-02
5.396481078532006787e-02
5.395810698469479666e-02
5.399047111471493715e-02
5.397672283980581298e-02
5.399735613001717394e-02
5.397087620364295069e-02
5.400947858889897785e-02
5.400167230102750904e-02
5.397286852200826324e-02
5.396536346938875239e-02
5.394873473379346862e-02
5.394736119442515576e-02
5.397827395134501688e-02
5.397982327474488279e-02
5.401242135299576946e-02
5.401519035299619242e-02
5.396565662489997278e-02
5.396346444884936311e-02
5.400054769383536707e-02
5.402198745144737996e-02
5.400920467244254425e-02
5.395305542482270456e-02
5.404152468674712495e-02
5.396562534901831049e-02
5.415107876062393022e-02
5.416041158967548064e-02
5.410397850804858633e-02
5.399554287393888014e-02
5.403303980827331432e-02
5.402314667900403461e-02
5.397316902875900352e-02
5.395264844099680740e-02
5.394536356131236082e-02
5.395188526974784016e-02
5.396671472324265223e-02
5.395580432481236061e-02
5.394541528489854576e-02
5.395998178256882633e-02
5.395232132739490732e-02
5.397029414772987199e-02
5.400235739847024374e-02
5.399408512645297725e-02
5.398099733723534660e-02
5.396059860785801937e-02
5.398605393038855699e-02
5.396515879366133028e-02
5.395388624734348548e-02
5.397610935899946338e-02
5.396163784795337398e-02
5.396351493067211291e-02
5.398310740788777456e-02
5.402047092715898946e-02
5.400224801566865657e-02
5.395409641994370481e-02
5.394935458898544173e-02
5.399907489617665479e-02
5.402939837839868670e-02
5.399734298388163267e-02
5.397707422574361119e-02
5.400001352032025859e-02
5.398085441854264671e-02
5.400183339913686154e-02
5.395622601111729755e-02
5.402151690589056948e-02
5.394660482803980556e-02
5.402220050493876380e-02
5.402090115679634985e-02
5.397479169898562745e-02
5.393963798880577198e-02
5.393903268708123006e-02
5.393845359484354673e-02
5.394668749637073629e-02
5.396905303001403587e-02
5.396730583575036488e-02
5.398046112722820755e-02
5.394992619752883578e-02
5.418327854739295180e-02
5.398551280299822286e-02
5.399852779176499834e-02
5.397362940841250734e-02
5.399987185994784000e-02
5.398672199911541680e-02
5.396733436319563204e-02
5.396930419736438445e-02
5.396645324097739532e-02
5.400106372104750835e-02
5.399791750642988358e-02
5.398465688029924908e-02
5.395407896902826295e-02
5.394649873177210370e-02
5.396928225954373409e-02
5.394045018487506754e-02
5.399273749854829885e-02
5.404480160938368583e-02
5.395636601580514058e-02
5.397108877698580248e-02
5.397311819924248411e-02
5.393678605556487954e-02
5.393706887960433849e-02
5.395170521405007885e-02
5.393661879830890377e-02
5.395024937060144410e-02
5.395438985692130318e-02
5.399908100565274649e-02
5.401101536220974386e-02
5.401067111227247225e-02
5.400451232989628841e-02
5.396393097109265097e-02
5.393795154160923450e-02
5.396365930636724123e-02
5.397482636902067171e-02
5.395903463164965219e-02
5.397103902366426342e-02
5.395818549725744234e-02
5.395961923731697890e-02
5.399346275462044847e-02
5.399152578579054923e-02
5.393316239946418372e-02
5.395440815223587899e-02
5.395916947060161450e-02
5.396410534779230717e-02
5.398605237404505153e-02
5.396870664424366359e-02
5.397574330369631773e-02
5.394794507159127173e-02
5.397628592120276569e-02
5.399205425547228682e-02
5.396530520584848223e-02
5.395114330781830558e-02
5.394570920202466924e-02
5.394854664802551519e-02
5.395372422205077512e-02
5.399407591256830119e-02
5.399961802694532714e-02
5.395187732246187196e-02
5.394187923934724849e-02
5.393688932061195540e-02
5.394737831420368807e-02
5.393603210647900797e-02
5.401752427220344460e-02
5.402681625551647437e-02
5.399645431174172200e-02
5.396941439972983284e-02
5.404430415895249834e-02
5.394500393006537026e-02
5.393970656726095741e-02
5.394687448938687707e-02
5.396216652459568525e-02
5.394960976309246675e-02
5.396845519542694397e-02
5.396343383524152687e-02
5.397332545783784657e-02
5.397734198305342151e-02
5.396396237942907570e-02
5.396610106445021149e-02
5.398554335037867441e-02
5.395583017004861037e-02
5.393555132879151309e-02
5.393150640858544037e-02
5.395136609673500255e-02
5.397686011261410011e-02
5.396452016300624932e-02
5.394713676638073635e-02
5.394745919439527387e-02
5.393840488460328875e-02
5.394835847947332397e-02
5.400309259692828018e-02
5.395518801278538501e-02
5.396234939495722638e-02
5.396661337878969067e-02
5.393824362092548147e-02
5.393497376806206250e-02
5.395775794982909934e-02
5.397398198644320216e-02
5.397424760791990489e-02
5.401561083065138658e-02
5.400137336717711345e-02
5.394757303926679681e-02
5.393022595180405748e-02
5.396913505262798672e-02
5.395029827952384921e-02
5.393376923269695838e-02
5.393488491574922883e-02
5.394435968663957581e-02
5.397745672199460998e-02
5.394352154599296040e-02
5.395103678107261713e-02
5.395854093962245551e-02
5.400665084520975961e-02
5.402073711156844815e-02
5.458481378025478725e-02
5.418618871106041512e-02
5.404177715380986680e-02
5.397724399964014957e-02
5.394499013821284217e-02
5.394179824325773254e-02
1.987446168334119911e-02
1.192677102258635864e-03
4.132770364069276374e-04
2.614989951770338612e-04
2.428967894391260084e-04
1.946929662436660776e-04
1.861682130644718922e-04
2.367624785337183282e-04
2.162738691549748063e-04
1.857386856702052818e-04
2.668959195984320289e-04
1.664675100861738241e-04
1.630874905580033906e-04
1.637857418972998923e-04
1.746740140434768459e-04
1.657934435125854253e-04
1.482061689926518326e-04
1.597919696359895040e-04
1.477137356737835564e-04
1.320452165802837234e-04
1.522400965526079153e-04
1.468511157306945933e-04
1.736759572910765749e-04
1.728771281583855611e-04
1.434613077435642481e-04
1.456376322312280655e-04
1.370268646213743330e-04
1.302159602184676580e-04
1.541286622846706124e-04
1.597094754429740921e-04
1.358334178156736863e-04
1.379326192869080570e-04
1.696317525218344268e-04
2.076703511799375288e-04
2.413947033670006562e-04
1.587330440007564208e-04
2.066471247882064764e-04
1.698680141837232544e-04
1.309879534205214853e-04
1.843411687554584487e-04
1.556289304668704578e-04
1.284724986180663228e-04
1.338402116865229988e-04
1.303311330007596259e-04
2.478501484599999159e-04
1.943556432120709045e-04
1.604879876443495335e-04
1.490390473756835702e-04
1.611840565844128623e-04
1.693094541163494247e-04
1.340266176137245473e-04
1.312630948895174472e-04
1.517588887104971674e-04
2.493434345685980268e-04
1.729064461283592587e-04
1.788594060862023062e-04
2.106847417437367892e-04
1.704018923272896248e-04
1.323035407242261743e-04
1.399279820745707309e-04
1.315284313427077321e-04
1.331978147047468270e-04
1.361023325524810283e-04
1.414451201627444992e-04
1.210659401517154374e-04
1.160905145419140622e-04
1.488489601373051737e-04
1.742252761808534348e-04
1.574999659917213914e-04
1.599504193937819761e-04
1.537986483890563336e-04
1.445311313404494644e-04
1.601213792390707505e-04
1.606933073425251561e-04
1.293702004477381771e-04
1.408260521323730541e-04
1.660118163757336770e-04
1.450614479189324803e-04
1.311768134797198842e-04
1.565038200674785532e-04
4.619571494145525981e-04
2.049525199173432262e-04
1.419719294062815498e-04
1.446068985711058735e-04
1.246515772072598360e-04
1.535466604400426171e-04
1.394580339547246575e-04
1.295894548659109373e-04
1.336331973369750750e-04
1.298846259790783109e-04
1.225439349784412360e-04
1.330001031359036876e-04
1.295337380724958967e-04
1.171741114618877610e-04
1.290380439281256703e-04
1.254113425966352203e-04
1.318156185637538722e-04
1.389019884906398771e-04
1.126254424323431353e-04
1.173417953800203102e-04
1.224316146302347494e-04
1.314404072602176035e-04
1.324850560437577452e-04
1.981925380338604140e-04
1.541822923011042961e-04
1.832869037752970934e-04
1.394404824693790709e-04
1.455697302137398045e-04
1.313922140333387463e-04
1.284401301462720791e-04
1.170324064312606223e-04
1.218357726207209971e-04
1.428252748317188677e-04
1.300097383338854533e-04
1.474539913599275792e-04
1.306187554210838295e-04
1.620093896053731507e-04
1.801265380668660900e-04
1.215546441057489976e-04
1.188211739321963701e-04
1.347200109416411861e-04
1.387843635166063883e-04
1.274326104774243314e-04
1.313185669843935227e-04
1.859653223719861875e-04
1.848555486261223876e-04
1.620123002794571221e-04
1.596344190248702184e-04
1.303224220302783899e-04
1.204247595483644144e-04
1.329914740118612034e-04
1.485993738363807339e-04
1.659078364415715189e-04
1.285523291961807436e-04
1.226722885945087443e-04
1.294033019156712501e-04
1.284400488819099234e-04
1.468050722420836409e-04
1.401266550076090713e-04
1.611466548638418425e-04
1.533357934871067715e-04
1.272442067662874854e-04
1.327227562756484638e-04
1.372182843301238304e-04
1.427819607973409123e-04
1.341209397651255239e-04
1.997839757111958203e-04
1.766067020232892689e-04
2.071256067655566694e-04
1.506292153499089095e-04
1.194459165950926649e-04
1.291380745048324209e-04
1.331271233761476241e-04
1.215823009584305969e-04
1.686696438506866404e-04
1.172535802147144194e-04
1.245602495813121467e-04
1.159469139788092798e-04
1.235326414462179011e-04
1.550053268955606668e-04
1.553118771213727570e-04
1.205110740071783411e-04
1.220345124602317788e-04
1.523351248276109461e-04
1.387911731015063072e-04
1.357727314138577977e-04
1.213229012339272367e-04
1.166750065749511177e-04
1.222897501429542986e-04
1.314360839832160181e-04
1.532128750437146349e-04
1.529002322867098896e-04
1.175451448135491868e-04
1.338665389145413922e-04
1.420638153407101747e-04
1.417224101411799662e-04
1.539870333443913092e-04
1.435501714392254660e-04
1.273520399829269185e-04
1.266661509483431769e-04
1.359668441647146446e-04
1.370484000977335826e-04
1.734834151445991367e-04
1.328380510029900303e-04
1.694900020568942110e-04
1.680310609582294219e-04
1.391829014109033683e-04
1.567524743344013937e-04
1.236403297581192503e-04
1.360707810252077138e-04
1.205786827874059431e-04
1.133410722185443614e-04
1.062140633843632249e-04
1.116138220014464464e-04
1.095871994685795588e-04
1.244352162595734783e-04
1.150012628123578060e-04
1.294599592155363003e-04
1.238331522068215874e-04
1.552277224578170369e-04
1.250855527016230884e-04
1.184074878821977288e-04
1.202278550610774027e-04
1.197651570611115964e-04
1.261587610416528137e-04
1.709266142441063260e-04
1.569540051665778066e-04
1.375899005991717086e-04
1.354629241783792900e-04
1.223186521221780113e-04
1.360529345563716392e-04
1.915291968422631538e-04
1.318851442192681080e-04
1.103485874611780863e-04
1.258913595100036808e-04
1.237606728035542641e-04
1.726117228261298475e-04
1.311727084491091477e-04
1.240573809223456496e-04
1.072527963939743766e-04
1.139881727350358360e-04
1.118624729052599895e-04
1.141896431282576538e-04
1.290290761325094365e-04
1.462288762235807089e-04
1.370308726715544932e-04
1.324173480841434752e-04
1.290496990420959139e-04
1.283774017873737651e-04
1.286576521427681031e-04
1.522988392712755349e-04
1.578343538050022297e-04
1.485256941264702151e-04
1.338714000303298311e-04
1.173109440262325924e-04
1.377588764040006458e-04
1.611294949543662380e-04
1.081112568499520421e-04
1.339960010308358400e-04
1.857293443754315290e-04
1.799100952404033768e-04
1.395912140530223763e-04
1.287184273112668793e-04
1.109212576152963817e-04
1.300207282313042302e-04
1.248747117481090966e-04
1.267894317344245053e-04
1.299822019387243449e-04
1.284505372556547374e-04
1.323598426016461414e-04
1.197188312330076316e-04
1.529523678537872075e-04
1.169691687553293155e-04
1.179481372754606958e-04
1.209968009303944808e-04
1.468283785248382346e-04
1.749774532315010920e-04
1.689480118350022259e-04
1.768842888284577963e-04
1.353002313731445296e-04
1.339198736887839208e-04
1.174342684033844255e-04
1.147020673508652419e-04
1.116305104612062366e-04
1.036353614310630498e-04
1.259019853185034505e-04
1.219464057228631439e-04
1.096833711037308750e-04
1.203469901681981149e-04
1.047130236596179509e-04
1.158778375247493435e-04
1.236832673506190481e-04
1.533950398313916480e-04
1.254701350505153432e-04
1.254354943780021533e-04
2.164314247460828982e-04
2.108588316089784228e-04
1.625033542384497027e-04
1.308413318151401190e-04
1.080331774169786106e-04
1.154700232695581188e-04
1.254242143800689106e-04
1.936695427219900891e-04
1.594950102217909465e-04
1.694813892633343744e-04
1.735993133236964450e-04
1.693191121901489044e-04
1.098676444962620741e-04
1.029973136610351503e-04
1.095436848441345859e-04
