7.444768375820583206e-02
5.504355443848504142e-02
5.407326385378837669e-02
5.231204827626546178e-02
5.121489720212088481e-02
4.857996937301423818e-02
4.114167677031622949e-02
2.933509365552001633e-02
2.300820142030715956e-02
1.898482744064595995e-02
1.819221221738391570e-02
1.751856544779406555e-02
1.731888713936010835e-02
1.682503185338444021e-02
1.660697676241397816e-02
1.596369163857565970e-02
1.594778166049056617e-02
1.516648002796702928e-02
1.504896851463450279e-02
1.480740620030297251e-02
1.446541344126065637e-02
1.399143534402052559e-02
1.437890268034405263e-02
1.408605607433451555e-02
1.402373765905698226e-02
1.317127185977167575e-02
1.290745117598109809e-02
1.292917936212486726e-02
1.305375607063372946e-02
1.313388134870264318e-02
1.321133900847699938e-02
1.240527355422576215e-02
1.200001986076434414e-02
1.194057719575034211e-02
1.220118948982821562e-02
1.197479306823677481e-02
1.142945035464233879e-02
1.154567995005183721e-02
1.080339531103769943e-02
1.088410401509867786e-02
1.162097896966669298e-02
1.127616030060582704e-02
1.141519112305508683e-02
1.173503829373253801e-02
1.109904612518019217e-02
1.089374848124053698e-02
1.082126571900314700e-02
1.061667112012704139e-02
1.057409458690219441e-02
1.021844789385795670e-02
1.039704811241891694e-02
1.034880648884508279e-02
1.080586493843131539e-02
1.018877679689062996e-02
1.028979437632693110e-02
1.054120800975296215e-02
1.047918062657117802e-02
1.001896970387962209e-02
1.019227507627672689e-02
9.473419504033193939e-03
1.082757568607727733e-02
9.472297512822681204e-03
9.404922148419751771e-03
9.998694645861784872e-03
1.017212644633319618e-02
9.739103027515941605e-03
9.563257185121376916e-03
9.622718840837478360e-03
1.003225876225365479e-02
9.028707899981074439e-03
8.985288615028064196e-03
9.929723627865314969e-03
8.829077966511248918e-03
8.706676823397476936e-03
9.119684778981737919e-03
9.404728251198927330e-03
9.675362880031268195e-03
9.588761362764569585e-03
9.005697452359729543e-03
8.995161975423495229e-03
8.524570767250326184e-03
8.725303680532509043e-03
9.183909305267863588e-03
9.233010783791541914e-03
8.638516200913323034e-03
8.865405668814977172e-03
8.546004489892058617e-03
8.472196749515003428e-03
9.059857183860407087e-03
8.520751384397347306e-03
9.110549795958730254e-03
8.665464479062292766e-03
8.759514643914169743e-03
8.505181833687756529e-03
8.058204228679338721e-03
7.942401398387220757e-03
8.975029269026385190e-03
8.341840037869082541e-03
8.499311250117089211e-03
9.294638451602723131e-03
8.570007174793217372e-03
8.115554242912265473e-03
8.006533338791794671e-03
7.879038424127631987e-03
8.003324017756515904e-03
9.115905585802263136e-03
8.194995332095358215e-03
8.764819949865340978e-03
8.931305934157637155e-03
8.820420534660419060e-03
8.231392668353185865e-03
7.767979337109459648e-03
8.173913103010918904e-03
8.152147014107968478e-03
8.490282657245794284e-03
8.306206216414769791e-03
8.150211388452186304e-03
7.735299683279460957e-03
7.850845315390162296e-03
8.147024773061275690e-03
8.080569613311026217e-03
7.939729785753621427e-03
8.041872804363569063e-03
7.890578351087040171e-03
8.060477053125699939e-03
8.068615535481108575e-03
8.535487962265810025e-03
8.037576934115754634e-03
8.087334247926871583e-03
7.973436278601487778e-03
8.433572409881486681e-03
7.738366528517669728e-03
7.779744310925404242e-03
7.816221674697266739e-03
8.202834617760446090e-03
8.380188070651557741e-03
8.291445271008545184e-03
8.089371925840775288e-03
8.146650323437320401e-03
7.761881980631086739e-03
8.402883526351717300e-03
8.443330940273073570e-03
7.775288797501060840e-03
7.789225433435705177e-03
7.811947349045012153e-03
7.692917196287049619e-03
7.507121035208304434e-03
7.480029674867789274e-03
7.819396650625599562e-03
8.071497558719581411e-03
7.895690037144555140e-03
7.927888747718599832e-03
7.692104408310519031e-03
7.736888022886381951e-03
7.655015639546844559e-03
7.739277353717221447e-03
7.878236046267880419e-03
7.362481546070841036e-03
7.887949960099326432e-03
7.824453314145406180e-03
7.475132161958350160e-03
7.443035845127370619e-03
7.742543800009621217e-03
7.496707600851853538e-03
7.843455483929978600e-03
7.614316284242603726e-03
7.932865174694193888e-03
7.672893522928158315e-03
7.930140242808395371e-03
8.665115212400754247e-03
8.061587980224027214e-03
8.376440149214531977e-03
7.485734245015515653e-03
7.383850235491991321e-03
7.315516206953260291e-03
7.866562778751055515e-03
7.923539413346183946e-03
7.474321640200084702e-03
7.140783406794071024e-03
7.193999791310893080e-03
7.212520539760589565e-03
7.175637560172213637e-03
7.228250811911291970e-03
7.225791633956962084e-03
7.280952077772882142e-03
7.153151407837867598e-03
7.391511495742532876e-03
7.521971743553877016e-03
7.247937884595659179e-03
7.327904543942875652e-03
7.816035817894671084e-03
7.339096185233857580e-03
7.015767569343248772e-03
7.313535662574900675e-03
7.697104283918936724e-03
7.468102201819419583e-03
8.426686065892379299e-03
7.650234293606545874e-03
7.169839859836631482e-03
7.457132792721191637e-03
7.871812062544955926e-03
7.271625755561722873e-03
7.410395118511385777e-03
7.186583373695611641e-03
7.044129756589730638e-03
7.465569393502340979e-03
7.914387503017981593e-03
7.280159182846546520e-03
7.146807466116216617e-03
7.053077324397034019e-03
6.990587938990857654e-03
6.956151094701555453e-03
8.657614791558848957e-03
7.593257017433643029e-03
7.160617516686519288e-03
6.913192493634091364e-03
7.155271685785717650e-03
7.358274041778511791e-03
7.606662700159682114e-03
7.279275303913487240e-03
7.401154496603542209e-03
7.178596572743521642e-03
7.519935688210858254e-03
6.968428515311744266e-03
7.099617011845111604e-03
7.817037834061516671e-03
7.471723688973320662e-03
7.197632303254471696e-03
6.758699384000566544e-03
7.152151434371869024e-03
6.817218065261840959e-03
7.146003291838698770e-03
7.252099261515669928e-03
6.986217631234062711e-03
6.871565721101231296e-03
7.012514621019363611e-03
6.800087303337123447e-03
6.874571171485715712e-03
7.026681610279613202e-03
6.741815993769301185e-03
7.174128182232380330e-03
7.029571620126565633e-03
6.868752630220519538e-03
6.761812220017115495e-03
7.189192175865173617e-03
7.030505898098150797e-03
6.897679074770874698e-03
6.682076102329625143e-03
7.118034166180424969e-03
7.082798004978232628e-03
7.036771285865041532e-03
6.876114126708772825e-03
6.736895746241013117e-03
6.927206108553542012e-03
6.855547858609093576e-03
7.645006914519601737e-03
7.303002969258361350e-03
7.069181414941947024e-03
6.977311070594522345e-03
6.867361913124720579e-03
7.052204902801248974e-03
7.196915967182980316e-03
6.947548631578683888e-03
6.676858928468492119e-03
6.787139533294571890e-03
7.061477001342508601e-03
6.970934083478318687e-03
6.610265783965587477e-03
6.711865506238407983e-03
6.535973021139701578e-03
7.070919585724672052e-03
7.004451362623108704e-03
6.668358395497004168e-03
6.896237250831392489e-03
6.665916769868798081e-03
6.702508268256981983e-03
6.734968047175142296e-03
6.838935514291127893e-03
7.021664848758114516e-03
6.883742279476589426e-03
7.315485597484641667e-03
6.871102994514836394e-03
6.597496829926967864e-03
7.088651131424639033e-03
7.261771774954265887e-03
6.651317456530200269e-03
6.652959343045950109e-03
6.635096843043962814e-03
6.755232260458998890e-03
7.102030652264753989e-03
7.086703162640333245e-03
6.652978075047334162e-03
6.460251158310307759e-03
6.836923996193541679e-03
6.670681192643112753e-03
6.920236934804253719e-03
6.555708822690778717e-03
6.888853015585077837e-03
6.816972953577836621e-03
6.674954986406697079e-03
6.467420905828476230e-03
6.672334522008895562e-03
6.461647368139690657e-03
6.495151227960983646e-03
7.023302896155251066e-03
6.776967404617203518e-03
6.798272339834107204e-03
7.145259564535485358e-03
7.010745375106731785e-03
6.675329185608360090e-03
7.288082620749871191e-03
6.714694851802455178e-03
6.848801825609472128e-03
7.102444685167736207e-03
6.419605300244358125e-03
6.645046594656175802e-03
6.783161440657244426e-03
6.500546617640389629e-03
6.552205988102488901e-03
6.485614648295773624e-03
6.599106997665431587e-03
6.691176767150561026e-03
6.859438406924406317e-03
6.665941280209355599e-03
6.668419546137253559e-03
7.110936496820714769e-03
6.879653812696536266e-03
7.066544108092784847e-03
6.724164523184299191e-03
7.060692279289165936e-03
6.801499604350991039e-03
6.639347477919525439e-03
6.426957928472094850e-03
6.802541683945391264e-03
6.675683930516243016e-03
6.498632648338873753e-03
6.532945531523890077e-03
6.521064895722601153e-03
6.433100791441069555e-03
6.304493207070562509e-03
6.501648140450318539e-03
6.487701460719108928e-03
6.857785330050521558e-03
6.589804999530315607e-03
6.570276764945851347e-03
6.386675834655761684e-03
6.890731917487250002e-03
6.569320754044585473e-03
6.390491784032848073e-03
6.449070090634955593e-03
6.422982613245645928e-03
6.353026475343439422e-03
6.444900371134281228e-03
6.512537743482324851e-03
6.606913099272383565e-03
6.776649277243348979e-03
6.719794300281339144e-03
6.579393831392128973e-03
6.698249652981757944e-03
6.898812854455577299e-03
6.761128447122044180e-03
6.330935379697216585e-03
6.543371801575025189e-03
6.616373958273066846e-03
6.430130499518580192e-03
6.631877815557850851e-03
6.583923649870686984e-03
6.507400177005264602e-03
6.768342434532112657e-03
6.750186276104715513e-03
6.510705716080135604e-03
6.389121384256415959e-03
6.983152768678135315e-03
6.759178071386284271e-03
6.502637999753157344e-03
6.562462415960100375e-03
6.419758982956409211e-03
6.297775933312045084e-03
6.544171488947338883e-03
6.521700736549165475e-03
6.484410011519988436e-03
6.401684963040881783e-03
6.604033329834540361e-03
6.527101260920365605e-03
6.653942213290267756e-03
6.337386891245842292e-03
6.286542643275525727e-03
6.691921094639433423e-03
6.380628413624233990e-03
6.442711104949315135e-03
6.035207814226548062e-03
7.115757606095738166e-03
6.556909626556767061e-03
6.256185916976796622e-03
6.294024921953677958e-03
6.418944725559817301e-03
6.878432161692115722e-03
6.702352244820859728e-03
6.668236532972918532e-03
6.493778063191307619e-03
6.254171166155073416e-03
6.219850271526309975e-03
6.630982417199346793e-03
6.128794716464148334e-03
6.336802434590127660e-03
6.518170705272091810e-03
6.197064388543367143e-03
6.299366075545549670e-03
6.442243494093418364e-03
6.248205612517065445e-03
6.344351029644410001e-03
6.267996368308862212e-03
6.680482806017001146e-03
6.274598124954435842e-03
6.252459931290811970e-03
6.530961522625552268e-03
6.630479794823461274e-03
6.445375695410701829e-03
7.013310204363531336e-03
6.423357406424151476e-03
6.136578665011459266e-03
6.124687993692027287e-03
6.201756892518864479e-03
6.599291863126886988e-03
6.675820226470629420e-03
6.904342526363001740e-03
7.002451134224732705e-03
6.804653416491217299e-03
6.565039768401119587e-03
6.516856224172645415e-03
6.592978760600090062e-03
7.133172704941696286e-03
6.399934362206194209e-03
6.570178878804048064e-03
6.094332747161388363e-03
6.539801061153411796e-03
7.234492252270380286e-03
6.356046063204606224e-03
6.089452827970186742e-03
6.145631000399589573e-03
6.415529518077770464e-03
6.247417434222168539e-03
6.447505454222361189e-03
6.487529315054416275e-03
6.214604942748944323e-03
6.124796281672186503e-03
6.634188828368981980e-03
6.250439395921097985e-03
6.284457275436984222e-03
6.260255678660339891e-03
6.067883699304527957e-03
6.118672740542225978e-03
6.196002217216623961e-03
6.063404335743850793e-03
6.674780224760373457e-03
6.947966679516765637e-03
6.444876599642965914e-03
6.541469333072503015e-03
6.247498382710748276e-03
6.057236165636115631e-03
6.392197379221518407e-03
6.426634233858850333e-03
6.138782850984070283e-03
6.075831742750273899e-03
6.297921832236978712e-03
6.167771112587716771e-03
5.986303918891482979e-03
5.917388295961750755e-03
6.062646305395497613e-03
6.210318907267517452e-03
6.101994044664832938e-03
6.191846186088190845e-03
5.983404564774698689e-03
6.302341665658685657e-03
6.530342580129702701e-03
6.325354936222235200e-03
6.278382622533374563e-03
6.538360176814927288e-03
6.755409720871183472e-03
6.426862064335081733e-03
6.407544244494703389e-03
6.421990208327770649e-03
6.095444048858351602e-03
6.219243266516261484e-03
6.511878613382577827e-03
6.566077822612391424e-03
6.668220129277971017e-03
6.268451153818103624e-03
6.085249785747793259e-03
6.231726387308703270e-03
6.812803823914792382e-03
6.218732783777845829e-03
6.331769279721710317e-03
5.993233571449915753e-03
5.796789709064695956e-03
6.259710627297560177e-03
6.499423566791746182e-03
6.264667575144105757e-03
6.130296999795569607e-03
6.265598436196645471e-03
6.143976992203129331e-03
5.893583198388417654e-03
5.960164755168887926e-03
6.299849367803997055e-03
6.783259624822271863e-03
6.248640631222062217e-03
5.912831320116917685e-03
6.291951243248251023e-03
6.435891145633326586e-03
6.291504934844043169e-03
6.008655261248350109e-03
5.914951513210932842e-03
6.176944627530044606e-03
6.081578495601812871e-03
6.245824576665957688e-03
6.038843500945302936e-03
6.062326019422875460e-03
6.273290254175663098e-03
6.077513607839743481e-03
6.290587420678801084e-03
6.198308871438106167e-03
6.466796903146637687e-03
6.615026551816198183e-03
6.115394371251265532e-03
6.089684938391049483e-03
6.377275114258130692e-03
6.148296168280972633e-03
5.983755414684613361e-03
5.978842758470111207e-03
6.543500187496344676e-03
6.042246147990227093e-03
6.003521624952554495e-03
5.766771183245711536e-03
6.213059410866764165e-03
7.006257615155643548e-03
6.398718998663955639e-03
5.974632414678732878e-03
5.967807453125715221e-03
5.999761323134104700e-03
6.346552860405710317e-03
6.607342883944511761e-03
6.839867561227745175e-03
6.110117191241846990e-03
5.946500276525815663e-03
6.083539606382449248e-03
5.992702508552207215e-03
5.937788743111822344e-03
6.075490365425745450e-03
6.300388231045670091e-03
6.195729999906487116e-03
6.278304884003268332e-03
5.893251353667841932e-03
6.113122772011492408e-03
6.283080519901381410e-03
6.072644044955571689e-03
5.739755649119615728e-03
6.106237462825245613e-03
6.319944947544071066e-03
6.177642376472552467e-03
5.821669217613008145e-03
6.663537414537536001e-03
6.022108453843328345e-03
5.950665380805730646e-03
6.155995205044745983e-03
6.704485153572426956e-03
6.486942610806889324e-03
6.121676593191093842e-03
6.300172944449716067e-03
5.959732834663655603e-03
6.240804985993437907e-03
5.837172793431414167e-03
5.697404404895173476e-03
5.723854208158122257e-03
6.340304253002007964e-03
5.950598071018854511e-03
6.489436638851960384e-03
6.482730543033944116e-03
6.178012020472023469e-03
5.974427064259846612e-03
5.965473829872077957e-03
5.881854856593740979e-03
5.865306324428982629e-03
6.008170385741524837e-03
5.969008960657649389e-03
6.965400034354792512e-03
7.040607726408375233e-03
6.489829812198877508e-03
6.419754080060455399e-03
5.904922601249483309e-03
6.128887668665912100e-03
6.042617950588464841e-03
6.041480598764287398e-03
5.716712497588660909e-03
5.799583351860444075e-03
5.755765808539258475e-03
6.013091603914896312e-03
5.954644017749362132e-03
6.140058866391579460e-03
6.140867144697242409e-03
6.410538109226359207e-03
6.150087010529305988e-03
6.084270477294921597e-03
5.967563063734107782e-03
5.641097594052553107e-03
5.870045413159661815e-03
5.958526904384295331e-03
5.781963223384486462e-03
5.916126351803541010e-03
5.744276709026760463e-03
5.754814944747421376e-03
6.132906108266777089e-03
5.832795475920041217e-03
6.008403044607904010e-03
6.320007741451263115e-03
6.153753724777036652e-03
5.824355098108450861e-03
5.891904574301508150e-03
5.908153005358245287e-03
5.813576132059097151e-03
5.854654601878590305e-03
6.272183795356088033e-03
6.081090213523971007e-03
5.805759525133504136e-03
5.920727412319845562e-03
6.331086075968212282e-03
6.096239570114347917e-03
6.104913420147365689e-03
5.860917936596605170e-03
5.941268617494238451e-03
5.946131741835011288e-03
5.746859204437997776e-03
5.852715528259674373e-03
5.915529707239733891e-03
5.933435884200864360e-03
5.799685894615120435e-03
5.712029809753100054e-03
5.979095157235860859e-03
5.877507796718015043e-03
6.018625721335411211e-03
5.684390893826882403e-03
5.749634005543258555e-03
6.091148104104731134e-03
5.782687401192056036e-03
5.651491276091999763e-03
5.984201437483230822e-03
6.184068204214175114e-03
6.230264107386270997e-03
6.200865409854385522e-03
5.982294078502390332e-03
5.945631290475527145e-03
5.754387099295854222e-03
6.230870029992527023e-03
6.115290021730794036e-03
5.814963496393627841e-03
5.814406892491711873e-03
5.966342110186814880e-03
5.816842754267984028e-03
5.880826618522405624e-03
5.853629664828379799e-03
5.937780915862984552e-03
5.876923052387105113e-03
6.121545570592085671e-03
6.072123286624749559e-03
5.778138122210899758e-03
5.999597958806487941e-03
5.788272555089658822e-03
5.835168084336651330e-03
6.096924077719449893e-03
6.032473227630058901e-03
5.696109866516457960e-03
5.814620523403088610e-03
5.855710682355695466e-03
5.643826530625423166e-03
5.693241777933306241e-03
5.757617466151714047e-03
6.306988741788599646e-03
5.923753947847418960e-03
5.801744523147742312e-03
5.754593203051223092e-03
5.995356548163625898e-03
5.816071314944160943e-03
6.213850784632895044e-03
5.926973567240767689e-03
5.921064420706696231e-03
5.810891654756333673e-03
5.849325187090370810e-03
5.887664320568243743e-03
5.819905145714680123e-03
6.073543236901362934e-03
5.877669695764780287e-03
6.070634379155105849e-03
5.569543451484706975e-03
5.969028187294800683e-03
5.848620300077729713e-03
6.244527387122313089e-03
5.960836135264899714e-03
5.627840074400107008e-03
6.231554721792539192e-03
6.368544720527198957e-03
5.897417631414201590e-03
5.747428594364060311e-03
5.891536014775435384e-03
5.846518520265817608e-03
6.417171735730435936e-03
5.868264445000224809e-03
5.665978396104442115e-03
5.764824094043837811e-03
5.777386787037055126e-03
6.248790431353780546e-03
5.687139847626288512e-03
5.817244139810402899e-03
5.937489407757918364e-03
5.899035642958349278e-03
5.793127374102671930e-03
5.681429747492075175e-03
5.628976412117481579e-03
6.040956615987751362e-03
5.981433610949251668e-03
5.821525607672002264e-03
5.893784053623676682e-03
5.806872542533609433e-03
5.924868235985438457e-03
5.840012890597184869e-03
5.813078408439953902e-03
5.813067323631710727e-03
5.747335416575272658e-03
5.579399023618963199e-03
5.739909718847937409e-03
5.682541769411828675e-03
5.742247651020685947e-03
5.608619443244404305e-03
5.914722846613989712e-03
5.936306224515040808e-03
5.783236463450722870e-03
5.937648543881045467e-03
5.789952967315912385e-03
5.794185031619336797e-03
5.658876575115654069e-03
5.870315747128592582e-03
5.698781334277656756e-03
6.072740993565983042e-03
6.041230335831641873e-03
5.684898626059293678e-03
5.854237576325734514e-03
5.547897211379475106e-03
5.483695548027753622e-03
5.938314129081037618e-03
6.373586100008752676e-03
6.223542177014880494e-03
6.034018920941484898e-03
5.779812648478481474e-03
5.698683942771619847e-03
5.533527237259679675e-03
5.620712596509191798e-03
5.673067188925213535e-03
5.835464911328421857e-03
5.604272037744522338e-03
5.601855603357156106e-03
5.894351551930110053e-03
5.874518810047043779e-03
6.109020126362641433e-03
6.095480250401629461e-03
5.907424731800953698e-03
5.882135697950919423e-03
5.783736126290427160e-03
6.116367063174645360e-03
5.978759543763266342e-03
5.927676020397080504e-03
5.508292847209506245e-03
5.488236902488602582e-03
5.782944589025444670e-03
5.909765660762786484e-03
5.861379785670174647e-03
6.080767570270432382e-03
5.906071559422546198e-03
5.976685482180781224e-03
5.672088608973556087e-03
5.683167806516091144e-03
5.613418925139638735e-03
5.620212786727481202e-03
5.722048067384295604e-03
5.625082769741615064e-03
5.804127806590663255e-03
5.923907655394739305e-03
5.904842344009213900e-03
6.410464441610707470e-03
6.258285471962558161e-03
5.803671369536055231e-03
5.596779816680484167e-03
5.579500194225046027e-03
5.680529887063635354e-03
5.912743434309959342e-03
5.901329231758912705e-03
5.696904336412747516e-03
5.514465887099504610e-03
5.586159100963009917e-03
5.670167418817678717e-03
5.795457450052102742e-03
5.966176953580644253e-03
5.734514118068747938e-03
5.684204623103141993e-03
5.579472767810026747e-03
5.495676063001156061e-03
5.672577818234761891e-03
5.711749754846095692e-03
5.949293091479275139e-03
5.393096823245287046e-03
5.647511558814181584e-03
5.907609388232231383e-03
5.601604876832829913e-03
5.487473296622435472e-03
5.525065095474322903e-03
5.693537601166301018e-03
5.525446323057015864e-03
5.979264860765801277e-03
5.921085874239603863e-03
5.699947664721144794e-03
5.376305807795789087e-03
5.606234810418552449e-03
5.855707205418083511e-03
5.595848125716050038e-03
5.655346612135569127e-03
5.605091183549827660e-03
5.531181591666407306e-03
5.673901281423038810e-03
5.794441687564055171e-03
5.659918760259946037e-03
5.535077510608566939e-03
5.940816278258959082e-03
5.464259028020832139e-03
5.719794527524047281e-03
5.699782334268092832e-03
5.704203190075026603e-03
5.782533931649393340e-03
5.717978767222828100e-03
5.570408339715665971e-03
5.532352568374739564e-03
5.645126425143745172e-03
5.893335704588227586e-03
5.633913185447454210e-03
5.585801336500380125e-03
5.503639535357554569e-03
5.586345150238937983e-03
5.547765449931223863e-03
5.432405658066272874e-03
5.389065525184075223e-03
5.410916076766120360e-03
5.464867148548364570e-03
5.842379544758134410e-03
5.715088823603259489e-03
5.833901249700122402e-03
5.765312932845619194e-03
5.488321553501818162e-03
5.598251796844933188e-03
5.820914045390155993e-03
5.729159209877252891e-03
5.583903694318400820e-03
5.940196818361679655e-03
5.390718962169355546e-03
5.439161318871709935e-03
5.559186374561654077e-03
5.671840711600250988e-03
5.543647772736019774e-03
5.917734205722808595e-03
5.747892442676756468e-03
5.440309244311518008e-03
5.628284865783320795e-03
5.604442194518115435e-03
5.540487159871392356e-03
5.804843854986959338e-03
5.801891080207294792e-03
5.760762981242603664e-03
5.463997483667400352e-03
5.876102615147828744e-03
6.122336917453342388e-03
5.645749556521574737e-03
5.514205193354024086e-03
5.805487545828024940e-03
5.662510324683454541e-03
5.517012816336419427e-03
5.475743622001674055e-03
5.434208487470944954e-03
5.525361233287387139e-03
5.780866808361477538e-03
6.100831497460604096e-03
5.524649160603681795e-03
5.469610993232992130e-03
5.753964887311060865e-03
5.495225238717264989e-03
5.332792223327689936e-03
5.413513951417472589e-03
6.023856773972511257e-03
5.727289422518677155e-03
5.562217825402815917e-03
5.519245511127843055e-03
5.542091509948173823e-03
5.463092921094762217e-03
5.544160732792483177e-03
5.548893393327792266e-03
5.686224622444974175e-03
5.519836472554339596e-03
5.758860438234276319e-03
5.549499483572112313e-03
5.842569004744291479e-03
5.633691684860321798e-03
5.360715240240097185e-03
5.495545176996125339e-03
5.651590770317448456e-03
5.518342587682936035e-03
5.384417745388216277e-03
5.445895306766032791e-03
5.724330180221133720e-03
5.576602824860148883e-03
5.535720441904332621e-03
5.936914914184146519e-03
5.367009130616982350e-03
5.635322042637401323e-03
5.696620713505479855e-03
5.569661379688315567e-03
5.857963251570860383e-03
5.481569982237285803e-03
5.843430850654840122e-03
5.469214798261721501e-03
5.436122653385003049e-03
5.528041840427451621e-03
5.317429809106721111e-03
5.496956201063262284e-03
5.375187475648190993e-03
5.500478396813075072e-03
5.622185547318723359e-03
6.206883997139003156e-03
5.655367941492133940e-03
5.804191022697422278e-03
5.821542176935408028e-03
5.573400395611921750e-03
5.413511147101719885e-03
5.375335862239202095e-03
5.357709295219845527e-03
5.480065184334913762e-03
5.453404775924152424e-03
5.347579276810089481e-03
5.390780243194765939e-03
5.288775122414032803e-03
5.638933717790577463e-03
5.453862311939398216e-03
5.485258063094483431e-03
5.179915709627998938e-03
5.281917783949110178e-03
5.479198102321889904e-03
5.874182983405060003e-03
5.655779339787033247e-03
5.388969253334733797e-03
5.493819285184145008e-03
5.403481616328160292e-03
5.411501512345340617e-03
5.547327862845527133e-03
6.429204785575469254e-03
5.664595692521996045e-03
5.625754723118410808e-03
5.652907714247703934e-03
5.537560892601807970e-03
5.842449275983704199e-03
5.639497006518973121e-03
5.285477209836244965e-03
5.326128225359651365e-03
5.389297163734833342e-03
5.368380563126670148e-03
5.511301811784505636e-03
5.439768125199609568e-03
5.581903000258737514e-03
5.527928651620944364e-03
5.701040116449196740e-03
6.040931849016083384e-03
5.978632540338569244e-03
5.731448767085869749e-03
5.651723158856232845e-03
5.410638029376665763e-03
5.449341655605369379e-03
5.215455746899048603e-03
5.417069676849577305e-03
5.320634067886405132e-03
5.274454593244526021e-03
5.307975341048505775e-03
5.261550330453448714e-03
5.207065277629428432e-03
5.185194165549344807e-03
5.132518538998233175e-03
5.480662458058860667e-03
5.518938872135347590e-03
5.549272569931215995e-03
5.642156379504336544e-03
5.531912203878164291e-03
5.316773828946881955e-03
5.610821356789932879e-03
5.776562610020239893e-03
5.331531787912051172e-03
5.498993554049067672e-03
5.583995953202247620e-03
5.466561789313951862e-03
5.943279833429389834e-03
