8.026817578408453058e-02
5.973551077975167156e-02
5.807448577549722407e-02
5.693763020965788429e-02
5.587462772925694959e-02
5.459228662980927099e-02
4.921572509739133988e-02
4.593721659647093808e-02
4.529188285271326664e-02
4.472684053911103047e-02
4.431242116623454463e-02
4.395824982060326375e-02
3.763828583889537727e-02
3.539259264866510823e-02
3.462845131754874878e-02
2.846005227830674875e-02
2.528462533321645597e-02
2.511985129780239592e-02
2.459149132172266591e-02
2.402615043024221991e-02
2.377208504411909215e-02
2.371600217289394907e-02
1.897529863235023276e-02
1.506421506818797842e-02
1.452541091375880722e-02
1.456933079908291455e-02
1.398215829498238028e-02
1.379082923962010251e-02
1.360194387949175375e-02
1.378385653512345481e-02
1.347486532396740405e-02
1.360552916096316456e-02
1.362805457578765075e-02
1.343292939994070179e-02
1.331932513250244990e-02
1.326734666195180691e-02
1.360411535534593840e-02
1.296939801010820598e-02
1.261870439681741889e-02
1.295117629898918932e-02
1.302658530986971347e-02
1.288654984699355230e-02
1.237094044685363783e-02
1.227443210780620499e-02
1.218551717698574018e-02
1.244298327714204837e-02
1.316114118529690576e-02
1.195375646981928011e-02
1.166866468058692062e-02
1.232211336493492168e-02
1.151924682988060902e-02
1.163212642901473651e-02
1.162998571164078170e-02
1.227939073410299134e-02
1.171311927338441160e-02
1.111677943004502241e-02
1.116463818069961256e-02
1.145066974063714375e-02
1.139035078800386923e-02
1.132780414488580509e-02
1.086205834315882857e-02
1.128167564670244823e-02
1.102025093303786452e-02
1.052739767564667660e-02
1.108433244956864329e-02
1.140628225273556187e-02
1.124206670042541233e-02
1.085898429983192005e-02
1.058876479665438360e-02
1.077444044666157896e-02
1.058702946537070852e-02
1.112459983676671905e-02
1.042854402214288788e-02
1.067163466165463141e-02
1.085481507910622534e-02
1.070994168933894937e-02
1.097849881483448954e-02
1.107104060964451964e-02
1.049761863218413513e-02
1.003791924566030565e-02
1.040825782964626897e-02
1.003425202021996157e-02
1.036935556266042890e-02
1.043476300521029368e-02
9.992869090702799148e-03
9.777766656544473536e-03
1.023152488801214351e-02
1.002795719438128938e-02
1.067885381480057974e-02
9.946517327593431754e-03
1.030356658829583057e-02
1.017340893132819002e-02
9.701693107684454184e-03
9.401709325611590923e-03
9.821071384681596267e-03
9.499092354542678848e-03
1.045141385247310047e-02
1.013116964863406202e-02
9.832731501923666628e-03
9.579748954210015599e-03
9.641076297395759220e-03
9.682383669747246513e-03
1.000841111772590199e-02
9.389530701769722293e-03
9.658317752182484298e-03
9.672278679079479580e-03
9.406090391178926688e-03
9.794925314684708312e-03
1.000693004164430848e-02
9.331006565027766958e-03
9.197224457230833428e-03
9.377205061415832058e-03
1.055834689901934652e-02
9.621595380206902567e-03
9.933090731501580117e-03
9.560629270142978475e-03
9.360974476569227862e-03
9.231752401424778154e-03
9.335748217999935428e-03
9.248941991892125833e-03
9.298519500427775489e-03
9.218625384900305461e-03
9.204147184888522223e-03
9.323027133941650529e-03
9.488610058195061370e-03
8.834526505735185165e-03
9.192880272037453823e-03
9.025833399759397926e-03
9.504624331990877209e-03
9.610920631223254448e-03
9.419554024934767913e-03
9.084777182175053298e-03
9.292458602123790032e-03
9.401698294613096071e-03
9.902278023461500572e-03
9.486964075929589513e-03
9.237814587023523982e-03
9.239364866581228561e-03
9.389696226765711570e-03
8.765759881999757655e-03
8.630836523241466884e-03
8.748571603662437871e-03
8.937948354416422672e-03
9.072308250599436449e-03
8.888682300845782494e-03
8.937815694759290025e-03
8.564793931113348982e-03
8.983552969164318794e-03
9.363152599996990913e-03
8.871606596642069714e-03
8.546008935405148207e-03
8.683866937127377589e-03
8.717778643800152757e-03
8.506490608884227991e-03
9.272148685736789422e-03
8.660805353687869509e-03
9.532562055521541858e-03
8.930122016204727203e-03
9.382340937025017771e-03
8.664602244065866890e-03
8.474957473162148328e-03
8.721062863866488671e-03
8.695921281145678472e-03
8.582368064671754004e-03
8.826100822124215844e-03
8.784870741267998551e-03
8.621586023105514557e-03
8.839939973420566158e-03
8.612349207202593671e-03
8.605164736509322496e-03
8.297549287478129393e-03
8.622103407979010703e-03
1.056257463577720858e-02
9.045741210381189404e-03
8.332683653053309797e-03
8.372033302568726229e-03
8.539188090297911149e-03
8.278412661618656312e-03
8.281182030008899658e-03
8.420636637343300104e-03
8.766017787986331647e-03
8.311618587209117920e-03
8.323851554758019203e-03
8.768401156283087486e-03
8.288041874766349099e-03
8.565355866319603051e-03
8.570021440585454120e-03
8.393683909542030974e-03
8.739029703040917738e-03
8.946593470043605681e-03
8.671025768336322256e-03
8.619308419939544080e-03
8.304467428889539607e-03
9.219078059411712003e-03
8.365885714689890590e-03
8.382363696065214462e-03
8.392094891104432547e-03
8.588598287767834974e-03
8.330856497502989524e-03
8.389561749580833408e-03
8.397002783086564975e-03
8.808668255805968822e-03
8.616070693565739541e-03
8.539163553052477734e-03
8.395969449645943397e-03
8.816440833939447053e-03
8.526926777429050600e-03
8.706118737657864148e-03
8.276349210904703976e-03
8.137498199939727922e-03
8.420036000510056073e-03
8.077879986829227324e-03
8.777259468204444762e-03
8.415114954113961029e-03
8.204259988334444004e-03
8.184677422460581719e-03
7.851826494766605408e-03
7.915303119354778066e-03
8.057311570478811052e-03
8.593317816654840596e-03
8.504559004472361794e-03
8.257126145892672991e-03
8.789066601958540198e-03
8.347136423819595530e-03
8.413452336357698721e-03
9.234096881830029802e-03
8.114221493403116561e-03
7.963086929586199111e-03
7.740354268915123313e-03
8.085887473490503685e-03
8.059122976329591986e-03
8.164199292659759730e-03
8.156233340915705968e-03
8.479300099942419303e-03
8.295808682839075215e-03
8.259267107480101899e-03
8.290118293629751556e-03
7.987855962581105404e-03
7.964161708950995983e-03
7.807547479040092935e-03
8.103501188258329865e-03
7.910523174537551980e-03
8.061004338992965729e-03
8.168660692042774979e-03
8.179782724214924167e-03
7.658181089080041970e-03
7.475117550541957381e-03
7.827846196790536407e-03
8.208771985438135729e-03
8.409759178757667680e-03
8.188378968172602482e-03
7.687695682462718748e-03
8.176973130967881212e-03
8.111314113355345620e-03
7.895994923181003794e-03
7.945157550275326608e-03
7.653166088793013182e-03
7.713665115750498354e-03
7.984916352563434933e-03
8.158584005302853617e-03
8.081822229756249407e-03
8.718178425398138628e-03
8.037915113899443340e-03
7.959823653929764056e-03
7.895230787495771327e-03
8.150518892539872565e-03
8.178250619934664123e-03
8.399263852172426936e-03
8.711848345895608497e-03
7.899070440067185173e-03
7.984489984810352187e-03
7.844099435541365337e-03
7.930965404957532675e-03
7.947131411896811437e-03
7.995510726339286403e-03
7.769094639354282017e-03
7.990208266095982434e-03
7.608986718373166383e-03
7.798252585861417847e-03
8.095307511587938182e-03
7.978714410629536916e-03
8.244035908331474524e-03
7.764870876239405792e-03
8.285493078745074375e-03
8.018236590756309956e-03
7.906644338121016427e-03
7.843629581232865189e-03
8.028210074537330335e-03
8.112922942058908155e-03
8.160152455998791188e-03
7.898200717237260221e-03
8.006153326067659212e-03
7.738651666376325684e-03
7.783400101794136702e-03
7.943851045436330083e-03
7.958294546438588260e-03
7.839771480196051912e-03
7.839059233665466100e-03
7.796349078416824410e-03
8.004222371511989648e-03
8.207050487399100702e-03
7.812278523213333527e-03
7.522021062258217074e-03
7.502573364310794433e-03
7.938440235124693753e-03
7.726861426813735195e-03
7.747380435466766704e-03
7.887867134478357065e-03
7.968879499369196928e-03
7.730415966361761475e-03
7.634665136122041271e-03
7.887603429456551893e-03
7.731882606943448442e-03
7.680030456847614442e-03
7.584917222460111144e-03
8.050388209521770061e-03
7.832863479852675628e-03
8.221493028104305198e-03
7.750228788289758620e-03
7.774466185106171552e-03
7.814320160282982666e-03
7.609756001167826758e-03
7.692116136766142392e-03
7.662102315160962927e-03
8.333753695090611105e-03
8.572654157049126172e-03
7.946042128735118434e-03
7.605397678497764768e-03
7.463448589874638849e-03
7.597047444432973931e-03
7.403302912910779583e-03
7.282055324564377062e-03
7.623264905479219637e-03
7.842027201420730467e-03
7.919690611047877291e-03
7.624155847976605248e-03
7.883998557097381815e-03
7.818189192977217233e-03
8.353707935247155908e-03
8.117645209034284395e-03
8.403001245525149043e-03
7.929386831820010514e-03
7.287217829790379985e-03
7.399142256213559095e-03
7.305911266141467374e-03
7.321650089903010243e-03
7.451060157683160601e-03
7.929590464466148084e-03
8.165907698373000081e-03
7.954885373926825348e-03
7.432417120370599962e-03
8.213586157394779652e-03
7.677100507749451928e-03
7.342225580165783437e-03
7.372766333735651309e-03
7.299085958964294553e-03
7.359185930755403164e-03
7.854076673587163243e-03
7.892894359926383094e-03
7.643458350665039217e-03
7.484465576708316560e-03
7.267896682024001763e-03
7.358238485952218154e-03
7.632925204104847212e-03
7.437392762965626576e-03
7.402936745848920537e-03
7.723761151234308925e-03
7.602531630545854291e-03
7.542871853543652028e-03
7.268167750702964058e-03
7.765263033409913404e-03
7.863003056910303212e-03
7.539086466034253253e-03
7.694856880439652526e-03
7.817349611885017827e-03
7.414923372368017844e-03
7.359531285862128125e-03
7.266796876986821550e-03
7.173251335819562542e-03
7.334198643349938533e-03
7.395420289701885516e-03
7.614936596817440187e-03
7.309168403347333400e-03
7.375602902223666636e-03
7.307657665676541188e-03
7.273398269381788073e-03
7.587174197865856860e-03
7.867590484933720610e-03
7.475584942019648446e-03
7.312462017354037953e-03
7.187297033766905548e-03
7.484413708249727619e-03
7.453573122620582754e-03
7.625361353986792774e-03
7.361236578888363628e-03
8.131230473518371790e-03
7.427494327227274554e-03
7.235917035076352977e-03
7.469793359438578473e-03
7.324476496626933057e-03
7.257258513321479011e-03
7.123179773075713136e-03
7.076955116871330546e-03
7.285332640426026712e-03
7.253026246196694199e-03
7.217752283646000806e-03
7.446115132835176564e-03
7.495114141040377931e-03
7.281972956326272783e-03
7.111957218084070248e-03
7.294912180966801191e-03
7.408998763809601477e-03
7.243282525903648947e-03
7.634796839621331779e-03
7.421300471242931428e-03
7.138822169767486056e-03
7.428837584124671142e-03
7.643922884017229254e-03
7.375274470282925689e-03
7.469956253965695514e-03
7.217754007627566817e-03
7.185003620882829227e-03
7.688059185942014082e-03
7.605759021308686717e-03
7.403492165936363840e-03
7.485477456616030506e-03
7.414242169923252260e-03
7.392838295135232760e-03
7.429852622250716042e-03
7.172113278259833503e-03
7.060963414195511184e-03
7.213645527760187415e-03
7.393247696260611158e-03
7.591675604797071784e-03
7.260739962673849919e-03
7.045459383063845844e-03
7.026294496738248394e-03
7.166884959571891665e-03
7.243216041889455684e-03
7.107666449414359357e-03
7.901380244228574379e-03
7.765904342134793276e-03
7.585990238520834081e-03
7.558336137897438828e-03
7.782868693272273000e-03
7.415371901459163854e-03
7.164413515064451711e-03
7.003994890385204300e-03
7.076198572499884862e-03
7.364641094787253463e-03
7.154456857177946688e-03
7.351484203504191073e-03
7.374582280301385587e-03
7.934562580453025094e-03
7.364651477999157453e-03
7.151980402155054539e-03
7.239473068879710704e-03
7.150150794121954041e-03
7.814715947541924987e-03
8.337682704958651256e-03
7.384603930016359064e-03
7.365281300412284023e-03
7.476576003763410992e-03
7.071425972713364823e-03
7.161960837741693058e-03
6.949031940764851048e-03
7.220472534083657856e-03
7.170657755600081187e-03
7.191433629228008786e-03
7.559930127527978924e-03
7.254690407878823001e-03
6.997409291151497450e-03
7.098026039699713470e-03
7.452532731824451293e-03
7.480714147289594003e-03
7.259790773193041183e-03
7.333431063840786454e-03
7.120564068771070669e-03
7.111669838842418420e-03
7.087099964006079306e-03
7.201471854415204474e-03
7.345655018256770641e-03
7.275949650340609795e-03
7.487785213937362024e-03
7.206833846867084434e-03
7.567836739536789106e-03
7.160559019280804752e-03
7.154556587338447259e-03
6.973447967320680826e-03
7.144607024060355138e-03
7.006261758506298308e-03
7.225035611126157803e-03
6.936971574193901736e-03
6.901317880385451735e-03
7.144368121193515192e-03
7.231684898336728298e-03
7.453557505375809321e-03
7.571114280985460909e-03
6.910089850425720631e-03
6.856448675195376402e-03
7.059474767496188609e-03
6.936827128132184127e-03
7.303457897570398392e-03
7.336629037227895139e-03
7.371155367129378876e-03
7.403260413557290892e-03
7.223549038171767946e-03
6.957367368870310924e-03
6.954587478604581235e-03
7.426936046944724451e-03
7.292495092584026783e-03
7.312773263288868848e-03
7.172778033547931240e-03
6.860735733062029232e-03
7.023993337319956766e-03
7.455918035573429366e-03
7.706942665908071352e-03
7.558186472290092175e-03
7.096408630410830538e-03
7.045544957121212953e-03
6.912451920409997362e-03
7.289683251745170643e-03
7.627414783669842456e-03
7.720341442359818403e-03
7.496162412895096376e-03
7.091904481252034320e-03
6.998979405810435393e-03
6.822758345968193278e-03
7.406384576525953077e-03
7.085021709402402647e-03
7.710445018278227688e-03
7.483864037526978714e-03
7.061418443918228427e-03
6.811528648767206477e-03
6.891685066123803306e-03
6.995873562991619145e-03
6.788098017374674838e-03
6.965763043198320605e-03
7.276950602730114862e-03
6.863608178165224102e-03
6.764298499458366344e-03
6.893063075840473279e-03
7.244118675589561636e-03
7.261436188386546399e-03
7.348752572304672465e-03
7.903993961711723928e-03
7.376785957150988962e-03
7.255711816251278132e-03
7.018046761966413583e-03
7.235818952322006607e-03
7.212741730941666513e-03
7.152385740644402398e-03
7.057150242229302470e-03
7.011510727720128393e-03
7.306238027910391501e-03
7.454403659535778492e-03
6.884441744122240213e-03
7.431571558117866690e-03
7.561308178636762592e-03
7.417798000905248719e-03
7.037881289919217277e-03
6.891811903980043022e-03
7.162700552079412711e-03
6.855723553647597585e-03
6.993859252995914856e-03
6.868607919249270118e-03
6.795702955375114776e-03
7.308128062221738719e-03
7.833509991566340105e-03
7.120611452394061229e-03
7.394076395365926924e-03
7.019258282250828186e-03
7.254114610453446348e-03
7.040216355688041702e-03
6.956451191670365124e-03
7.414472632937960800e-03
7.132522579696443273e-03
7.162977794392241283e-03
7.027151170704099871e-03
6.645314401636521172e-03
7.125324842830498689e-03
7.027011081162426280e-03
6.737238423277933964e-03
6.645669618414507852e-03
6.730085226396719314e-03
7.314613896111646883e-03
6.833415706124570943e-03
6.666208977500597682e-03
6.806505363848473940e-03
6.936281155794858655e-03
6.757151960498757222e-03
7.011521905660629550e-03
6.988010189185539858e-03
6.686434079375531969e-03
7.402753850652111882e-03
7.585899159312248403e-03
7.071513078278965532e-03
6.761491793311304351e-03
6.797220909761057805e-03
7.038382904397116370e-03
6.753241813017262125e-03
7.091336552467610889e-03
7.255130095614327479e-03
7.133443206548691073e-03
7.019419173399607005e-03
7.111062076356675782e-03
6.853623967617750341e-03
6.859739052338732421e-03
6.815512581831878816e-03
6.705450076195928859e-03
6.753333403418461216e-03
6.954005646208922392e-03
7.437554500583145115e-03
7.227443328334225321e-03
7.853394229378965127e-03
6.992422698272599338e-03
7.204802690280807942e-03
6.913983352068398154e-03
6.966014191922214639e-03
7.278715670108795548e-03
7.170315376586384494e-03
6.823526223500569511e-03
6.753260981705453553e-03
6.889632952709993062e-03
7.156791364153225823e-03
7.321099220878548273e-03
6.814021917266978486e-03
6.978684843828280443e-03
6.744310119085841770e-03
6.978955941481722672e-03
6.858441908326413927e-03
6.988876687569750903e-03
7.027201983663770510e-03
6.829826397200425107e-03
7.005418957107596538e-03
7.039095809062321900e-03
6.812018656896220124e-03
6.855940160652001722e-03
6.738516754574245919e-03
6.866732252140839848e-03
7.123761241220765740e-03
6.983087083531750762e-03
6.937916730013158999e-03
7.294711559596989137e-03
6.735930016471280285e-03
6.830815399686495336e-03
6.784600747956170096e-03
6.642552783919705543e-03
6.704491325136688329e-03
6.820025303297572346e-03
7.217643434802691396e-03
6.819004571686188010e-03
6.800786900437540139e-03
7.060677883111768187e-03
6.773256229029761370e-03
6.781365540292527867e-03
6.605162734372747868e-03
7.182379052456882608e-03
7.219847159253226648e-03
6.812602385050720542e-03
7.092910529010825610e-03
6.834081469310654237e-03
6.877656297551260761e-03
6.943734329607751700e-03
6.801275395684772129e-03
6.964266871412595067e-03
6.700939175983269998e-03
6.773879006505012686e-03
6.971134638620747788e-03
6.726885967784457764e-03
7.082126662135123860e-03
6.883052765495247666e-03
6.662417070733176599e-03
6.530115128391318809e-03
6.681860739158259309e-03
6.689245371768871677e-03
6.735797810057799449e-03
6.986227486696507984e-03
6.836350916160477929e-03
7.142498559421963343e-03
7.017847852160532911e-03
6.896982697976960369e-03
6.837677177455690238e-03
6.725799114339881500e-03
7.390881302869981885e-03
7.237951364368199955e-03
6.999853205763631285e-03
6.959146981438000569e-03
7.814049168179432181e-03
7.016252618696954511e-03
6.694639575564199224e-03
6.498151914113097470e-03
6.850023528354035225e-03
7.254262810779942353e-03
6.928323548701074280e-03
6.603562819461028001e-03
6.442317072716024530e-03
6.847329522586531429e-03
6.970500066462490159e-03
6.852995161381032416e-03
6.666195785833729445e-03
6.935008002652062048e-03
6.711600029634104923e-03
6.893253376086552753e-03
7.115261399497588117e-03
6.825613596787055010e-03
6.716371551156044041e-03
6.885025480555163717e-03
6.613927520811557423e-03
6.766340757409731316e-03
6.735406621462768605e-03
6.676725921117596801e-03
6.605019389341274666e-03
6.543665548993481476e-03
6.612892043259408631e-03
6.803876306447718264e-03
6.633317197362581692e-03
7.151122875511646028e-03
6.657529034548335251e-03
6.448387323568264932e-03
6.554825483924812783e-03
6.532649877998564225e-03
6.625553669614924444e-03
6.824531573802233159e-03
6.781902280118730537e-03
6.986359730362891839e-03
7.339352998468611118e-03
6.674035381939676104e-03
6.539833655373917566e-03
6.619116585287783058e-03
6.627879850566387003e-03
6.619995368851556115e-03
6.676309398478932206e-03
6.697472013119194420e-03
6.800922962526480438e-03
6.779047559118933294e-03
6.533004525634977626e-03
7.189607438113954606e-03
6.774848109732071501e-03
6.619308781292703239e-03
7.187734776073031670e-03
7.018860466778278386e-03
6.889199035035238963e-03
7.082642207129134261e-03
6.707369672755400351e-03
6.822550863855415294e-03
6.820249764455689305e-03
7.018099321673313719e-03
6.860085525032547094e-03
6.696874126791953902e-03
6.788289902938737103e-03
6.647698314239581033e-03
6.721002985205915339e-03
6.625376198854711005e-03
7.218103437787956947e-03
6.743903358777364465e-03
6.697216516153680320e-03
6.633345364696449815e-03
6.817585647934013005e-03
6.537604760378599306e-03
6.556078555683295291e-03
6.546979602426290790e-03
6.635069133092959780e-03
6.689985611786445144e-03
6.664632078674104752e-03
6.596790837744871683e-03
6.641609573529826636e-03
6.586579846011267510e-03
6.527770509322483941e-03
6.517946726332108330e-03
6.450605249653259751e-03
6.536714144878916916e-03
6.669694346686204367e-03
6.669287068976296334e-03
6.866558055496877963e-03
6.576214678999450780e-03
6.859340659446186254e-03
6.854300010535452521e-03
6.769501525494787258e-03
6.713062953203916515e-03
6.704717334359884193e-03
6.462875227961275594e-03
6.378555188162458867e-03
6.660072422689861799e-03
6.909664991415208866e-03
6.714185062381956490e-03
7.572908682955636211e-03
7.027430728905730353e-03
6.712223523192935824e-03
6.664458399431572727e-03
6.608621163500680296e-03
6.753083889683087621e-03
6.567631312128570376e-03
6.863204683694574398e-03
6.545541365113522955e-03
6.579444971349504567e-03
6.809322819527652802e-03
6.854933185709847360e-03
6.890864005933205333e-03
6.714639489849408109e-03
6.547319837328460269e-03
6.419634835587607370e-03
6.495807688269350511e-03
6.372963059693575322e-03
6.318135240839586886e-03
7.067609768774774613e-03
6.660364775194061934e-03
6.559752412140368999e-03
6.605966896232631086e-03
6.734574768278334296e-03
7.084807368616262771e-03
6.793553940951824188e-03
6.753851127707296079e-03
6.364404283877875788e-03
6.588169187307357615e-03
6.361928900910748114e-03
6.678600149850050585e-03
6.481414938138590695e-03
6.542635895311832255e-03
6.477401275187730928e-03
6.628020111885335290e-03
6.517985293434725748e-03
6.976430221564239656e-03
7.942298085739214752e-03
7.483993733508719458e-03
6.896484173420402639e-03
6.460718129658036754e-03
6.663624559425645501e-03
6.539902937495046219e-03
6.579777538362476322e-03
6.324518345710304461e-03
6.549495330287350217e-03
6.360114661769734543e-03
6.343841145022047559e-03
6.670087414483229747e-03
6.737518451280064165e-03
6.676599720699919957e-03
6.676961249775357002e-03
6.585219001604450742e-03
6.620735143207841407e-03
6.527941144174999842e-03
6.247891928586694725e-03
6.234864994055695081e-03
6.402992989040083051e-03
6.429529527409208987e-03
6.321056801825761413e-03
6.516942077626784735e-03
6.423609925227032405e-03
6.803207645813624284e-03
6.607768930908706866e-03
6.575717971556716175e-03
6.604981910851267027e-03
6.716139504892958481e-03
6.480826182911793645e-03
6.508984812017943981e-03
6.396547957426971728e-03
6.545267868787050559e-03
6.800772007554769377e-03
7.026946857157680831e-03
6.882716071688466455e-03
6.400865368131134457e-03
6.371948659006092426e-03
6.472628427048524383e-03
6.708110105246305362e-03
6.712022790064414712e-03
6.484473393195204841e-03
6.370772119197580866e-03
6.201659271286593875e-03
6.569218211289909112e-03
6.475093553049696658e-03
6.428588115506702130e-03
6.429659550388653819e-03
6.392129202269845704e-03
6.309787152955929034e-03
6.562291476875543872e-03
6.607808348619275546e-03
6.490177648762861760e-03
6.403530500829219402e-03
6.489735104971462026e-03
6.633504283510976117e-03
7.141107507050037211e-03
6.731416939033402734e-03
6.584895948568979772e-03
6.457977512230476079e-03
6.317582039369476835e-03
6.672913798441489942e-03
6.382182710286643870e-03
6.199699104246165875e-03
6.441761201454533452e-03
6.438518501818179737e-03
6.438091707726319342e-03
6.376132621533340920e-03
6.459820102900266231e-03
6.356939644449287156e-03
6.400696666290362283e-03
6.484731007367372860e-03
6.696995132499270961e-03
6.572021488100290160e-03
6.618015764074193334e-03
6.421360236903032002e-03
6.336677504910363280e-03
6.279785537885294866e-03
6.363551668408844175e-03
6.691806775828202693e-03
6.370598081913259048e-03
6.680024096535311547e-03
6.483153013719452837e-03
6.424651121099789891e-03
6.507557160738441406e-03
6.386219714250829758e-03
6.323880847129557080e-03
6.437797089003854077e-03
6.371825877577066803e-03
6.412030930320422248e-03
6.447271605332692036e-03
7.048453063600593205e-03
6.597529150959517870e-03
6.434369058244758521e-03
6.974574691719479316e-03
6.965453800641827932e-03
6.483535768671167855e-03
6.582883443269464847e-03
6.480715169260899307e-03
6.408366072509023501e-03
6.375637331770525953e-03
6.284871192442045840e-03
6.144664095093806296e-03
6.693049352616071285e-03
6.892199412816100643e-03
6.379462513658735144e-03
6.378656327724456856e-03
6.580120430638393067e-03
7.020516550789277117e-03
6.925472571618027443e-03
6.835520573788218639e-03
6.474832629577980704e-03
6.206835690471861067e-03
6.497832822302976839e-03
6.330370712611410079e-03
6.239830764631430250e-03
6.505443399979008758e-03
7.131826482299301155e-03
6.650602945850955100e-03
6.349626189718644148e-03
6.300355539553695663e-03
6.426249115417400661e-03
6.490685950136847182e-03
6.389140242503748603e-03
6.656669581102000327e-03
6.840991332299179752e-03
6.587032646768622643e-03
6.616287881301509410e-03
6.383192853795157176e-03
6.304953874399264226e-03
6.512166489329602667e-03
6.675901810328165389e-03
6.345533753434816696e-03
6.189793538716104569e-03
6.255419303973515539e-03
6.396801208870278414e-03
6.376413599484496812e-03
6.237057946208450845e-03
6.306828227308061696e-03
6.355500157094663705e-03
6.421047894077168243e-03
7.569187887840800669e-03
6.752740718010398664e-03
6.718649951120217456e-03
6.322866032520930296e-03
6.270769613070620134e-03
6.150754373520612474e-03
6.173978594856129737e-03
6.753179882135655968e-03
6.682654480553335517e-03
6.493632064925299562e-03
6.147184307790464972e-03
6.302936880124940244e-03
7.061789145486222635e-03
6.436321191075775050e-03
6.327124211109346960e-03
6.351481191813945770e-03
6.412560974972115503e-03
6.561590575923522371e-03
6.226656739082601227e-03
6.402760475046105279e-03
6.427280644161833742e-03
6.545741992692152324e-03
6.461287786563237739e-03
6.510091672341029173e-03
6.531495069050126737e-03
6.562489411897129594e-03
6.471453801625304605e-03
6.813401809583107330e-03
6.287788519014915131e-03
6.335675451490613806e-03
6.322863857365316510e-03
6.322480419443713383e-03
6.328354010151492071e-03
6.243136415465010310e-03
6.144672741906510513e-03
