1.270705704225434107e-01
8.310782611370086392e-02
8.035927216211954938e-02
7.380631549490822285e-02
5.810631182458665667e-02
5.529488045308324912e-02
5.458387802044550874e-02
5.329180503884951153e-02
5.243840318587091043e-02
5.143507048487663130e-02
5.072102637754546256e-02
5.038606231411298098e-02
5.017849425474802533e-02
4.985370943943659428e-02
4.906164023611280650e-02
4.850984161098798042e-02
4.814195520348019119e-02
4.779756001300281693e-02
4.746082800957891756e-02
4.717193479339281542e-02
4.695490280787149862e-02
4.722689621978336250e-02
4.718301350871721700e-02
3.836971109939946167e-02
2.552126885288291680e-02
2.449475127789709286e-02
2.363415226340294037e-02
2.351810501681433907e-02
2.289061615864435711e-02
2.273643467161390666e-02
2.280657888286643717e-02
2.274320125579833846e-02
2.240441512730386581e-02
2.215938081343968649e-02
2.263404037389490225e-02
2.249681977762116314e-02
2.219513417945967806e-02
2.279664787981245180e-02
2.248589605920844545e-02
2.181975988050301879e-02
2.233239887489212733e-02
2.250534692572222703e-02
2.153566882842116934e-02
2.173662539157602408e-02
2.147631272673606803e-02
2.159954258137278954e-02
2.121586183706919426e-02
2.147260303298632184e-02
2.134261027392413829e-02
2.126573143733872379e-02
2.135863239566485050e-02
2.111142519447538682e-02
2.098446487966510940e-02
2.149234626028272838e-02
2.147844356795151899e-02
2.107401521669493780e-02
2.069690512286292278e-02
2.086992618110444786e-02
2.134849125312434162e-02
2.173654868370956950e-02
2.142969359126355861e-02
2.106865735931529038e-02
2.082271174424224491e-02
2.061666671600606571e-02
2.074715987675719922e-02
2.099141447908348460e-02
2.101975782050026845e-02
2.102941089206271721e-02
2.066380169656541546e-02
2.146114670568042421e-02
2.068444714777999474e-02
1.021244522598054733e-02
5.378636581202348409e-03
4.716965967996252646e-03
5.829881599379910587e-03
5.037243501800629970e-03
4.456801836689313137e-03
4.189243279397487398e-03
4.195591155439615423e-03
4.281673421048455379e-03
3.897613318016131517e-03
4.412510337101088927e-03
4.150819256901741236e-03
4.444579962227079850e-03
4.157141720255216194e-03
4.046862816645039815e-03
4.550920695894294411e-03
3.897605503184927919e-03
3.944231733265850248e-03
3.974223720530668802e-03
4.140949143717686728e-03
4.554765545245673813e-03
4.138981576802001905e-03
3.972107248587740565e-03
3.823563125398423725e-03
3.828457767764727182e-03
3.842670698132779738e-03
3.976900391280651335e-03
4.050534406883849262e-03
3.809429578897025829e-03
3.934525789486037657e-03
4.492436003767781919e-03
4.199225143012073544e-03
3.604323633222116224e-03
3.330655684694647841e-03
3.365031442501478700e-03
3.596386998477909321e-03
3.688086095369524486e-03
3.949731668043467495e-03
3.736414439562294083e-03
3.489739638235833923e-03
3.691209778189658963e-03
3.809170950618054937e-03
3.912873079793321128e-03
3.658499614232116077e-03
3.688328926348023729e-03
3.485640831705596673e-03
3.477645016585787126e-03
3.565424143647154265e-03
3.577486482552356094e-03
3.574497556934754221e-03
3.487873133271932394e-03
3.307589387728108402e-03
3.709506147230664727e-03
3.675591929091347448e-03
3.385359337553382059e-03
3.941394440415833117e-03
3.600294980117016170e-03
3.637123523900906083e-03
3.885114336800244220e-03
3.441178715891308072e-03
3.507167326493395524e-03
3.519587143220835167e-03
3.414941183808777123e-03
3.673246959224343421e-03
3.502426611052618984e-03
3.350716242566704681e-03
3.462669716940985996e-03
3.563167765322658876e-03
3.325528478663828530e-03
3.142163341657983056e-03
3.346900867505206000e-03
3.390999366011884439e-03
3.697722568694087990e-03
3.504877454704708340e-03
3.357559112418028856e-03
3.502888956831561040e-03
3.626086440765195328e-03
4.295800038509899055e-03
3.333803769201040303e-03
3.088624326305257003e-03
3.228523126906818891e-03
3.635246587089366235e-03
3.599589137981335386e-03
3.315899421771367588e-03
3.472098300440444076e-03
3.368814579314655631e-03
3.201379598014884430e-03
3.545288739518987018e-03
3.203328603671656578e-03
3.087614570847815876e-03
3.268308416008949228e-03
3.390488797384831436e-03
3.395989554830723331e-03
3.131599788450532395e-03
3.417921168729663034e-03
3.239586520940065419e-03
3.439617518128620152e-03
3.166790043728219019e-03
3.322464738869004841e-03
3.251133024071653759e-03
3.203075890325837467e-03
3.169164678288830840e-03
3.135101733108361724e-03
3.264098277108536637e-03
3.223436740744445046e-03
2.963584427618317935e-03
3.130155621717373680e-03
3.352395875586403930e-03
3.075524140149354848e-03
3.679029298946261302e-03
3.098977135701311888e-03
3.227396087927950942e-03
3.520679510095053085e-03
3.342216474314530644e-03
3.447384317922923182e-03
3.211862705647945248e-03
3.215256313689881032e-03
3.062630860755840949e-03
3.208761894040637608e-03
3.702920477630363381e-03
3.385293920420937974e-03
3.631343494893776117e-03
3.295990062049693452e-03
3.098519889430867164e-03
3.333209931022591225e-03
3.152882221879230781e-03
3.469390459358692291e-03
3.199337863673766633e-03
3.368050278060966216e-03
3.038604171532723660e-03
3.287771532518996009e-03
3.194872536179092087e-03
3.265280597325828302e-03
3.759081785877545819e-03
3.075680121158560088e-03
3.156190475242005595e-03
3.061760659846994494e-03
3.738429349743657790e-03
3.412243763191832348e-03
3.213610806398921587e-03
3.137848851167493198e-03
3.035612342258294221e-03
3.129874171896113166e-03
3.352941509543193570e-03
3.494679889538221829e-03
3.069768163065115726e-03
2.967470638040039469e-03
2.723560644727614048e-03
3.085106440509359244e-03
2.975233058548635862e-03
2.874125755495495101e-03
3.806555844429466550e-03
3.110513490521245664e-03
3.001038338989019290e-03
3.745514520754416720e-03
3.041096147563722603e-03
3.039750793120927358e-03
2.955125069452656586e-03
2.825667748434676236e-03
2.791957025312714891e-03
2.846859159568945492e-03
2.884672544896602683e-03
3.213696371143062724e-03
3.069847721813453740e-03
2.849205873078769925e-03
3.271065435061852079e-03
3.146636835816833677e-03
3.064025114807817501e-03
3.199671012245946296e-03
3.057925610078705836e-03
3.038228450136052153e-03
3.103196310500303760e-03
2.981086336076259682e-03
3.096343281989296162e-03
2.898105576944848012e-03
2.869620817816919897e-03
3.237519930634233638e-03
3.212455193408661393e-03
3.634173237822121896e-03
3.397097337163156733e-03
3.001987927903731514e-03
2.932186649284428993e-03
2.927761402291556049e-03
2.909289974098404168e-03
3.040140145975682266e-03
3.728641683442725143e-03
3.059457452553841859e-03
3.206604547384712262e-03
3.445826588819424132e-03
3.290196530934837334e-03
3.025223879764477476e-03
3.137863172839085342e-03
3.573445356968376480e-03
3.307109598277343816e-03
3.025971599337127366e-03
2.846335464467604753e-03
2.885199706587526520e-03
2.995550381019711477e-03
3.251597112458613336e-03
3.072655706976850851e-03
2.729863352659675675e-03
3.134470904866854500e-03
3.118443524258004453e-03
3.180065964245133974e-03
2.828908318446742270e-03
3.153101568006806688e-03
2.833696581009361413e-03
2.698376406398084616e-03
2.936472561624315063e-03
3.378751031640503302e-03
3.067052441959579843e-03
2.874574576401048385e-03
3.117628879845142382e-03
3.242110257140464174e-03
3.223865255713462795e-03
3.009732721580399371e-03
3.359986416374643667e-03
3.161598894124229790e-03
2.946451072477632074e-03
3.095504795718524282e-03
2.866335766803887117e-03
3.216099725622269777e-03
3.002390716638830056e-03
3.054594074686368520e-03
2.901876144525077517e-03
3.016067203134298325e-03
2.893482328703005958e-03
2.787481243204739407e-03
2.729137493297457539e-03
2.789711323049333218e-03
2.902614569498433196e-03
2.976739319662253212e-03
2.959969136863947053e-03
2.786292624142434893e-03
2.739597666594717224e-03
2.938711930894189524e-03
2.852182520760430419e-03
3.207362893347938653e-03
3.002365498493115171e-03
2.730124031917916232e-03
2.654693455745776691e-03
2.771961301979091342e-03
2.719722881706224463e-03
2.777145618779791689e-03
2.879047359650333850e-03
2.884823611627022368e-03
2.880284405416912597e-03
2.984215800339977149e-03
2.648562803450557959e-03
3.174676547447840506e-03
2.808959452538854675e-03
2.627345935131112850e-03
2.643137174761957774e-03
2.748290212411019350e-03
2.915971154967943700e-03
2.691648814620243267e-03
2.637497047479781757e-03
2.809051197643081497e-03
2.661484714804423970e-03
2.609552337477604681e-03
2.784623729272021203e-03
3.310458573202292119e-03
3.712951565782229152e-03
3.568030976586871513e-03
2.973392449526323332e-03
2.908882203822334665e-03
2.912457774703701169e-03
2.820874033495783962e-03
2.854995526787307714e-03
2.835046355095174539e-03
2.984559682922230828e-03
2.672394435438844949e-03
2.690497347050242738e-03
2.678436110210087769e-03
2.693892653203672823e-03
2.838295936170551464e-03
2.792762050198184000e-03
3.084327627180351045e-03
2.845804303263624671e-03
2.620383711117837359e-03
2.668804609113269253e-03
2.723335592697064076e-03
3.079411970037553101e-03
2.580044328545530712e-03
2.694904566225078246e-03
2.637330579260984895e-03
2.561118204353584216e-03
2.694907110805312700e-03
2.614164093716276911e-03
2.946323238106237676e-03
2.788471373625927337e-03
2.807589101915558116e-03
2.572409158779515037e-03
2.581851333379745275e-03
2.764324930806954812e-03
2.913938744200600481e-03
2.954007999764548306e-03
2.940477423576844974e-03
2.710038618081145843e-03
2.792746503320005062e-03
2.547083641919824920e-03
2.686495706439018076e-03
2.739792113295859682e-03
2.704632530609766845e-03
2.678526859316561134e-03
2.720864123354355298e-03
2.623422908493214072e-03
3.055415918222731918e-03
2.641485946563383071e-03
2.684599684758318811e-03
2.908540537270406807e-03
2.501723457955651667e-03
2.616849985594550936e-03
2.541385478236608906e-03
2.597452130996518848e-03
3.658975507650110391e-03
2.955314757095442880e-03
2.655214718025591600e-03
2.774208564725186982e-03
2.620261499865187468e-03
2.635894975521498387e-03
2.731202295463946127e-03
2.717225848593645635e-03
2.738584645299448062e-03
2.842630787442128066e-03
2.955074527611335072e-03
2.546567591942018854e-03
2.821345156472590369e-03
2.720083989616897419e-03
2.770246203160948214e-03
2.743246097945504537e-03
2.619438086532884132e-03
2.693083530498875493e-03
2.510530901037984208e-03
2.638583679993947335e-03
2.707278645700878644e-03
2.629799888365798397e-03
2.582288397889998151e-03
2.505361017667585063e-03
2.890478070411417293e-03
2.734177960082888586e-03
2.675745340271128755e-03
2.606383018816510726e-03
2.658429453149438026e-03
2.754236243458257644e-03
2.759418469957179536e-03
2.731861989531252002e-03
2.771574432651201930e-03
2.536958549171686172e-03
2.682904484164383777e-03
2.495489197058810282e-03
2.976305441310008338e-03
2.785253184330132442e-03
2.490479221774471921e-03
2.589913033362891987e-03
2.851655511185526883e-03
2.837343152819408153e-03
2.734978039645486435e-03
2.717997826014955862e-03
2.524128937058978638e-03
3.177380046496788672e-03
2.733118743118312637e-03
2.920510769925183797e-03
2.713371764144136000e-03
2.541372937460740621e-03
2.550365176672736954e-03
2.553374271632896479e-03
2.588487706250614407e-03
2.471126696715752070e-03
2.568894400157862093e-03
2.603702693142824660e-03
2.503962751684917203e-03
2.482419548970129803e-03
2.604181498496068760e-03
2.533879689872264949e-03
3.188633769750595041e-03
2.798821921977731955e-03
2.432759735319349297e-03
2.540769192079702851e-03
2.578438951944311310e-03
2.795209509010116063e-03
2.845139051270153922e-03
2.744944365695118748e-03
2.543119541886780174e-03
2.327713542100456022e-03
3.036802409009801192e-03
2.423932077363133430e-03
2.591859256434771597e-03
2.598327854648232495e-03
2.719056428306632425e-03
2.574201058596372466e-03
2.789696736468209263e-03
2.770007815625932356e-03
2.976140746225913476e-03
2.703749323263764364e-03
2.608360402389532824e-03
2.469606663410862327e-03
2.427689219928450253e-03
2.518407356821828445e-03
2.482269126921892322e-03
2.481727393137084063e-03
2.410857545004950649e-03
2.395942734761370534e-03
2.681941801889075293e-03
2.671344205219712727e-03
2.566257261981566822e-03
2.367899115714762123e-03
2.720056883990764479e-03
2.911456573961509597e-03
2.405089917075302862e-03
2.481348786710036933e-03
2.327400605297751026e-03
2.759711653408076972e-03
2.663830072722501042e-03
2.776304816620217466e-03
2.535910593966642958e-03
2.554243658151891371e-03
2.366243746752540091e-03
2.567260307777259002e-03
2.606820071943932293e-03
2.607978143625789159e-03
2.758598489065964936e-03
2.691744189295504006e-03
2.498032013989157345e-03
2.491270120566089954e-03
2.493891881571875645e-03
3.182617848118146457e-03
2.743763103046351157e-03
2.372012642315692553e-03
2.440088895253009291e-03
2.302462968768344970e-03
2.387714193512995974e-03
2.755054837713638745e-03
2.846038915837804419e-03
2.580845627105898474e-03
2.474274084799819341e-03
2.675265434922443567e-03
2.363027886797984620e-03
2.462752519382370789e-03
2.450391430821683564e-03
2.350285750710301783e-03
2.654181202459666468e-03
2.515959587569038033e-03
2.834893682350715215e-03
2.653658356931474539e-03
2.721572390033139260e-03
2.496147975325584394e-03
2.907802833037243916e-03
2.611916888919141571e-03
2.698504877173238132e-03
3.102802776007188620e-03
2.692234549257490565e-03
2.559888717821902793e-03
2.339748303509420722e-03
2.459179656580090349e-03
2.410995537001225583e-03
3.183278758078813588e-03
2.800754044825832199e-03
2.499998183920979378e-03
2.495851794050799391e-03
2.382800255177749613e-03
2.475417786174350168e-03
2.393651043789254453e-03
2.422675288592775547e-03
2.429337221094303619e-03
2.486087394257386392e-03
2.500457942692769966e-03
2.477968802882565217e-03
2.436488739525278363e-03
2.558672582316729675e-03
2.479735721523562957e-03
2.497785449441936121e-03
2.459918473226328523e-03
2.328323628753423656e-03
2.347065283813410449e-03
2.484305801077021578e-03
2.423266217940383497e-03
2.474708228061596460e-03
2.535002576187253033e-03
2.337521145948105554e-03
2.299964122681154126e-03
2.449550982564687590e-03
2.517664113806353850e-03
2.536252880882885856e-03
2.608054694719612408e-03
2.424982150809632583e-03
2.724560603706373089e-03
2.582066672750645171e-03
2.428090346770154194e-03
2.496249046590593226e-03
2.445547980152898253e-03
3.372284673775235823e-03
2.600010028108954221e-03
2.743870529035727368e-03
2.404655990087323659e-03
2.253342697189914066e-03
2.492601273374425198e-03
2.549180144237147248e-03
2.611706970880429100e-03
2.659586709406640877e-03
2.368496714366806911e-03
2.458537136101060332e-03
2.602664172235462196e-03
2.595879694239960813e-03
2.274351076533397218e-03
2.456515632155868711e-03
2.500036824494600383e-03
2.516099110038744115e-03
2.541671391162607201e-03
2.542147578464614126e-03
2.413325239386823317e-03
2.380073039482037342e-03
2.297149698974357626e-03
2.230492819928460782e-03
2.398645354227887071e-03
2.482364762367473762e-03
2.522751012196143561e-03
2.526178970519039283e-03
2.345410413626167635e-03
2.353859708334008882e-03
2.391707639520367079e-03
2.488738075933522812e-03
2.298562216262022700e-03
2.448123273336225147e-03
2.534568510535690610e-03
2.424347123338116503e-03
2.319741046263111995e-03
2.418124222507079396e-03
2.383682004486521212e-03
2.304285166578160220e-03
2.425301260211401404e-03
2.460095649585127692e-03
2.319752066913578423e-03
2.434258578966061199e-03
2.681417819112539257e-03
2.412440489149755927e-03
2.534720772463414269e-03
2.719844407919380473e-03
2.457839539274573205e-03
2.475541468916668021e-03
2.579355818322963401e-03
2.592272943713598652e-03
2.441103141754865681e-03
2.402106951922178442e-03
2.426235815510153875e-03
2.783243049763971071e-03
3.069379675305552047e-03
2.465350355228616321e-03
2.394126184905568614e-03
2.516551094336642348e-03
2.408061315719452287e-03
2.173397809060083341e-03
2.805965595568219850e-03
2.490701995169123002e-03
2.323280862636036437e-03
2.320887754774755927e-03
2.690024288992086832e-03
2.548636841691202803e-03
2.278488464653491852e-03
2.395702333499988030e-03
2.466064121367202763e-03
2.305553258500165400e-03
2.328878704251514681e-03
2.434598249900672261e-03
2.349831099725432047e-03
2.425888746252490534e-03
2.299589387451608877e-03
2.480257897534304291e-03
2.345747878361079640e-03
2.342141654549373311e-03
2.383360637144909915e-03
2.371403378330999134e-03
2.289646265821324370e-03
2.342116378454698559e-03
2.375761008717947476e-03
2.320069558918476296e-03
2.211525712369216776e-03
2.211187168334921398e-03
2.360524599336915729e-03
2.220318027668529131e-03
2.242717391086949258e-03
2.247519145409266131e-03
2.168534011062648367e-03
2.215470069398482820e-03
2.316783048833409749e-03
2.592912886498702739e-03
2.680147351283166095e-03
2.462802099891834868e-03
2.344873493744267182e-03
2.426098294349180243e-03
2.618104998643199389e-03
2.331459943412078628e-03
2.284209205665522092e-03
2.168751104424397093e-03
2.413821887845794302e-03
2.418567839389046056e-03
2.348168085639675343e-03
2.423872386829720692e-03
2.319762940622038111e-03
2.375006373557779580e-03
2.437319452356961208e-03
2.463256201396385719e-03
2.412710884172055651e-03
2.465901625239186757e-03
2.429450594095720201e-03
2.485192701634433496e-03
2.535559386014938493e-03
2.564009512878126593e-03
2.566081827713383515e-03
2.530707993234197241e-03
2.265817600612839242e-03
2.239727502067883746e-03
2.316380236297845702e-03
2.763259613679514871e-03
2.430909065943625321e-03
2.369360910314652693e-03
3.102716426365077513e-03
2.322532294525040623e-03
2.182938961519135298e-03
2.111249082825250069e-03
2.182187647041347080e-03
2.287904923367831307e-03
2.418739019582668865e-03
2.203738024561769510e-03
2.240793034434318716e-03
2.194123468879196400e-03
2.291340343654155697e-03
2.972355987876653619e-03
2.661191598615712806e-03
2.236730671591228951e-03
2.492594388830992897e-03
2.208524155947897295e-03
2.255440191883179967e-03
2.793683811194366817e-03
2.444444892721043833e-03
2.341155770959125679e-03
2.335806003668242092e-03
2.358693543097211114e-03
2.344697395132647709e-03
2.312841989720861198e-03
2.308013739271296341e-03
2.292644112474388676e-03
2.208313479398687790e-03
2.315533934161066905e-03
2.215152672595447833e-03
2.354498865703741773e-03
2.465316307627492438e-03
2.433723781464828227e-03
2.232788891221086387e-03
2.249247411059008672e-03
2.191978215964303974e-03
2.099295244034793829e-03
2.124858033946818749e-03
2.078760469125376809e-03
2.516682375636365883e-03
2.389169549569487589e-03
2.311643681799372112e-03
2.320324219763279100e-03
2.317008609986967362e-03
2.218362641417317895e-03
2.136622023665242856e-03
2.221408859930104791e-03
2.304836000419325376e-03
2.312745319989820397e-03
2.170474924561050043e-03
2.177945619655979881e-03
2.817342447944813210e-03
2.527268669671482379e-03
2.496993313026097099e-03
2.474942672480311828e-03
2.232108090797232155e-03
2.291124285095267991e-03
2.257955643451876274e-03
2.259027511916226680e-03
2.432952533579535101e-03
2.256219952056805200e-03
2.373480358057551785e-03
2.208679908265669990e-03
2.544464955830739398e-03
2.327338749956753359e-03
2.179579459544685356e-03
2.435963095890151045e-03
2.342691169016891239e-03
2.202191374575098413e-03
2.200346197932958811e-03
2.204652673875292027e-03
2.280443914027677817e-03
2.293948279693722690e-03
2.249068170785903983e-03
2.323986173917849847e-03
2.446583726753791266e-03
2.298370929848816534e-03
2.344561646588974417e-03
2.323931967839598829e-03
2.361807963914341196e-03
2.359208273183968294e-03
2.203380775948365466e-03
2.337994518586330919e-03
2.188828726195626937e-03
2.202979632549815787e-03
2.528997214717997565e-03
2.766959954881005688e-03
2.463282136143081849e-03
2.267009609689315044e-03
2.385368197121554013e-03
2.209647330972883562e-03
2.121588720215691545e-03
2.227053998245133361e-03
2.307441288398371943e-03
2.314256741665303603e-03
2.133960148009161201e-03
2.201725587041841650e-03
2.382743819099333599e-03
2.324661082691616577e-03
2.274590005270308874e-03
2.564050418635209407e-03
2.259270416365729509e-03
2.286024136054846858e-03
2.341093387351268068e-03
2.260907050222158397e-03
2.369437171146273648e-03
2.185836441607939048e-03
2.281565978709194573e-03
2.226106774372359036e-03
2.140298570609754873e-03
2.267751328440176239e-03
2.216652268026438229e-03
2.259321893668837181e-03
2.290913987283905561e-03
2.383164675492379595e-03
2.266113288286659457e-03
2.241051719110045363e-03
2.182739261641270662e-03
2.127479452432857500e-03
2.297067393859227643e-03
2.340577052802675362e-03
2.235315634558598247e-03
2.194896442815661309e-03
2.320324942055675566e-03
2.547232307907607799e-03
2.266052280449204828e-03
2.169905056556066004e-03
2.390857852167553241e-03
2.322131185274985306e-03
2.198651867608229435e-03
2.107262661059697371e-03
2.042310427253445169e-03
2.253367000569900074e-03
2.287909208486477511e-03
2.490195474690861006e-03
2.263878666692309850e-03
2.258667611620492326e-03
2.253759600636031941e-03
2.339707071789436706e-03
2.297474638972845425e-03
2.082904762484961026e-03
2.115750871598720724e-03
2.213263267444239533e-03
2.209088063488403881e-03
2.200017840498023469e-03
2.327035644816027697e-03
2.366216632847984499e-03
2.606798971278800024e-03
2.337574402077330447e-03
2.307120660940806169e-03
2.233813662702838643e-03
2.301736739981505731e-03
2.341297021549608882e-03
2.440947677112287849e-03
2.330541107803583110e-03
2.151864530104729938e-03
2.039320595148537071e-03
2.153743464085790694e-03
2.071159343338675133e-03
2.089565967520078203e-03
2.139868178508347926e-03
2.028722215133408648e-03
2.148477760040097898e-03
2.068594102230337031e-03
2.388931502484612900e-03
2.621036302298307245e-03
2.261285825322071567e-03
2.187362192716035391e-03
2.121246210816833851e-03
2.270833702964915324e-03
2.378108195132679417e-03
2.296248372230264706e-03
2.226109611801803216e-03
2.119636661890480188e-03
2.317556881656249439e-03
2.455365951690408922e-03
2.362711685192254042e-03
2.579443457329438916e-03
2.358413457663522707e-03
2.179195269321402076e-03
2.122904778354697646e-03
2.187726035093267782e-03
2.126049328491919511e-03
2.249686580358279970e-03
2.268763903735412490e-03
2.362639390759997855e-03
2.109124925401475482e-03
2.205435048995746643e-03
2.119034537010722891e-03
2.158052339735958263e-03
2.180149625572893549e-03
2.584191529701153605e-03
2.514249578946166699e-03
2.283272723563843209e-03
2.690010416424936691e-03
2.416244561059607311e-03
2.224987339642312857e-03
2.159951952182584314e-03
2.200493656305803087e-03
2.151905871513817240e-03
2.285499882159961697e-03
2.195221101865172351e-03
2.238647861199246324e-03
2.294421197018689604e-03
2.644665116030309095e-03
2.220342754282884998e-03
2.200473136165075842e-03
2.131630436827739155e-03
2.129444341278738644e-03
2.354610278788540033e-03
2.299223376644982109e-03
2.088985792878601117e-03
2.056354593692554574e-03
2.045720028173592369e-03
2.205789019353687590e-03
2.269650304483042738e-03
2.306412717120515186e-03
2.167320259225865089e-03
2.062441313432322558e-03
2.414386730848087047e-03
2.374344301513499518e-03
2.281973646539780989e-03
2.080146673445900339e-03
2.183583935515747993e-03
2.133296374231576954e-03
2.112843214223782042e-03
2.142050370780957964e-03
2.213418006690012242e-03
2.340814026279581898e-03
2.276335065770480198e-03
2.212772847463687336e-03
2.139152918631831695e-03
2.255407874989840637e-03
2.312926936687694727e-03
2.167113084966937591e-03
2.307578302505943705e-03
2.254151690544353714e-03
2.133885561488568609e-03
2.082861250059472348e-03
2.078948671826058060e-03
2.107355485463308000e-03
2.227002772399120853e-03
2.138062330583731432e-03
2.655033571645617346e-03
2.340878293746047681e-03
2.230297169751591264e-03
2.318448406747645844e-03
2.124868780374526960e-03
2.116318153113954520e-03
2.134336779514948382e-03
2.138879967646466207e-03
2.169077505564523996e-03
2.233108151704073056e-03
2.083780206739902462e-03
2.236488501851757217e-03
2.184949116781353951e-03
2.360574108444981993e-03
2.098198028074370423e-03
2.080761702317330576e-03
2.431511074925462451e-03
2.288240992153684275e-03
2.187778259524040744e-03
2.233485109690162666e-03
2.176648542905847226e-03
2.278519126897056782e-03
2.059116788311964909e-03
2.126219163959225042e-03
2.429071832448244112e-03
2.158831046480271399e-03
2.129607744928863327e-03
2.184902382497158364e-03
2.050919873226020144e-03
2.307694359785980847e-03
2.162555082597666153e-03
2.385679372689790412e-03
2.184939129381543998e-03
2.106955646433763922e-03
2.045017523794538661e-03
2.049609764168659753e-03
2.092096019639737205e-03
2.192469697652591788e-03
2.176156141277816539e-03
2.194075194808344127e-03
2.008149257550636939e-03
2.169490013685491155e-03
2.051510566638575783e-03
2.152318623330858136e-03
2.097281637705034497e-03
2.052774063001076409e-03
2.231817077845334868e-03
2.243335605081584611e-03
2.210427714097830832e-03
2.244002363748020569e-03
2.066537256663044352e-03
2.156066339876916860e-03
2.264050223554173961e-03
2.485809773206710746e-03
2.298765623321135949e-03
2.178598805848095191e-03
2.185006123036146129e-03
2.193479685940676136e-03
2.171271182596683658e-03
2.180235649769504680e-03
2.312128870851463958e-03
2.102682289356986537e-03
2.159921221642030660e-03
2.260441177835067171e-03
2.215807448244757043e-03
2.231854859532581524e-03
2.015427890130215387e-03
2.132647260506119816e-03
2.155292474975188579e-03
2.087362174255152567e-03
2.042127740052011343e-03
