1.218499627378251821e-01
9.531078716119130434e-02
7.314558880196676827e-02
6.506437876158290001e-02
6.211442821555667598e-02
6.057916121350394312e-02
5.906359944078657526e-02
5.842094174689716618e-02
5.944984075095918752e-02
5.810328082905875241e-02
5.771299264497227466e-02
5.725255466169781177e-02
5.741034143500858139e-02
5.730938067038853639e-02
5.727315058310826490e-02
5.691962586508857169e-02
5.687122080061170898e-02
5.677778601646423645e-02
5.655125182535913203e-02
5.667069892088572036e-02
5.667043843203120601e-02
5.685742868317498339e-02
5.619505632254812727e-02
5.070920664403173739e-02
2.964993246727519460e-02
2.688811270727051519e-02
2.640078928735520997e-02
2.589824552337328598e-02
2.627035207218594154e-02
2.575659358667002630e-02
2.556749314069747814e-02
2.545002346237500504e-02
2.579158892234166556e-02
2.538456182512972142e-02
2.549494005739688998e-02
2.550158306128448918e-02
2.550636026594373801e-02
2.513419283760918652e-02
2.519998014801078448e-02
2.555622658795780530e-02
2.517617420189910415e-02
2.526177393065558510e-02
2.573638725611898659e-02
2.534571537541018688e-02
2.494053782688246748e-02
2.511831823322508220e-02
2.509552556193537023e-02
2.557637077238824469e-02
2.490550450152820977e-02
2.481207024306058759e-02
2.491357727183236143e-02
2.481314978665775592e-02
2.493826949761973610e-02
2.511026649011505879e-02
2.518045305377907342e-02
2.544179850154452971e-02
2.566527833127313363e-02
2.532611028187804758e-02
2.541806283924314541e-02
2.501161200718747188e-02
2.476402273608578619e-02
2.490469293461905487e-02
2.474716302421357816e-02
2.592534205979771245e-02
2.560009225375122627e-02
2.530980288154549215e-02
2.542612724006175842e-02
2.480622265073988142e-02
2.508586728738413860e-02
2.535316807528336866e-02
2.484848815533850092e-02
2.496883131563663524e-02
2.457720652222633237e-02
2.468961859742800288e-02
2.456340918938318754e-02
2.434286084440019302e-02
2.459026484025849182e-02
2.448127056161562495e-02
2.505789715796708991e-02
2.469272456235355878e-02
2.451639086835914055e-02
2.438694611191749573e-02
2.445002799232800714e-02
2.447475396924548782e-02
2.432737085554334891e-02
2.449954866535133946e-02
2.441177941858768338e-02
2.461484503414895775e-02
2.483020797371864388e-02
2.473694259921709743e-02
2.467757139768865515e-02
2.472876700262228652e-02
2.462854778601063568e-02
2.056433542528086217e-02
3.657171045326524511e-03
2.373802708461880684e-03
1.956738684740331243e-03
1.921674958947631974e-03
2.068447069161467953e-03
2.081006957838932563e-03
2.107236114227109287e-03
2.252537983780105758e-03
2.386630820110440324e-03
2.253030097732941148e-03
2.593324942928221331e-03
2.601780077028605868e-03
2.026454009529617128e-03
2.168279933846659242e-03
2.184416953888204324e-03
2.036949819367792937e-03
1.909191133971843354e-03
1.766493435845606840e-03
2.007830810422698512e-03
2.253138474706146369e-03
2.603119731777243928e-03
1.903384884612427733e-03
2.058070616589652117e-03
1.992016138715876558e-03
2.064258005573517581e-03
1.764842565688821930e-03
1.972851488842732211e-03
1.886160482859446010e-03
1.925937944195336678e-03
1.993771884590387136e-03
1.790182844528721449e-03
1.935155493103795678e-03
2.020747629511687390e-03
2.003339088211457050e-03
1.858491024209393480e-03
1.701211901381611928e-03
1.978216495157943816e-03
1.827528847174512104e-03
2.276639528572559426e-03
1.872374451615744151e-03
1.970759295961923251e-03
2.103575805926488629e-03
2.529375894616047414e-03
2.030998094835215206e-03
1.876934705198638875e-03
1.869592352045906965e-03
1.823292540696759946e-03
1.938949795439839354e-03
1.900744243111047570e-03
1.818079337891605109e-03
1.861867798078391256e-03
1.875102254044678542e-03
1.673909511624111033e-03
1.713661866572995874e-03
1.857462597803937040e-03
1.826399136334657574e-03
2.059746224226222978e-03
2.042362994203965072e-03
1.922994236358337985e-03
2.119057493077384190e-03
2.208787152647144307e-03
1.858344425757726005e-03
1.998417240360544998e-03
1.680717509653833217e-03
1.689826657788621057e-03
1.970912775335212710e-03
1.737424783512122152e-03
1.691661238566868853e-03
1.673430790089898727e-03
1.823522737249731913e-03
1.987200039956304922e-03
2.074047755450010144e-03
1.992562885603143142e-03
1.959161112705866403e-03
1.747735805499057039e-03
1.811243172528015236e-03
1.697970369002885357e-03
2.152826698083016785e-03
1.848537392086452855e-03
2.003307172821627846e-03
1.752375859456757742e-03
1.685472766144408040e-03
2.205155628422896062e-03
1.831290376269155114e-03
1.653870756013525864e-03
1.765596694830391059e-03
1.708060734284420771e-03
1.678431810190280293e-03
1.720142436938153436e-03
1.565423990703291354e-03
1.640625663308633653e-03
1.665411441483431298e-03
1.999416927703552820e-03
1.706724247584740428e-03
1.917525848580731293e-03
2.137538693948752219e-03
1.799876198896931210e-03
1.656713419490390320e-03
1.628281109862857396e-03
1.751240564820667062e-03
1.756915751223762836e-03
1.648056978980700282e-03
2.166062081232667143e-03
1.696453490811917477e-03
1.635210448876023379e-03
1.831697331120570602e-03
1.742549742468529287e-03
1.817173629792200214e-03
1.671193677725063423e-03
1.605759920655853209e-03
1.713827769789430782e-03
1.857837857678532566e-03
1.930704941559169057e-03
1.733217818869484811e-03
1.770506435487833327e-03
1.619703640333480365e-03
1.627664274225632457e-03
1.459820134461753925e-03
1.526643972223003763e-03
1.673288227369387846e-03
1.766824338378177647e-03
1.494971483738886074e-03
1.563404880774517782e-03
1.679699050469530891e-03
2.248658325730098443e-03
1.771418774603969589e-03
1.729909166072805642e-03
1.650683755158550287e-03
1.596849515723685340e-03
1.613369083756373929e-03
1.947314733018477850e-03
1.596024487064116610e-03
1.836873660795390563e-03
1.656929095172219842e-03
1.566682303738262854e-03
1.521378630875713312e-03
1.603211033054523964e-03
1.734832955731285950e-03
1.543035143986344442e-03
1.534099042829539968e-03
1.487608504378133299e-03
1.461900782047046614e-03
1.632568588894274531e-03
1.670669901391698322e-03
1.456358201491336031e-03
1.543101703541146412e-03
1.646362111075884774e-03
1.496355440467595985e-03
1.443113485972086565e-03
1.511902389013105013e-03
2.132774528322948365e-03
2.102528857584628954e-03
1.810249369591474498e-03
1.655636717979278721e-03
1.748484145953423411e-03
1.536832662920157048e-03
1.628630010204182819e-03
2.132967266047166438e-03
1.656142335592044809e-03
1.643634471628400984e-03
1.577799258132775526e-03
1.793777020130720313e-03
1.566893469749225604e-03
1.524417088884446377e-03
1.684842962875134423e-03
1.468564567363096502e-03
1.523892350701822182e-03
1.925698370776242601e-03
1.700289124726421259e-03
1.535579299347268134e-03
1.720849249718917843e-03
1.678351261135604695e-03
1.541318401901258439e-03
1.488218910785185038e-03
1.552311529715855827e-03
1.460765547429521789e-03
1.572836070424980500e-03
1.584189278591010240e-03
1.439287317658050286e-03
1.365152077956332047e-03
1.497941083378262006e-03
1.483870108301440930e-03
1.521317950035962771e-03
1.611309289000928445e-03
1.940202485356065914e-03
1.803287205596764862e-03
1.583137545838124135e-03
1.439898430059353583e-03
1.629234062921669848e-03
1.604009995547433761e-03
1.504087433115475648e-03
1.441145727100471641e-03
1.550130415707826710e-03
1.805959614511165254e-03
1.499615001181761435e-03
1.785992960342102634e-03
1.406592248628536941e-03
1.676140838923553681e-03
1.576690892171528661e-03
1.457507345411512573e-03
1.347978515550494116e-03
1.434699841775000182e-03
1.373689110494322229e-03
1.544120266205734711e-03
1.554992427118122604e-03
1.537363958131108014e-03
1.451440547179016745e-03
1.409903276297781206e-03
1.504469550628629096e-03
1.745020993467834161e-03
1.447082773471871980e-03
1.409266434816850658e-03
1.512732615487443052e-03
1.431783171267145272e-03
1.391676016048424853e-03
1.449223271467619568e-03
1.516217623526851287e-03
1.635769228968355369e-03
2.085529520279831399e-03
1.845621884697013328e-03
1.500180215160879828e-03
1.375137619260284562e-03
1.462585472812255247e-03
1.426787978141672150e-03
1.372027002895871749e-03
1.518251857616835163e-03
1.433468795278006235e-03
1.581758088949653798e-03
1.681289258930418213e-03
1.566110602062609517e-03
1.628133094766073818e-03
1.569571272573537382e-03
1.368212439119815757e-03
1.354991407133638920e-03
1.499504492514663195e-03
1.542270975187420932e-03
1.547263719193223532e-03
1.462791593124469205e-03
1.993072169522444505e-03
1.512316967257195006e-03
1.626586572060154633e-03
1.741787409409880629e-03
2.006802545446488562e-03
1.559877189704113624e-03
1.434950934619539254e-03
1.319847255427804202e-03
1.315294272369808620e-03
1.328342959491742937e-03
1.472294596541258958e-03
1.489147554255194168e-03
1.455207102311154152e-03
1.356436523298422533e-03
1.678639483224186576e-03
1.420186947927706746e-03
1.375935836177733180e-03
1.540754248595072127e-03
1.638316890328294717e-03
1.390399813858999136e-03
1.417932344807518912e-03
1.293966496984164018e-03
1.721404448358549019e-03
1.497076059070726137e-03
1.456175773508019012e-03
2.016504680116971548e-03
1.767270598664051964e-03
1.723091732710599821e-03
1.459174947295751755e-03
1.464569291306866633e-03
1.436659979323546155e-03
1.950262716143495549e-03
1.780837476253509461e-03
1.574645084846350816e-03
1.446289376148747041e-03
1.377037489890224316e-03
1.436388680918349080e-03
1.680967390226821134e-03
1.427320385248296740e-03
1.665066991829209893e-03
1.401881861190001259e-03
1.360115965103937587e-03
1.458102038337124673e-03
1.554898191760811527e-03
1.363640011081264976e-03
1.401308017989827490e-03
1.453473241482343935e-03
1.284368514186806122e-03
1.409358303580019291e-03
1.532351948683046555e-03
1.393276583403349001e-03
1.515867767027682641e-03
1.457162696040338991e-03
1.439692863366670052e-03
1.367386135065721143e-03
1.492355263585017858e-03
1.356334759232898611e-03
1.579490536823868795e-03
1.492676159573925760e-03
1.474257015830112913e-03
1.317424956295225281e-03
1.309768072743382715e-03
1.541592336984144414e-03
1.465851573480500070e-03
1.756724364434679355e-03
1.428402195063729983e-03
1.356806606571707473e-03
1.437543930692805269e-03
1.420146447295943942e-03
1.521842901905377668e-03
1.299568905702067675e-03
1.350779393687844346e-03
1.422796845436096174e-03
1.422182277051938816e-03
1.435144649715059274e-03
1.369650554843246902e-03
1.322257879397107511e-03
1.327140925245152503e-03
1.539219430544310147e-03
1.381560713570151094e-03
1.335075168042547129e-03
1.286743680636087987e-03
1.347030578181147636e-03
1.460833276311556458e-03
1.369878158180250086e-03
1.442779394177099101e-03
1.360455409416721877e-03
1.376365034116639038e-03
1.423413091753091995e-03
1.400760755770736167e-03
1.289840758674674513e-03
1.572504853312340018e-03
1.443916254987319403e-03
1.359668822648624643e-03
1.605553959703279968e-03
1.477881212615304602e-03
1.597030481530560368e-03
1.463228536045385825e-03
1.347812206173936529e-03
1.383918520684043665e-03
1.409165230320973431e-03
1.291895546019077327e-03
1.397681856114003484e-03
1.470042964340084095e-03
1.549854713181654606e-03
1.354820631030533018e-03
1.328390724956989228e-03
1.318797382215658887e-03
1.349360922144518917e-03
1.312245325081878161e-03
1.466093221679329968e-03
1.361446614221980232e-03
1.313495341584914244e-03
1.348632584429449496e-03
1.308018715741733661e-03
1.299595339741143815e-03
1.501032725597421357e-03
1.271059497052596729e-03
1.513197377013663541e-03
1.245109875582986426e-03
1.306145065464079345e-03
1.300651508176492313e-03
1.256432558099428902e-03
1.285600501319600440e-03
1.308791387515763523e-03
1.298658896444572280e-03
1.421859604823920474e-03
1.585748634404606210e-03
1.395440653690861385e-03
1.339600663114753031e-03
1.323550935420724980e-03
1.305524054656012102e-03
1.294372496712538952e-03
1.300484596544669753e-03
1.176924911948541838e-03
1.308410225643052071e-03
1.353772237069076874e-03
1.395040419884026155e-03
1.427127633036838700e-03
1.343851387500762887e-03
1.258246490421394441e-03
1.247651069942447895e-03
1.438740375969145124e-03
1.549112420632607363e-03
1.276125592283076666e-03
1.309789543867938971e-03
1.264636786654591482e-03
1.334790890622470066e-03
1.413981888650192196e-03
1.322208067609204106e-03
1.503676130539841104e-03
1.391388779092166128e-03
1.403970063353578287e-03
1.328738477701942120e-03
1.243485131094025295e-03
1.331525763703717089e-03
1.250139893446531539e-03
1.259199226689007535e-03
1.459717841094566740e-03
1.411962005206280181e-03
1.301384147567053676e-03
1.249779822408325159e-03
1.313432957977056417e-03
1.344565667418969957e-03
1.306011434127059322e-03
1.184813152584764757e-03
1.403082739561796292e-03
1.329781676435636169e-03
1.409136577405863426e-03
1.306262798089947953e-03
1.372279912854234380e-03
1.403651814907789152e-03
1.491373960549632720e-03
1.284440349166591881e-03
1.250272530855404095e-03
1.308177347398466542e-03
1.266378992133670436e-03
1.241522724222805752e-03
1.339096604432496798e-03
1.328560795841945627e-03
1.424869491408268509e-03
1.334283573346005565e-03
1.377642449612418796e-03
1.250252853561606686e-03
1.239615748119023012e-03
1.184884570021596311e-03
1.166472246663437934e-03
1.242738590679234867e-03
1.464033660789330806e-03
1.307403379533853731e-03
1.412509145318634023e-03
1.253578027503358082e-03
1.272346841999226139e-03
1.474023238600542188e-03
1.291711542548404715e-03
1.450107575704654046e-03
1.349936517783337188e-03
1.351978878697587339e-03
1.257004618334273474e-03
1.239655929255402758e-03
1.250702847933603560e-03
1.230972144338819642e-03
1.265048654749989423e-03
1.316654732864764102e-03
1.268422687943610884e-03
1.271266852919426121e-03
1.327103486595054447e-03
1.251689438811606899e-03
1.227421658113598798e-03
1.239518057554960147e-03
1.302403760039144189e-03
1.364619097051521191e-03
1.340471497840351606e-03
1.183984330855310067e-03
1.231264739762991675e-03
1.272466362764437938e-03
1.228520821573005680e-03
1.248488492435879255e-03
1.344018927257921913e-03
1.251678277945352923e-03
1.289622563765280804e-03
1.367002502083778390e-03
1.433152576080626815e-03
1.394590592632690990e-03
1.316947951498958786e-03
1.230570129636261202e-03
1.195658614548544049e-03
1.191738109725217105e-03
1.156229670676920188e-03
1.293435853181613797e-03
1.187097548196713089e-03
1.189979330843521496e-03
1.210346758986512910e-03
1.218081292592816927e-03
1.366395127649108580e-03
1.254492079218228612e-03
1.435968249311877706e-03
1.574322897423472735e-03
1.265565410722047047e-03
1.247743002345992483e-03
1.344421349155406134e-03
1.284068681092725810e-03
1.315320722965730499e-03
1.255760228571792432e-03
1.158489518178006106e-03
1.240359996186776205e-03
1.250916556455194993e-03
1.210083722964757106e-03
1.212880174732870481e-03
1.296641355276935545e-03
1.318916964551640871e-03
1.213279012073245232e-03
1.204956467263400581e-03
1.209386722702119081e-03
1.338928953434030157e-03
1.275138860154483109e-03
1.196294020240505542e-03
1.372148962174024817e-03
1.231734122977488606e-03
1.424219511035415813e-03
1.542988196532759379e-03
1.242253767947355900e-03
1.208206257368955438e-03
1.271612539163066279e-03
1.371102267876267520e-03
1.384580160180727678e-03
1.188288283948269212e-03
1.265842905785474499e-03
1.179982869264980085e-03
1.161745376884937373e-03
1.253374072516130061e-03
1.149577345543851496e-03
1.247918594421611963e-03
1.348461250050200398e-03
1.343988852782381990e-03
1.282957170365585289e-03
1.206328619478477414e-03
1.150922102646695150e-03
1.139213485229346534e-03
1.194428061652514673e-03
1.401400985196232882e-03
1.290937418945961503e-03
1.604858622886240439e-03
1.241326563370724482e-03
1.148119666096236941e-03
1.324462656759553417e-03
1.237772703688177871e-03
1.122853602800104366e-03
1.460274052806198554e-03
1.334185774645043742e-03
1.282832485934098541e-03
1.250898020548953018e-03
1.242641728474862088e-03
1.234984677802357378e-03
1.174212770743502440e-03
1.236277550148467182e-03
1.224316984622014813e-03
1.157591382248534173e-03
1.285893317415482545e-03
1.192623458078338142e-03
1.246440044811202410e-03
1.178463192190974977e-03
1.231749920277959822e-03
1.416583710557056891e-03
1.247483291663229561e-03
1.248222206615739495e-03
1.375692765383670696e-03
1.225705990153882173e-03
1.180372063794897595e-03
1.117625016356921805e-03
1.098867934197187389e-03
1.121353682441016087e-03
1.274230668010811057e-03
1.233774216638670960e-03
1.336447053278485946e-03
1.258852616883814404e-03
1.123097840593092946e-03
1.216511718100971680e-03
1.230995066774388238e-03
1.202105613839295119e-03
1.350374774386485380e-03
1.194242656023965926e-03
1.266607499888373640e-03
1.212216848507523476e-03
1.117209430990947659e-03
1.148921737654341486e-03
1.209620311856269767e-03
1.407627432296673555e-03
1.242519547231495450e-03
1.208546603512432750e-03
1.264805230829450745e-03
1.167380731656319495e-03
1.208501759813063658e-03
1.125739645212888709e-03
1.235342500213947470e-03
1.207074679227338907e-03
1.300568694973157574e-03
1.255998067143890631e-03
1.187733762069708831e-03
1.260781547882490776e-03
1.295457480527046614e-03
1.132002385436660678e-03
1.217290345165464565e-03
1.336176043583287053e-03
1.425609526017473710e-03
1.207326846714649017e-03
1.162314773795919279e-03
1.202222065379222188e-03
1.151949267627464446e-03
1.271280211706956285e-03
1.254441696219146156e-03
1.173415284396873591e-03
1.207369925557739195e-03
1.185241490085091939e-03
1.230896019066373467e-03
1.169631747373690248e-03
1.322903745393786247e-03
1.354205550418959795e-03
1.648512943647801807e-03
1.370756239630281864e-03
1.278083784402244717e-03
1.257021929033928440e-03
1.215242427877253869e-03
1.221393026515013580e-03
1.134860158070094029e-03
1.044707309661640051e-03
1.092988352498246553e-03
1.292719264618224584e-03
1.248161173425614816e-03
1.138032878645592241e-03
1.121420654882159494e-03
1.207875783503469533e-03
1.247648318919042723e-03
1.114815560997360231e-03
1.175455706090562918e-03
1.065457534148461262e-03
1.340779268907176100e-03
1.386961834505200325e-03
1.196658482982052756e-03
1.360070465339554766e-03
1.204663315373990292e-03
1.121407347058670477e-03
1.070401273771292650e-03
1.240412722755637439e-03
1.169197291342748612e-03
1.198978675011959372e-03
1.189192640595138073e-03
1.170440499360362761e-03
1.247735416464921393e-03
1.103336497003005708e-03
1.202293255159424517e-03
1.206591816412078046e-03
1.131887416769233098e-03
1.192266198082102572e-03
1.128357820885462874e-03
1.115385329143868615e-03
1.299535468634631851e-03
1.351075613767736480e-03
1.185507252294984090e-03
1.157968155004912006e-03
1.157254334021773703e-03
1.378554421373539510e-03
1.411222046655085348e-03
1.248364577897720850e-03
1.157158293450872037e-03
1.234864047211077509e-03
1.192609353197945574e-03
1.191394735748569191e-03
1.144567643188768068e-03
1.120856622647907995e-03
1.194020144951840308e-03
1.162840200639847239e-03
1.145654399361875240e-03
1.108333905641403425e-03
1.322919951958788799e-03
1.314704777776367055e-03
1.389533851502670111e-03
1.239907161798328153e-03
1.190873793740239396e-03
1.259852099335855838e-03
1.079300235336025458e-03
1.115542214053372649e-03
1.107982790821956292e-03
1.174920332721537909e-03
1.339700732173191092e-03
1.092312011298620040e-03
1.137230296412275942e-03
1.159431245177984298e-03
1.312700237354470691e-03
1.275069643743336183e-03
1.135337613523006422e-03
1.279183964555462120e-03
1.138784125085092348e-03
1.213070796802640048e-03
1.126487883739173438e-03
1.109546419077863224e-03
1.137710060510370479e-03
1.172527101718717248e-03
1.186675917253725981e-03
1.137736529215342424e-03
1.161770485082848142e-03
1.107454455147186987e-03
1.194967358476585776e-03
1.132595099301801720e-03
1.151108482024735960e-03
1.140100720028082524e-03
1.105547362628082420e-03
1.127940426684088254e-03
1.137058001218570636e-03
1.266611376259889950e-03
1.263807005145483470e-03
1.249499822345872656e-03
1.171003982631696602e-03
1.267846775137715940e-03
1.198566403860847193e-03
1.153671425353321785e-03
1.164129981771111532e-03
1.160660886412693453e-03
1.203154394299619763e-03
1.124364492586917312e-03
1.084621211306916432e-03
1.286966138933267950e-03
1.326093093699051316e-03
1.247955244034528724e-03
1.144671997883253559e-03
1.175021075954039984e-03
1.087770726428263736e-03
1.153230691432124977e-03
1.172701092954311084e-03
1.049835991321338650e-03
1.118789672230680867e-03
1.168586446179283945e-03
1.168311025636891484e-03
1.166653105885618333e-03
1.130955925521751147e-03
1.410971651785075578e-03
1.218758289081354898e-03
1.167996091664665363e-03
1.115389386088483934e-03
1.126139734664724848e-03
1.056116726766857805e-03
1.061513376318746170e-03
1.352779339585039259e-03
1.270839610757927042e-03
1.153653799038794258e-03
1.129255584544605661e-03
1.236810723526610232e-03
1.273930900109311029e-03
1.319482671873023006e-03
1.194358384754094869e-03
1.239168668786684580e-03
1.218032284329335002e-03
1.130677558895614322e-03
1.320808509675165058e-03
1.235359891628225572e-03
1.207028054890947220e-03
1.157562555745244096e-03
1.049213298699922014e-03
1.152872414224677660e-03
1.115940603841510158e-03
1.148443927264047957e-03
1.113552758987579024e-03
1.072689533854524323e-03
1.130966366165214211e-03
1.055950297870569734e-03
1.037045743626852914e-03
1.017236554632998087e-03
1.077322652563452625e-03
1.042637813629375583e-03
1.206134684487349378e-03
1.198784230897823912e-03
1.249074620298213376e-03
1.125460475062330622e-03
1.272465499738852264e-03
1.118777720257639824e-03
1.206305451277229525e-03
1.221960599327252990e-03
1.208869091028140757e-03
1.165952357049617567e-03
1.262299197518991110e-03
1.291807571219073412e-03
1.081884666863414937e-03
1.059610787779092719e-03
1.111030058624843742e-03
1.070380759839382502e-03
1.158560939754048986e-03
1.111187379186352048e-03
1.075231543638640024e-03
1.030799037156005698e-03
1.137725585140287807e-03
1.179553243952492824e-03
1.069564163788325195e-03
1.112883111151556116e-03
1.156342054406801854e-03
1.239540808213253830e-03
1.405534858091010090e-03
1.341276155370804950e-03
1.213900336167878652e-03
1.227324516771154204e-03
1.136019609144164411e-03
1.359523594793346155e-03
1.269777702788511993e-03
1.138851721253660064e-03
1.081735393446352656e-03
1.130842820016874240e-03
1.136747259232732954e-03
1.096239191376500739e-03
1.126977104383210335e-03
1.105108845254613309e-03
1.201743027195334435e-03
1.088204986622763907e-03
1.136818865521086602e-03
1.074390493643780520e-03
1.159480133404334297e-03
1.161298742517828967e-03
1.127570152489675449e-03
1.116190576511952521e-03
1.134141384520464483e-03
1.136924137568308185e-03
1.207985886269145491e-03
1.193997322374747800e-03
1.125601808954444175e-03
1.093745265259510888e-03
9.997732461326652720e-04
1.013158266432583358e-03
1.136239291065269151e-03
1.094505980403886938e-03
1.157321657778488362e-03
1.128251214718653051e-03
1.182665148646467159e-03
1.135715746010343159e-03
1.209740516626172562e-03
1.278872446984880441e-03
1.176963718608021667e-03
1.098458842995266114e-03
1.184928800082868904e-03
1.276462303681506066e-03
1.144489234365108970e-03
1.162782497704029040e-03
1.083202668103493008e-03
1.037680526108791324e-03
1.032347592214743256e-03
1.222586786995331432e-03
1.103327602872418087e-03
1.216608123957282905e-03
1.140780714857909505e-03
1.128041858060492434e-03
1.227841896211935308e-03
1.208997806534171113e-03
1.229015390078226633e-03
1.132023080459071494e-03
1.051967442294375827e-03
1.086045251124434941e-03
1.086619846626288429e-03
1.101118318684813019e-03
1.070784697723057470e-03
1.117151279209388720e-03
1.289323004893958491e-03
1.067470806754297749e-03
1.031335390224638821e-03
1.009885031316015399e-03
1.037694970145821563e-03
1.044229625517295547e-03
1.070630946714017226e-03
1.105470303446054415e-03
1.123464769269857250e-03
1.019746447499427465e-03
1.127303837177654096e-03
1.205778031402991984e-03
1.305030652114914577e-03
1.131192558548516731e-03
1.057666151577399795e-03
1.322123045101761870e-03
1.182917433583901981e-03
1.137569134330583933e-03
1.163243808680110509e-03
1.227090735919773596e-03
1.106009136161042539e-03
1.105845447422729557e-03
1.110409047040674443e-03
1.100316074055930063e-03
1.106415939413838952e-03
1.039672669851117665e-03
1.021818981195489516e-03
1.171813748466471808e-03
1.146816619050999419e-03
1.176532641467120839e-03
1.328258736369510419e-03
1.227689044963982314e-03
1.131040017741421870e-03
1.133961516380723941e-03
1.103970457075370733e-03
1.148176862237354099e-03
1.122428996281491301e-03
1.232935461836556518e-03
1.084705107948846304e-03
1.158629875474919768e-03
1.167030660435557261e-03
1.187792331394221974e-03
1.123867365014221938e-03
1.246939842692679819e-03
1.162652774558713088e-03
1.151279579434129861e-03
1.026381034300559176e-03
1.053681688693662534e-03
1.064230466468466712e-03
1.189947889652103082e-03
1.169289183906382966e-03
1.100762348829044130e-03
1.022872790797716997e-03
1.255178228538069568e-03
1.113205100927088008e-03
1.039600907824933616e-03
1.026190941015051429e-03
1.053608529683616344e-03
1.129492767569091572e-03
1.040357244718405913e-03
1.131573713177608199e-03
1.031444350050555233e-03
1.087485207244753924e-03
1.104532877604166722e-03
1.021230832880569775e-03
1.041296483534905623e-03
1.142649356172316605e-03
1.057510370802548175e-03
1.011779073677543210e-03
9.975462453439831734e-04
1.163201426776746964e-03
