Mesh Points: 116
	 3.973808e-01,  3.243164e-01
	 4.430330e-01,  2.386922e-01
	 4.095263e-01,  1.752706e-01
	 3.538080e-01,  3.373830e-01
	 2.817861e-01,  2.167952e-01
	-2.418106e-02,  3.212395e-01
	 3.125839e-02,  4.128086e-01
	-1.119117e-01,  3.223644e-01
	-1.281134e-01,  3.469655e-01
	-1.052123e-01,  5.000000e-01
	-5.649369e-03,  5.000000e-01
	 3.311946e-01, -5.000000e-01
	 3.199474e-01, -4.315933e-01
	 2.000406e-01, -5.000000e-01
	 1.974171e-01, -4.384683e-01
	 2.752997e-01,  2.141772e-01
	 1.548732e-01,  2.889972e-01
	 1.585627e-01,  3.516263e-01
	 2.988657e-01,  4.098504e-01
	 3.168632e-01,  4.015718e-01
	 1.972677e-01,  3.943757e-01
	-1.425396e-01,  7.038989e-02
	-2.190756e-01,  1.452939e-01
	-2.110555e-01,  2.188452e-01
	-1.321937e-01,  2.457858e-01
	-6.627460e-02,  1.723788e-01
	 7.952900e-02, -1.154819e-01
	 5.235451e-03, -1.644069e-01
	 8.104956e-02, -5.048728e-02
	-9.377897e-02, -9.004702e-02
	-8.737687e-02, -9.384030e-03
	-6.467683e-03, -1.635912e-01
	-1.495425e-03,  1.653859e-02
	 1.950249e-01,  6.195975e-02
	 1.910267e-01,  3.142214e-02
	 3.708613e-02,  9.695668e-02
	 1.162753e-01,  1.149128e-01
	-3.100293e-01, -2.382651e-01
	-2.149875e-01, -1.670873e-01
	-2.138183e-01, -1.671933e-01
	-1.241188e-01, -2.700696e-01
	-2.064778e-01, -3.927736e-01
	-2.515617e-01, -3.871279e-01
	 5.000000e-01, -4.656831e-01
	 3.816807e-01, -3.575670e-01
	 5.000000e-01, -2.714038e-01
	 4.085264e-01, -3.025785e-01
	-1.408365e-01,  4.369152e-02
	-2.705016e-01, -1.207208e-02
	-3.308423e-01,  1.064459e-01
	 5.000000e-01, -1.221036e-01
	 4.309062e-01, -1.093509e-01
	 5.000000e-01,  8.059684e-02
	 3.932022e-01,  4.537249e-02
	 3.794559e-01, -5.552615e-02
	 4.389418e-01,  8.486632e-02
	 2.576194e-01, -9.388048e-02
	 2.424186e-01,  9.196431e-02
	 4.583373e-01,  5.000000e-01
	 2.949970e-01,  5.000000e-01
	 3.127614e-02, -5.000000e-01
	 3.278577e-02, -4.919419e-01
	-1.447465e-01, -5.000000e-01
	-3.318405e-02, -3.856049e-01
	-1.602166e-01, -4.336304e-01
	-3.324323e-01, -4.493619e-01
	-4.244309e-01, -2.899219e-01
	-3.428857e-01, -2.338807e-01
	-4.277931e-01, -4.011975e-01
	 1.664253e-01,  5.000000e-01
	-3.965777e-01,  9.583043e-02
	-5.000000e-01,  1.631175e-01
	-3.375941e-01,  1.096786e-01
	-3.394063e-01,  2.264381e-01
	-5.000000e-01,  2.121790e-01
	-3.922353e-01,  2.642358e-01
	 2.338890e-01, -2.991040e-01
	 3.644608e-01, -3.645891e-01
	 2.804822e-01, -1.975610e-01
	 3.685741e-01, -2.208382e-01
	 1.154845e-01,  2.525504e-01
	 2.289962e-02,  2.513836e-01
	 5.000000e-01,  5.000000e-01
	 5.000000e-01,  3.809034e-01
	-2.821150e-01, -4.033402e-02
	 1.427494e-01, -2.558740e-01
	 1.581027e-01, -1.540460e-01
	 7.301952e-02, -2.901592e-01
	-3.908640e-01,  3.915121e-01
	-3.799728e-01,  3.832913e-01
	-5.000000e-01,  3.955633e-01
	-4.057721e-01, -1.361655e-01
	-3.748459e-01, -6.211408e-02
	-9.120730e-02, -2.714883e-01
	 5.000000e-01,  2.470993e-01
	-2.540663e-01,  3.532582e-01
	-2.867489e-01,  3.912225e-01
	-2.311636e-01,  5.000000e-01
	 5.000000e-01, -5.000000e-01
	 2.317178e-01, -2.998034e-01
	 1.740182e-01, -4.145729e-01
	-2.558996e-01,  2.539563e-01
	-2.275440e-02, -3.420144e-01
	 2.438323e-01, -1.264587e-01
	-3.592683e-02,  1.743136e-01
	 1.302022e-01, -4.102537e-01
	 6.787844e-02, -3.025580e-01
	-5.000000e-01, -1.037016e-02
	-4.327936e-01, -1.243832e-04
	-5.000000e-01, -1.418159e-01
	-5.000000e-01, -2.611752e-01
	-3.934547e-01,  5.000000e-01
	-5.000000e-01,  5.000000e-01
	-3.329212e-01, -5.000000e-01
	-5.000000e-01, -4.313755e-01
	-5.000000e-01, -5.000000e-01
Mesh Facets: 172
	9, 10
	11, 13
	4, 3
	28, 32
	45, 43
	22, 21
	52, 50
	54, 53
	34, 33
	59, 58
	19, 18
	60, 62
	42, 37
	20, 17
	10, 6
	10, 69
	71, 74
	46, 44
	5, 6
	6, 17
	16, 17
	3, 19
	19, 58
	58, 82
	82, 83
	0, 3
	39, 38
	47, 48
	29, 30
	45, 46
	50, 45
	51, 50
	46, 79
	27, 26
	74, 90
	74, 75
	38, 37
	38, 84
	37, 67
	39, 29
	39, 40
	29, 31
	52, 55
	94, 52
	2, 1
	97, 9
	9, 8
	43, 98
	98, 11
	44, 77
	44, 43
	11, 12
	33, 36
	80, 16
	16, 15
	57, 33
	12, 77
	12, 14
	76, 77
	1, 94
	1, 0
	0, 83
	83, 94
	59, 18
	69, 59
	69, 20
	18, 20
	24, 23
	95, 8
	8, 7
	40, 41
	40, 93
	63, 64
	85, 86
	76, 99
	78, 76
	79, 78
	79, 51
	56, 54
	78, 103
	51, 54
	25, 24
	7, 24
	7, 5
	5, 81
	99, 100
	85, 99
	87, 85
	109, 107
	92, 91
	13, 14
	13, 60
	105, 100
	100, 14
	60, 61
	110, 109
	109, 91
	91, 67
	67, 66
	112, 111
	90, 112
	90, 88
	56, 103
	34, 56
	28, 34
	26, 28
	103, 86
	86, 26
	62, 64
	62, 113
	42, 41
	65, 42
	64, 41
	108, 92
	48, 84
	48, 49
	84, 92
	70, 72
	87, 106
	31, 27
	93, 31
	93, 102
	87, 27
	49, 72
	22, 49
	73, 72
	101, 23
	23, 22
	97, 96
	111, 97
	111, 88
	89, 88
	55, 53
	2, 55
	4, 15
	4, 2
	57, 15
	57, 53
	68, 66
	110, 66
	114, 110
	114, 68
	115, 114
	65, 113
	68, 65
	113, 115
	101, 73
	101, 95
	89, 96
	75, 89
	95, 96
	73, 75
	102, 106
	63, 102
	106, 105
	61, 63
	105, 61
	70, 71
	70, 108
	107, 71
	108, 107
	25, 104
	21, 25
	32, 30
	32, 35
	21, 47
	30, 47
	36, 80
	36, 35
	104, 81
	81, 80
	35, 104
Facet Neighbors: 172
	-4, 1
	-3, 2
	0, 3
	5, 6
	-2, 8
	4, 9
	-2, 10
	10, 11
	6, 11
	-4, 12
	3, 12
	-3, 13
	7, 14
	3, 15
	1, 15
	-4, 15
	-1, 16
	8, 17
	1, 18
	15, 18
	3, 18
	3, 19
	12, 19
	-4, 19
	-2, 19
	0, 19
	7, 20
	9, 20
	5, 20
	8, 21
	-2, 21
	10, 21
	17, 21
	5, 22
	-1, 23
	16, 23
	7, 24
	20, 24
	14, 24
	20, 25
	7, 25
	5, 25
	10, 26
	-2, 26
	0, 26
	-4, 27
	1, 27
	-2, 28
	-3, 28
	17, 28
	8, 28
	2, 28
	6, 29
	18, 29
	3, 29
	11, 29
	28, 30
	2, 30
	17, 30
	26, 31
	0, 31
	19, 31
	-2, 31
	12, 32
	-4, 32
	15, 32
	3, 32
	4, 33
	27, 33
	1, 33
	7, 34
	25, 34
	13, 34
	22, 35
	30, 35
	17, 35
	17, 36
	21, 36
	11, 36
	35, 36
	10, 36
	4, 37
	33, 37
	1, 37
	18, 37
	30, 38
	35, 38
	22, 38
	-1, 39
	24, 39
	2, 40
	-3, 40
	38, 40
	30, 40
	13, 40
	-1, 41
	39, 41
	24, 41
	14, 41
	-4, 42
	-1, 42
	23, 42
	36, 43
	11, 43
	6, 43
	5, 43
	35, 43
	22, 43
	13, 44
	-3, 44
	7, 44
	14, 44
	34, 44
	39, 45
	20, 45
	9, 45
	24, 45
	16, 45
	38, 46
	5, 46
	25, 46
	34, 46
	22, 46
	45, 47
	9, 47
	16, 47
	33, 47
	4, 47
	27, 48
	-4, 48
	42, 48
	23, 48
	10, 49
	26, 49
	3, 49
	0, 49
	29, 49
	11, 49
	14, 50
	41, 50
	-1, 50
	50, 51
	-1, 51
	44, 51
	14, 51
	-3, 51
	47, 52
	33, 52
	48, 52
	23, 52
	27, 52
	16, 52
	46, 53
	34, 53
	38, 53
	13, 53
	40, 53
	16, 54
	45, 54
	-1, 54
	39, 54
	37, 55
	4, 55
	5, 55
	6, 55
	9, 55
	20, 55
	29, 56
	6, 56
	37, 56
	18, 56
	55, 56
Mesh Regions: 57
	2, 25, 44, 60, 135
	0, 14, 18, 46, 69, 83
	1, 51, 57, 90
	2, 10, 13, 20, 21, 54, 66, 134
	5, 67, 81, 127, 162
	3, 28, 33, 41, 105, 119, 163
	3, 8, 52, 104, 164, 168
	12, 26, 36, 40, 70, 110
	4, 17, 29, 50
	5, 27, 115, 124, 165
	6, 7, 31, 42, 80, 132
	7, 8, 55, 78, 103, 137
	9, 10, 22, 63
	11, 72, 94, 108, 155
	12, 38, 98, 111, 138, 144
	13, 14, 15, 19, 65
	16, 35, 117, 125, 151, 157
	17, 32, 49, 58, 75, 76
	18, 19, 20, 53, 84, 170
	21, 22, 23, 24, 25, 61
	26, 27, 28, 37, 39, 114, 166
	29, 30, 31, 32, 77
	33, 73, 87, 107, 122
	34, 35, 101, 131, 149
	36, 37, 38, 89, 97, 116
	39, 40, 41, 71, 120
	42, 43, 44, 59, 133
	45, 46, 68, 128, 150
	47, 48, 49, 50, 51, 56
	52, 53, 54, 55, 136, 167
	56, 57, 58, 74, 85, 93
	59, 60, 61, 62
	63, 64, 65, 66
	67, 68, 69, 82, 126, 147
	70, 71, 72, 112, 121, 153
	73, 74, 75, 79, 86, 106
	76, 77, 78, 79, 80, 102
	81, 82, 83, 84, 161, 169
	85, 86, 87, 92, 118, 154
	88, 89, 96, 113, 160
	90, 91, 92, 93, 94, 156
	95, 96, 97, 98, 139
	99, 100, 101, 130
	102, 103, 104, 105, 106, 107
	108, 109, 110, 111, 112, 143
	113, 114, 115, 116, 117, 123, 158
	118, 119, 120, 121, 122, 152
	123, 124, 125, 126, 127, 146
	128, 129, 130, 131, 148
	132, 133, 134, 135, 136, 137
	138, 139, 140, 141
	141, 142, 143, 144, 145
	146, 147, 148, 149, 150, 151
	152, 153, 154, 155, 156
	157, 158, 159, 160
	161, 162, 163, 164, 165, 166, 171
	167, 168, 169, 170, 171
Seed Numbers: 57
	0
	1
	2
	3
	4
	5
	6
	7
	8
	9
	10
	11
	12
	13
	14
	15
	16
	17
	18
	19
	20
	21
	22
	23
	24
	25
	26
	27
	28
	29
	30
	31
	32
	33
	34
	35
	36
	37
	38
	39
	40
	41
	42
	43
	44
	45
	46
	47
	48
	49
	50
	51
	52
	53
	54
	55
	56
Phase Numbers: 57
	0
	0
	0
	0
	0
	0
	0
	0
	0
	0
	0
	0
	0
	0
	0
	0
	0
	0
	0
	0
	0
	0
	0
	0
	0
	0
	0
	0
	0
	0
	0
	0
	0
	0
	0
	0
	0
	0
	0
	0
	0
	0
	0
	0
	0
	0
	0
	0
	0
	0
	0
	0
	0
	0
	0
	0
	0
Volumes: 57
	0.015247275043725198
	0.022322907977837456
	0.008264669189410621
	0.025772753238651042
	0.01605239069178708
	0.022102981661644764
	0.019805448082452538
	0.024089402681315313
	0.01359003987976257
	0.017521732215238936
	0.020197712537667493
	0.025439271242103618
	0.008833859713515833
	0.015001148560983942
	0.025820979616438235
	0.019889889823655495
	0.019484482627970867
	0.017953323092645603
	0.020350239372973818
	0.02035502181558468
	0.025577717011806195
	0.01842123437444243
	0.016604529445377953
	0.01752789963342124
	0.023876739090663297
	0.020444890563750276
	0.011894837120370514
	0.02178347378817192
	0.01700029710722643
	0.025172930469263406
	0.016415378497195217
	0.009496209850176473
	0.011399600174370446
	0.015392738787548193
	0.017739090937380693
	0.015831409318553816
	0.019795129609936533
	0.01590892559968237
	0.015612573935538778
	0.014006880451003111
	0.010407712592945529
	0.017447511506520106
	0.011478346523362371
	0.020877422542830266
	0.016114168934682017
	0.01822842089593178
	0.015971622545803706
	0.014096805443868637
	0.014900430229460833
	0.021965565782201452
	0.010397641739437743
	0.01315770201152692
	0.018661934384558293
	0.017673473704567164
	0.012010113238678823
	0.020910361348224167
	0.017702751744155813
