Mesh Points: 116
	-1.052123e-01,  5.000000e-01
	-5.649369e-03,  5.000000e-01
	 3.311946e-01, -5.000000e-01
	 2.000406e-01, -5.000000e-01
	 2.817861e-01,  2.167952e-01
	 3.538080e-01,  3.373830e-01
	 8.104956e-02, -5.048728e-02
	-1.495425e-03,  1.653859e-02
	 5.000000e-01, -2.714038e-01
	 5.000000e-01, -4.656831e-01
	-2.190756e-01,  1.452939e-01
	-1.425396e-01,  7.038989e-02
	 5.000000e-01,  8.059684e-02
	 5.000000e-01, -1.221036e-01
	 3.794559e-01, -5.552615e-02
	 3.932022e-01,  4.537249e-02
	 1.910267e-01,  3.142214e-02
	 1.950249e-01,  6.195975e-02
	 2.949970e-01,  5.000000e-01
	 4.583373e-01,  5.000000e-01
	 3.168632e-01,  4.015718e-01
	 2.988657e-01,  4.098504e-01
	 3.127614e-02, -5.000000e-01
	-1.447465e-01, -5.000000e-01
	-2.515617e-01, -3.871279e-01
	-3.100293e-01, -2.382651e-01
	 1.972677e-01,  3.943757e-01
	 1.585627e-01,  3.516263e-01
	 3.125839e-02,  4.128086e-01
	 1.664253e-01,  5.000000e-01
	-5.000000e-01,  1.631175e-01
	-5.000000e-01,  2.121790e-01
	 4.085264e-01, -3.025785e-01
	 3.816807e-01, -3.575670e-01
	-2.418106e-02,  3.212395e-01
	 1.548732e-01,  2.889972e-01
	 5.000000e-01,  5.000000e-01
	 5.000000e-01,  3.809034e-01
	 3.973808e-01,  3.243164e-01
	-2.138183e-01, -1.671933e-01
	-2.149875e-01, -1.670873e-01
	-1.408365e-01,  4.369152e-02
	-2.705016e-01, -1.207208e-02
	-9.377897e-02, -9.004702e-02
	-8.737687e-02, -9.384030e-03
	 4.309062e-01, -1.093509e-01
	 3.685741e-01, -2.208382e-01
	 5.235451e-03, -1.644069e-01
	 7.952900e-02, -1.154819e-01
	-5.000000e-01,  3.955633e-01
	-3.922353e-01,  2.642358e-01
	-2.821150e-01, -4.033402e-02
	-3.428857e-01, -2.338807e-01
	-1.241188e-01, -2.700696e-01
	-6.467683e-03, -1.635912e-01
	 4.389418e-01,  8.486632e-02
	 5.000000e-01,  2.470993e-01
	 4.095263e-01,  1.752706e-01
	 4.430330e-01,  2.386922e-01
	-2.311636e-01,  5.000000e-01
	-1.281134e-01,  3.469655e-01
	 5.000000e-01, -5.000000e-01
	 3.644608e-01, -3.645891e-01
	 3.199474e-01, -4.315933e-01
	 1.162753e-01,  1.149128e-01
	 1.154845e-01,  2.525504e-01
	 2.752997e-01,  2.141772e-01
	 2.424186e-01,  9.196431e-02
	 1.974171e-01, -4.384683e-01
	 2.338890e-01, -2.991040e-01
	-1.321937e-01,  2.457858e-01
	-2.110555e-01,  2.188452e-01
	-2.540663e-01,  3.532582e-01
	-1.119117e-01,  3.223644e-01
	-2.064778e-01, -3.927736e-01
	-9.120730e-02, -2.714883e-01
	-3.318405e-02, -3.856049e-01
	-1.602166e-01, -4.336304e-01
	 1.427494e-01, -2.558740e-01
	 1.581027e-01, -1.540460e-01
	 2.317178e-01, -2.998034e-01
	 2.804822e-01, -1.975610e-01
	 2.576194e-01, -9.388048e-02
	 2.438323e-01, -1.264587e-01
	-6.627460e-02,  1.723788e-01
	 2.289962e-02,  2.513836e-01
	 1.740182e-01, -4.145729e-01
	 7.301952e-02, -2.901592e-01
	-5.000000e-01, -1.418159e-01
	-5.000000e-01, -1.037016e-02
	-3.748459e-01, -6.211408e-02
	-4.057721e-01, -1.361655e-01
	 1.302022e-01, -4.102537e-01
	 3.278577e-02, -4.919419e-01
	-5.000000e-01, -2.611752e-01
	-4.244309e-01, -2.899219e-01
	-5.000000e-01,  5.000000e-01
	-3.934547e-01,  5.000000e-01
	-3.908640e-01,  3.915121e-01
	-3.329212e-01, -5.000000e-01
	-3.324323e-01, -4.493619e-01
	-4.327936e-01, -1.243832e-04
	-3.308423e-01,  1.064459e-01
	-3.965777e-01,  9.583043e-02
	-3.375941e-01,  1.096786e-01
	 6.787844e-02, -3.025580e-01
	-2.275440e-02, -3.420144e-01
	-3.394063e-01,  2.264381e-01
	-2.558996e-01,  2.539563e-01
	-2.867489e-01,  3.912225e-01
	-3.799728e-01,  3.832913e-01
	-4.277931e-01, -4.011975e-01
	-5.000000e-01, -4.313755e-01
	-5.000000e-01, -5.000000e-01
	-3.592683e-02,  1.743136e-01
	 3.708613e-02,  9.695668e-02
Mesh Elements: 201
	21, 26, 5
	91, 40, 51
	60, 0, 59
	64, 6, 16
	45, 46, 13
	11, 42, 41
	15, 67, 14
	20, 5, 38
	8, 13, 46
	55, 12, 57
	9, 32, 33
	26, 35, 4
	106, 87, 75
	70, 84, 114
	9, 8, 32
	2, 61, 9
	67, 15, 57
	110, 109, 97
	51, 39, 43
	43, 7, 44
	33, 32, 62
	12, 14, 45
	66, 67, 4
	14, 12, 15
	12, 55, 15
	16, 82, 67
	48, 79, 6
	35, 26, 27
	16, 17, 64
	37, 36, 19
	18, 20, 19
	19, 20, 38
	85, 64, 65
	5, 20, 21
	20, 18, 21
	28, 29, 1
	23, 77, 99
	92, 68, 86
	77, 53, 74
	60, 72, 108
	100, 24, 111
	68, 92, 3
	25, 39, 40
	5, 26, 4
	18, 26, 21
	26, 29, 28
	34, 85, 28
	26, 28, 27
	0, 28, 1
	26, 18, 29
	103, 102, 104
	52, 95, 25
	31, 50, 49
	8, 46, 32
	33, 63, 9
	32, 46, 62
	33, 62, 63
	60, 28, 0
	11, 7, 84
	66, 35, 65
	65, 27, 28
	38, 56, 37
	38, 37, 19
	4, 38, 5
	11, 10, 42
	53, 25, 24
	51, 43, 42
	39, 51, 40
	41, 42, 43
	11, 41, 44
	42, 102, 101
	90, 91, 51
	25, 53, 39
	6, 7, 43
	11, 44, 7
	41, 43, 44
	12, 45, 13
	46, 45, 14
	6, 79, 82
	75, 87, 47
	43, 54, 6
	53, 43, 39
	78, 79, 48
	54, 48, 6
	96, 49, 97
	30, 50, 31
	28, 60, 34
	90, 42, 101
	89, 88, 91
	91, 25, 40
	94, 95, 91
	74, 53, 24
	53, 75, 43
	54, 43, 75
	54, 47, 48
	12, 56, 57
	15, 55, 57
	4, 57, 58
	58, 57, 56
	57, 4, 67
	56, 38, 58
	4, 58, 38
	72, 50, 107
	60, 108, 70
	80, 63, 69
	63, 2, 9
	46, 69, 62
	3, 2, 63
	4, 35, 66
	115, 6, 64
	27, 65, 35
	85, 70, 114
	65, 64, 66
	67, 64, 17
	64, 67, 66
	16, 67, 17
	3, 63, 68
	69, 63, 62
	82, 16, 6
	78, 48, 47
	84, 10, 11
	73, 60, 70
	50, 103, 107
	10, 70, 71
	60, 59, 72
	98, 110, 97
	70, 34, 73
	34, 60, 73
	77, 24, 99
	77, 23, 76
	80, 69, 78
	54, 75, 47
	76, 75, 53
	22, 93, 23
	53, 77, 76
	24, 77, 74
	105, 78, 87
	81, 79, 78
	78, 69, 81
	83, 82, 79
	80, 78, 92
	63, 80, 68
	69, 46, 81
	14, 81, 46
	81, 14, 82
	67, 82, 14
	79, 81, 83
	81, 82, 83
	84, 70, 10
	85, 115, 64
	28, 85, 65
	70, 85, 34
	92, 93, 3
	80, 86, 68
	47, 87, 78
	105, 87, 106
	94, 111, 95
	102, 42, 10
	101, 91, 90
	42, 90, 51
	94, 91, 88
	25, 91, 52
	86, 80, 92
	76, 93, 92
	23, 93, 76
	3, 93, 22
	25, 95, 24
	91, 95, 52
	49, 50, 98
	49, 98, 97
	109, 110, 72
	111, 99, 100
	111, 113, 99
	99, 24, 100
	95, 111, 24
	89, 101, 103
	91, 101, 89
	71, 108, 10
	103, 50, 30
	89, 103, 30
	101, 102, 103
	102, 10, 107
	103, 104, 107
	76, 92, 105
	78, 105, 92
	75, 76, 106
	76, 105, 106
	107, 104, 102
	72, 107, 108
	10, 108, 107
	70, 108, 71
	72, 59, 109
	97, 109, 59
	98, 50, 110
	72, 110, 50
	111, 112, 113
	111, 94, 112
	115, 84, 7
	85, 114, 115
	84, 115, 114
	6, 115, 7
Element Attributes: 201
	3
	24
	27
	6
	21
	9
	11
	19
	21
	26
	8
	3
	46
	37
	8
	28
	49
	48
	20
	5
	17
	10
	49
	10
	10
	11
	43
	3
	6
	19
	12
	19
	56
	3
	12
	15
	44
	40
	34
	33
	14
	40
	7
	3
	32
	15
	18
	15
	1
	32
	45
	14
	23
	21
	28
	17
	28
	1
	55
	29
	18
	31
	19
	0
	9
	7
	20
	20
	20
	55
	45
	24
	7
	5
	55
	20
	10
	36
	43
	46
	5
	25
	22
	5
	42
	16
	1
	45
	39
	24
	41
	7
	25
	25
	5
	26
	49
	0
	26
	49
	31
	0
	52
	33
	30
	28
	17
	2
	3
	6
	18
	37
	29
	29
	29
	11
	2
	30
	43
	22
	4
	33
	16
	4
	27
	48
	37
	1
	44
	13
	35
	46
	34
	13
	34
	44
	38
	35
	35
	43
	38
	30
	17
	36
	36
	11
	35
	36
	4
	56
	18
	37
	40
	30
	22
	46
	50
	9
	39
	45
	41
	24
	38
	53
	13
	40
	14
	41
	23
	42
	52
	51
	51
	44
	14
	54
	39
	47
	16
	54
	45
	47
	16
	53
	38
	34
	53
	47
	52
	47
	33
	27
	48
	23
	52
	51
	50
	55
	56
	55
	6
Facets: 172
	21, 26
	40, 51
	60, 0
	0, 59
	6, 16
	45, 46
	13, 45
	42, 41
	41, 11
	15, 67
	14, 15
	20, 5
	5, 38
	8, 13
	55, 12
	57, 55
	32, 33
	33, 9
	75, 106
	70, 84
	84, 114
	9, 8
	8, 32
	2, 61
	61, 9
	110, 109
	39, 43
	7, 44
	44, 43
	62, 33
	14, 45
	66, 67
	4, 66
	55, 15
	16, 82
	48, 79
	6, 48
	26, 27
	27, 35
	16, 17
	17, 64
	37, 36
	36, 19
	20, 19
	19, 18
	64, 65
	65, 85
	20, 21
	18, 21
	29, 1
	1, 28
	23, 77
	99, 23
	68, 86
	86, 92
	53, 74
	74, 77
	60, 72
	72, 108
	100, 24
	111, 100
	3, 68
	39, 40
	40, 25
	4, 5
	26, 29
	34, 85
	28, 34
	28, 27
	1, 0
	18, 29
	102, 104
	104, 103
	52, 95
	25, 52
	31, 50
	49, 31
	46, 32
	62, 63
	84, 11
	66, 35
	35, 65
	56, 37
	37, 38
	11, 10
	25, 24
	42, 51
	41, 44
	42, 102
	90, 91
	51, 90
	53, 39
	6, 7
	13, 12
	87, 47
	43, 54
	78, 79
	96, 49
	97, 96
	31, 30
	101, 90
	89, 88
	88, 91
	94, 95
	24, 74
	53, 75
	75, 54
	54, 47
	47, 48
	12, 56
	4, 57
	57, 58
	56, 58
	38, 58
	50, 107
	69, 80
	63, 2
	69, 62
	3, 2
	64, 115
	114, 85
	17, 67
	63, 68
	73, 60
	70, 73
	70, 71
	71, 10
	98, 110
	97, 98
	34, 73
	76, 77
	78, 80
	22, 93
	23, 22
	78, 87
	87, 105
	69, 81
	83, 82
	79, 83
	46, 81
	14, 82
	81, 83
	92, 93
	80, 86
	106, 105
	111, 95
	10, 102
	88, 94
	91, 52
	76, 93
	22, 3
	98, 49
	72, 109
	99, 100
	113, 99
	89, 101
	101, 103
	71, 108
	30, 103
	30, 89
	104, 107
	92, 105
	76, 106
	107, 108
	59, 109
	59, 97
	50, 110
	111, 112
	112, 113
	94, 112
	7, 115
	114, 115
Facet Attributes: 172
	66
	37
	46
	45
	104
	77
	31
	27
	165
	137
	7
	21
	25
	30
	42
	133
	17
	50
	121
	81
	161
	4
	29
	48
	47
	148
	39
	163
	28
	49
	80
	136
	134
	132
	103
	107
	105
	13
	20
	8
	52
	24
	23
	22
	9
	167
	170
	10
	63
	15
	14
	108
	109
	93
	92
	70
	112
	68
	147
	111
	144
	90
	26
	36
	2
	65
	84
	18
	19
	0
	64
	123
	117
	98
	38
	35
	34
	32
	56
	162
	54
	53
	62
	61
	5
	12
	114
	166
	115
	89
	116
	40
	3
	6
	122
	41
	73
	100
	99
	16
	113
	88
	96
	139
	110
	71
	120
	119
	33
	43
	135
	44
	59
	60
	151
	74
	51
	58
	1
	168
	169
	55
	57
	69
	82
	67
	127
	131
	130
	83
	72
	86
	94
	11
	87
	118
	75
	102
	106
	76
	78
	79
	156
	85
	152
	138
	124
	95
	97
	155
	91
	101
	150
	143
	145
	160
	158
	126
	157
	159
	125
	154
	153
	146
	128
	129
	149
	141
	142
	140
	164
	171
