1.084724478920300744e-01
8.026208831204308114e-02
7.736967566940519681e-02
7.063706192705365705e-02
6.946391923560037152e-02
6.748789601855807729e-02
5.188451797597937870e-02
3.881264814072184904e-02
3.652962687942716558e-02
3.565052673220634599e-02
3.460527194870843121e-02
3.379720613360404774e-02
3.283508493668503558e-02
3.204396148522695165e-02
3.167293142113420529e-02
3.113153855833742517e-02
2.633087517486678089e-02
2.170202758577135030e-02
2.058340866532590643e-02
1.944990620017051849e-02
1.844233432577715992e-02
1.747735777662860063e-02
1.777677189144823144e-02
1.622697713474432687e-02
1.645973591340912576e-02
1.575418014493253430e-02
1.553559131920337691e-02
1.521683534400330648e-02
1.448952511780791756e-02
1.520458068698644569e-02
1.415057248125473587e-02
1.373933759828408624e-02
1.528489060699939756e-02
1.419788298507531493e-02
1.296608171529240079e-02
1.292084902111026966e-02
1.380905978381633675e-02
1.290796900788943047e-02
1.142990213715367777e-02
1.095103260543611387e-02
1.080654279225402338e-02
1.063341483059856638e-02
9.910582469569311631e-03
9.284933652314874414e-03
9.797546263370248212e-03
1.018609447611702745e-02
9.533036227027575499e-03
8.831975093732277737e-03
8.964668913847870929e-03
1.066349249747064465e-02
9.801126263207860304e-03
9.881509488655461707e-03
9.223290284474690640e-03
8.529947056538528596e-03
7.219730191346671738e-03
7.235999858627716573e-03
6.708800956192943407e-03
6.924239525364504939e-03
6.980352728731102803e-03
7.483579309450255103e-03
6.796393858061896241e-03
6.589543223381042619e-03
7.379685414748059225e-03
6.503146116932233441e-03
5.897943965262836784e-03
6.351929269731044873e-03
6.418884595235188964e-03
7.216668948531151061e-03
6.790727857086393919e-03
6.671290803286764222e-03
5.482289093650049953e-03
6.812225795454448715e-03
6.535244103935029802e-03
5.735684765709771205e-03
6.154527933233314325e-03
5.686295661661360315e-03
5.622814823355939268e-03
4.961957674887444887e-03
4.885012530204322495e-03
4.250260783980290037e-03
4.706480573448869852e-03
6.777589604672458468e-03
6.612335124777423204e-03
5.388149107909865135e-03
5.513935830030176725e-03
5.700796542482243316e-03
5.041717750330765649e-03
4.207847793069150952e-03
5.094301944805515805e-03
5.251295314066939564e-03
4.395828540954324799e-03
4.516861376663049328e-03
4.395931967430644766e-03
4.207301949047379842e-03
3.926211216797431333e-03
3.696014215755793943e-03
3.987664572066730931e-03
4.629005305469035755e-03
4.423742039750019721e-03
3.942378394098745679e-03
4.561965384831031048e-03
3.813417163780993911e-03
4.315968309011724083e-03
3.955682524376445339e-03
4.476821906864643028e-03
4.600305714541011275e-03
4.262192224462827382e-03
4.273516647517680740e-03
4.020061612957053290e-03
4.154173877711097099e-03
4.003926295166214053e-03
3.525663926783535393e-03
3.935629292908642170e-03
4.049593866285350514e-03
3.517643446102738502e-03
3.319304428166813120e-03
3.518039610029922559e-03
3.641993181986941195e-03
4.365004907465643014e-03
3.552622844775517839e-03
3.416054228113757450e-03
3.310817210003733774e-03
3.530030254688528053e-03
3.609492199288474347e-03
3.417708689553869937e-03
3.334441757243540496e-03
3.482169046377142380e-03
3.340643504634499463e-03
3.526343483891752114e-03
3.755490088628398240e-03
3.806837345990869616e-03
3.430807637050747785e-03
3.577399569460087362e-03
3.447350607150130586e-03
4.269599150866269788e-03
3.506548845519622155e-03
3.218376943841576732e-03
3.423592468930615300e-03
3.299230321620901570e-03
3.423399751385052849e-03
3.020164481260710198e-03
3.439210402882761277e-03
3.305106819089916048e-03
3.812934475847416620e-03
3.146429246084557745e-03
3.093910906463861500e-03
3.688648341016636904e-03
3.884613220062520592e-03
4.757063111497296382e-03
5.565649094060063327e-03
4.398764266322056742e-03
3.684113573075996524e-03
3.171101410148872285e-03
3.059322103444072922e-03
3.485490071276823795e-03
3.273006653827097677e-03
3.220535117304987403e-03
3.216418462495009272e-03
2.962552848168545187e-03
3.246725967360867410e-03
3.131143326560656415e-03
2.828110725515418575e-03
3.044887524512079197e-03
2.700563857538832487e-03
2.842194484546780447e-03
3.707623473472065542e-03
3.528391640219423562e-03
3.419904485344886762e-03
3.140280213620927439e-03
3.072907281004720083e-03
3.329390310164955132e-03
3.624127380963828617e-03
3.300427664071321678e-03
2.881692736927005897e-03
2.550970071719752593e-03
2.537991474899980743e-03
2.952565968864493719e-03
2.588173517336448022e-03
2.827036925074126895e-03
3.079570798824230946e-03
3.225029510342412344e-03
2.846958803840809581e-03
2.895990949538019155e-03
3.225330008814732141e-03
3.037381902750995507e-03
2.995841375862558480e-03
3.062796900048851863e-03
3.169893229173289303e-03
3.664264167762464920e-03
3.585815555933449025e-03
3.455125019989079699e-03
2.861319433690773153e-03
2.815584312710497136e-03
3.094948833394381860e-03
2.790235339974363616e-03
2.943768199119302896e-03
2.515824857271380024e-03
3.109575292716423855e-03
2.930151633918285248e-03
2.952733255094952027e-03
2.757957379023233922e-03
2.534537965224848734e-03
2.625626294563213926e-03
3.238932500696844585e-03
3.030170996983846173e-03
3.534575454476806752e-03
3.734031369288762399e-03
3.436102389047543219e-03
3.411731877260737889e-03
3.346659202749530364e-03
2.608037381950352104e-03
2.631212609509627192e-03
2.698866970216234461e-03
2.718989446552263264e-03
2.701966740811864633e-03
2.726329656110869620e-03
2.779894678129090409e-03
2.743405859089559883e-03
2.621628391659921922e-03
2.449961226019594599e-03
2.887916073410047493e-03
2.903256666743092920e-03
2.828190685767266281e-03
2.611013734713196668e-03
3.642176166176795855e-03
3.596087681750456417e-03
3.493074340124924845e-03
3.218423353715075229e-03
2.968007305430041438e-03
2.707062525053819096e-03
2.619374505140715115e-03
2.594137678129805613e-03
2.757572392001748137e-03
2.824657920541034841e-03
2.679594553386171508e-03
2.855120281585388740e-03
2.992436460529764291e-03
2.534164684410724483e-03
2.355623691239290898e-03
2.407100068198309972e-03
2.355669017674194479e-03
2.616623737331893670e-03
3.718335669901636029e-03
2.915077283978462133e-03
2.651602437512742046e-03
2.374832652923133426e-03
2.893117729367481513e-03
3.325865733333759934e-03
2.855332866311073147e-03
2.642748525573147822e-03
3.441097438335418909e-03
3.096844820926586764e-03
2.851097103622224436e-03
2.477549438675244464e-03
2.662191987037658587e-03
3.373950786060756976e-03
5.602109755078951703e-03
3.353658109489414309e-03
2.791029978543520078e-03
3.298291183180279175e-03
2.884953906759619643e-03
2.522450972141490871e-03
2.368806964821285575e-03
2.208508021301693568e-03
2.372507405363851254e-03
2.376419840794470779e-03
2.250388012164168845e-03
2.349989856075909191e-03
2.757039167400863328e-03
2.417348896463712010e-03
2.584804572785894244e-03
2.273116152112682632e-03
2.323754446374045289e-03
2.417501987268527198e-03
2.270701231641901810e-03
2.072467939514253000e-03
3.055663107273479291e-03
2.483127393449346357e-03
2.261379394266340489e-03
2.632100176480081481e-03
2.384959024170206499e-03
2.256138957002096906e-03
2.692821857829888477e-03
2.528153505797187551e-03
2.287913936500747970e-03
2.373421553315387990e-03
2.126201174946294736e-03
2.417129654851224527e-03
2.779926398975981431e-03
2.699981238692998695e-03
3.452305001103215740e-03
2.821063049551513456e-03
2.398818467433254040e-03
2.430274053994152094e-03
3.279079874563548165e-03
3.611460663378238557e-03
2.826764753295315721e-03
3.111265292391180923e-03
3.601726854426993106e-03
3.132359449648194905e-03
2.448483586518300937e-03
2.207914762612846193e-03
2.305138487782743429e-03
2.270170113899641628e-03
2.075380317659841507e-03
1.989097564170757854e-03
2.146533268193404065e-03
1.932440140388078228e-03
2.157689076330926783e-03
2.574539969985683609e-03
2.481578309088945319e-03
2.323248204257753052e-03
2.291426560324099238e-03
2.565542840295367659e-03
2.745584782419933229e-03
2.780462418579392973e-03
2.450437078045474351e-03
2.184403344160980656e-03
2.311089883248011300e-03
2.631062715210848429e-03
2.818153725109166612e-03
2.546093618083331185e-03
2.604125190733207543e-03
2.660236126846737392e-03
3.052257046931319568e-03
2.587901599084337350e-03
2.203944170226653301e-03
1.973699640172223158e-03
2.156616977105538062e-03
2.436372714324129812e-03
2.320249204834302220e-03
2.243483904749155045e-03
2.858065236359834827e-03
2.411833296840389454e-03
2.489826800301670959e-03
2.796878587040636192e-03
2.364921170390314568e-03
2.701487328546742575e-03
2.351905753215153931e-03
2.930569145828485628e-03
2.762912177584237426e-03
2.970068595475620823e-03
2.551900524025161980e-03
2.607996291998359965e-03
2.589672677632835155e-03
2.333298396940032635e-03
2.398439849623375600e-03
2.320435453827182463e-03
2.195244348711437605e-03
2.143619851105742994e-03
2.098784442577097172e-03
2.138880679590834683e-03
1.936243604868650428e-03
1.813744082012110374e-03
2.072873958903882329e-03
2.314702807408240172e-03
1.968084832446442660e-03
2.092950616238845648e-03
1.981042395863268080e-03
2.323736013948089502e-03
2.244745752670698584e-03
2.050878631158007705e-03
2.602971795325477716e-03
2.552108336240053142e-03
2.523324597213003409e-03
2.527551060128543046e-03
2.596395171971784509e-03
2.852683884816037234e-03
2.456463215251763772e-03
2.492542689045270429e-03
2.598045431077480351e-03
2.538254680112004245e-03
2.159580973287423666e-03
1.964145254136787609e-03
2.175430308820472999e-03
1.899217232647869421e-03
2.022309454364908891e-03
2.130917805350488956e-03
2.175804974718226203e-03
2.227254143605629684e-03
2.172228674300842599e-03
2.308613244030210693e-03
2.304018230901824262e-03
2.373609474549690825e-03
2.528599682781431518e-03
2.341682744315929082e-03
2.324995637560884135e-03
2.095194506562418624e-03
2.088605854660272564e-03
2.357227772267328578e-03
2.341638096711701634e-03
2.237260062247514898e-03
2.038381281826231323e-03
2.157218078565266515e-03
2.296948240449031391e-03
2.427109468003941801e-03
2.416974219183127062e-03
2.371269941536916642e-03
2.158920251143475310e-03
2.116121979844239054e-03
2.136694108032518007e-03
2.132346852579050569e-03
2.171340373655160100e-03
2.249847739521000124e-03
2.106555475232501761e-03
2.296457559698157624e-03
2.567005645897653312e-03
2.391334554283983029e-03
1.978590817501147629e-03
1.811314558920760868e-03
1.838001753203570825e-03
1.807980588119890942e-03
2.060895723601182099e-03
2.680483396268553125e-03
2.323800872804389957e-03
2.130006609691514115e-03
2.068058885633945309e-03
1.878649965963429935e-03
2.173303010770016083e-03
2.304004448362522578e-03
2.430979165559013760e-03
2.233454585075378505e-03
2.503700440542565298e-03
2.759794095117184837e-03
3.051266044688721434e-03
2.683295393362641543e-03
2.178674377501010721e-03
2.793832493221594208e-03
2.355271648201677590e-03
2.058520628553297833e-03
1.847845474258065198e-03
2.456360321698917385e-03
2.975229952070448328e-03
2.402766354175077477e-03
2.245895988825294572e-03
1.828070037687818143e-03
1.858597159799602397e-03
1.971356994472444127e-03
1.893953015613887006e-03
2.538848392044504299e-03
2.444528565845555806e-03
2.646085233944985623e-03
2.458777370759182568e-03
2.709384432269467194e-03
2.357571128652327652e-03
2.209365572780370903e-03
2.089440020629101426e-03
1.931453920486900537e-03
1.928671000318394691e-03
2.245405914468897538e-03
2.032170012696749711e-03
2.201042386392752272e-03
2.321891449391841854e-03
2.757796876960330601e-03
2.368990740635328746e-03
2.016003975748188130e-03
2.029084486679898214e-03
1.853913885230819422e-03
2.085038877816663971e-03
2.300539579656389177e-03
2.231838274747133342e-03
1.862425147038366960e-03
2.052004115862979001e-03
1.903825836877028228e-03
1.860473141488101691e-03
1.912754195638828722e-03
2.500468322800265299e-03
2.007370418351557464e-03
1.940072475829058164e-03
2.081041206709212735e-03
2.399001177400350484e-03
2.077141109233101093e-03
2.101209407879246586e-03
2.044868181563085779e-03
2.538056134556730681e-03
2.721525189570254705e-03
2.475662265593806931e-03
2.026165137067437172e-03
1.852092085820105424e-03
2.339590180458294040e-03
2.056712582707404934e-03
2.150698771907223403e-03
2.304891028131047723e-03
2.519862075439757623e-03
1.911411846263541027e-03
1.760803441930976210e-03
1.966014232279525778e-03
2.150414129719138007e-03
2.185009991129239354e-03
2.196493093959159346e-03
2.042064007578624479e-03
2.121418126755290640e-03
2.214221659426887819e-03
2.190640542863143969e-03
1.891166637134220931e-03
1.767893317155540094e-03
1.590269560822182154e-03
2.016227073553535868e-03
1.967235872935917465e-03
1.857673715696566688e-03
2.082983402328358619e-03
2.001781277875933421e-03
2.163068198391960607e-03
2.130682673305273143e-03
2.591330516669485169e-03
2.397007568635874108e-03
2.262155057655440386e-03
2.408255286411278579e-03
1.975890151225030440e-03
1.883418532088398933e-03
1.857824671185678974e-03
1.724022192777031068e-03
1.857919108846949226e-03
1.811850621468491084e-03
2.195527531827489668e-03
2.086838538654976240e-03
1.852910066437390025e-03
1.852111558740337669e-03
1.783689405355188629e-03
1.747835202453037074e-03
1.664692938534749868e-03
1.658465543554888842e-03
2.253677984699606947e-03
2.291025339315334863e-03
1.993997558020055468e-03
1.851028843472401304e-03
1.977373428332309009e-03
1.832180684432387378e-03
1.884269159701135394e-03
2.299822936248448104e-03
2.233943320396873482e-03
2.133143394150667504e-03
1.901588102595673773e-03
1.963544798911445472e-03
1.827341483698950806e-03
1.876730982007251839e-03
2.104618995346956706e-03
2.065576423580448018e-03
2.127991796781619500e-03
1.867954759962028866e-03
2.004214324471023222e-03
2.209732295531365714e-03
2.064397756217254548e-03
2.093463328977425864e-03
1.922090192221933029e-03
1.915513782037629080e-03
1.816885729527307775e-03
1.878263673020733786e-03
2.129348462137083033e-03
1.786033912665314222e-03
1.890684918810923943e-03
1.833552195587091890e-03
2.101864998953209811e-03
2.168234351298047296e-03
2.154776129043764563e-03
2.117908338291777347e-03
1.713082650676369658e-03
2.738589388835761373e-03
2.627372914511296332e-03
2.330039954847759782e-03
2.077303561899397199e-03
1.795066586799091849e-03
1.780877167152033905e-03
1.718889730982482364e-03
1.628377028844422807e-03
1.898278877553012667e-03
1.925173833345373469e-03
1.740954757357637177e-03
1.989072213570277064e-03
2.501528273957471116e-03
1.887723206438952092e-03
2.238821706010235731e-03
1.863430716718236530e-03
1.832431916975312772e-03
1.723326570354402013e-03
1.791717325233750917e-03
2.022020649164915206e-03
2.137274022938476844e-03
1.709725014451477171e-03
1.729952422901988047e-03
1.810619104136195400e-03
1.919374543552597413e-03
1.817476336016423180e-03
1.756259559446738750e-03
1.836216740517152696e-03
1.967217702832486925e-03
2.022330666788750217e-03
1.837545486374033820e-03
1.909278988217314116e-03
1.746213584103518089e-03
2.412759847939014574e-03
2.277328102952904353e-03
2.071848350784017117e-03
2.043643414767252163e-03
2.374544169546829401e-03
2.127253217622637749e-03
1.997354956757691098e-03
1.686048925750785379e-03
1.563828530617886181e-03
1.559750354952282349e-03
1.637840421042508583e-03
2.242548102512955614e-03
2.122037272072500608e-03
1.997189760829011680e-03
2.275135744776990692e-03
2.133783540274534086e-03
1.931459464960628113e-03
2.566502882788578802e-03
2.098408841217557375e-03
1.902111556587947772e-03
1.979671529390745772e-03
2.744464686968260334e-03
3.408557790228062233e-03
2.471413736542066048e-03
1.859598090458247296e-03
1.707928922648231087e-03
1.859909767905871137e-03
1.682943077757954702e-03
1.745265142785178396e-03
2.111925767320725796e-03
1.905391157294313194e-03
1.785301334328121600e-03
1.759703518926269408e-03
1.758607528689834889e-03
1.741135470155212714e-03
2.010696280954612624e-03
1.719451357300082845e-03
1.679605039664440599e-03
1.634349862320555674e-03
1.692086649127304623e-03
1.977177470818989799e-03
1.804382931441068580e-03
1.735115313592056367e-03
1.624799940942062235e-03
1.790760375766290661e-03
2.484988398436042880e-03
1.922938097268343024e-03
1.657253471720549799e-03
1.579476111154589453e-03
1.494520493886536969e-03
1.746224696334037520e-03
1.829794460597137509e-03
1.670882645994424889e-03
1.558175975870755049e-03
1.597678626163138212e-03
1.821163387762175659e-03
1.873501849671204778e-03
1.795917925321393466e-03
1.573148670916756087e-03
1.799841451769073697e-03
1.749750894183913765e-03
1.547983514351977197e-03
1.918128781641523055e-03
3.338871852805217269e-03
2.298830028416382065e-03
1.846049880712396672e-03
1.680469789231817026e-03
2.144935595699482521e-03
1.782250054594543276e-03
1.633887963576449200e-03
1.691225696769025483e-03
1.773853840099440683e-03
1.971838800236582791e-03
1.955708397759331561e-03
1.869156259215540381e-03
2.592846256577306489e-03
2.411846219458513903e-03
2.170562324010663364e-03
2.013713266286585105e-03
1.969284339187046037e-03
1.758045771987074056e-03
1.806669298352466761e-03
1.618139382658733251e-03
1.613944556253651833e-03
1.544325123541057197e-03
1.611629400609268037e-03
1.737255992160903180e-03
2.054052942742903929e-03
2.199768681700031009e-03
2.741012627051936119e-03
2.007639842728773782e-03
2.541042813617322253e-03
2.208419359392590001e-03
1.862917425524857279e-03
2.043953524488541836e-03
1.733301307799087676e-03
1.674618107370204421e-03
1.804732202241818208e-03
1.570653955762584941e-03
1.526476404526167473e-03
1.559713157928652259e-03
1.508875610306859103e-03
1.804178274340099714e-03
1.710404081063138194e-03
1.789460556271175486e-03
1.622041827067732724e-03
1.702000244210163764e-03
2.159246487749947284e-03
2.052284488454461046e-03
2.134693803058730199e-03
1.816050128804312744e-03
1.741592491873436436e-03
1.642462534623013526e-03
1.612364893986119102e-03
1.621615232175423063e-03
1.649579714155859425e-03
1.763203472105993267e-03
1.796334190294146451e-03
1.873375426770912270e-03
1.797317651410897544e-03
1.991005372256040781e-03
1.883845828577048213e-03
1.581743760551843330e-03
1.523418587942918217e-03
1.419305487846334772e-03
1.538065351131889542e-03
1.432928918446931552e-03
1.533986385911703188e-03
2.005283738382988498e-03
2.075605923309922340e-03
2.160146924563580151e-03
2.102324782560269223e-03
2.082532294508483792e-03
1.905907326274447868e-03
1.726056443941262125e-03
1.685903116853700642e-03
1.897912273804346680e-03
1.994118485599756171e-03
2.031490415748622540e-03
1.864360303928454688e-03
1.717580604470438348e-03
1.830291885675655377e-03
1.802550801593396463e-03
1.807468905010157102e-03
1.827979534347024286e-03
1.555175295927458323e-03
1.682388808371292153e-03
1.522543367722796123e-03
1.607670958878265480e-03
1.500673661422398299e-03
1.520033080855177432e-03
1.594703088824947664e-03
1.736014636440409622e-03
1.747726169414818339e-03
1.875942891670597835e-03
1.768306443053815078e-03
1.641590603006382737e-03
1.623170831137233207e-03
1.513619545019335121e-03
1.595353349629375674e-03
1.675241439499788832e-03
1.541877764070199563e-03
1.633286995606289971e-03
1.910431222058832671e-03
1.956930482346150822e-03
1.796897186173333034e-03
2.317043460077709838e-03
1.888464427449636955e-03
1.649696634461482458e-03
1.713851031122936219e-03
1.804399486217233943e-03
1.827629259787499991e-03
1.903149045796857872e-03
1.896681465829412041e-03
1.797143029980361470e-03
1.646396560180518349e-03
1.753386850986215746e-03
1.574481198460691428e-03
1.568966879405909185e-03
1.603070192763374983e-03
1.545343355068730081e-03
1.655060036314858320e-03
1.431200612957278994e-03
1.588578655694921748e-03
1.696531379905839680e-03
1.567737859052916296e-03
1.583547292587657697e-03
1.519014267250895413e-03
1.504362364196115080e-03
1.895600461090604389e-03
1.759762086181176997e-03
1.759377518254849745e-03
1.755092641235225705e-03
1.807758999574515628e-03
1.825049241176909852e-03
1.889605081329743001e-03
1.927813077345490482e-03
1.819284542774160691e-03
1.674912950644890470e-03
1.547501830177174572e-03
2.258809451531204864e-03
1.953086007593406517e-03
1.706746419270833417e-03
1.739888399218519552e-03
1.620752672768301398e-03
1.814404964550501683e-03
1.497870130050513431e-03
1.680608509211904515e-03
1.591876757124231897e-03
1.636973423883318970e-03
1.537030241452157523e-03
1.365098770086963951e-03
1.396530354395508810e-03
1.422971338551077668e-03
1.491572742039958595e-03
1.816824621831377275e-03
1.762462434255414627e-03
1.517753906858464131e-03
1.581954393121931274e-03
1.594986745363308244e-03
2.402958958927127985e-03
2.089672787632379340e-03
1.728180606539050706e-03
1.555053532227045890e-03
1.866732867331140572e-03
1.842547139773766281e-03
1.695335488766431913e-03
1.435539350948399897e-03
1.306811410209370982e-03
1.559764303060041631e-03
1.590950623568561416e-03
1.519725998449656702e-03
1.492062998521659183e-03
1.529064300573534495e-03
1.684186697627107401e-03
1.641844194899830592e-03
1.686167388947473538e-03
1.882062012122736943e-03
1.892759986221790366e-03
1.883221316254801237e-03
1.729539287173085648e-03
1.511557948672109146e-03
1.482344192142287997e-03
1.434938041493296615e-03
1.528630955144762984e-03
1.454010251392093061e-03
1.552338193481167181e-03
1.319774172475768380e-03
1.537732406415873165e-03
1.609098361805081333e-03
1.513982890173792839e-03
1.433847928937110640e-03
1.813687547627422601e-03
2.013079801367388764e-03
1.918691706636713699e-03
1.722104638401004929e-03
1.660772345235778146e-03
1.471314258976943014e-03
1.628698976710438694e-03
1.510606135966049242e-03
1.428859311466415798e-03
1.604848021848334205e-03
1.692946890576018174e-03
1.806756984442472493e-03
1.684751041854421361e-03
1.745502806992994468e-03
1.760679175042443884e-03
1.874452578938669550e-03
1.669722856539818893e-03
1.437651075215803280e-03
1.649101370324691090e-03
1.899836865357226864e-03
1.668029812475045484e-03
1.549185783498817056e-03
1.453246017917990711e-03
1.585780106898811159e-03
2.020350303500890836e-03
1.771462856688433207e-03
1.602050734476910760e-03
1.583639656503995231e-03
1.474013215758734376e-03
1.887007945010231533e-03
1.618881750748389203e-03
1.886858454801970111e-03
1.855097429619894994e-03
1.855367528688576552e-03
1.587900596981247367e-03
1.581945773214101869e-03
1.867815377708110548e-03
1.799071483417517565e-03
1.575335821964674466e-03
1.641271010869079210e-03
1.541439045427573946e-03
1.593150233642922492e-03
1.519653862859639791e-03
1.552588766854670404e-03
1.407036974819170011e-03
1.484226279167665278e-03
1.439445886967910711e-03
1.523331557917925998e-03
2.296086594255434057e-03
1.636251700628134961e-03
1.466353245389958237e-03
1.408895113401942853e-03
1.478120854848788846e-03
1.834309294612871321e-03
1.657463057587544187e-03
2.473178055758277691e-03
2.104396515836318236e-03
1.850822396162483474e-03
1.698313929761449594e-03
1.455670736937059390e-03
1.503857551142573357e-03
1.784614731247226305e-03
1.581765178384052489e-03
1.881131930276751544e-03
1.662137733979357707e-03
1.505671801666418671e-03
1.433882442716923056e-03
1.487975891472564710e-03
1.496531121018860027e-03
1.504425881430506698e-03
1.389531044082509183e-03
1.370102591398689564e-03
1.554424011458953141e-03
1.716821427043113430e-03
1.779492857555548414e-03
1.514464261838131560e-03
1.461815931834280517e-03
1.362222720248003772e-03
1.455750206692351181e-03
1.627220888104703679e-03
1.452735769045021812e-03
1.464518789822856579e-03
1.455626260075304186e-03
1.414996063750651204e-03
1.391711631375882469e-03
1.447988700949483449e-03
1.441744129276937908e-03
1.335059683769941261e-03
1.487454624536136815e-03
1.439371345978644225e-03
1.612695008516311715e-03
1.519481722886363659e-03
1.451064980485372970e-03
1.446760230594211103e-03
1.686353419079548869e-03
1.520306786729229854e-03
1.467356240480310317e-03
1.407764691652523166e-03
1.370640340157681112e-03
1.361237843003538020e-03
1.492374163741866724e-03
1.485941772245698549e-03
1.519195728728340786e-03
1.504164880865977924e-03
1.950305504724383432e-03
1.692663313200076401e-03
1.995294980911744946e-03
1.927433817957838278e-03
1.880147306041585068e-03
1.935984058719542218e-03
1.837125364691019136e-03
1.545993272318608265e-03
1.483487260217467929e-03
1.787275917207201310e-03
1.719008575504024812e-03
1.964769042097031914e-03
1.573798412250148031e-03
1.611750791263249268e-03
1.495399972837832330e-03
1.328517724242475216e-03
1.280052788659102490e-03
1.280394738747013886e-03
1.243991281630264312e-03
1.268019162946277135e-03
1.402764613222744639e-03
1.732432060978478889e-03
1.461681342787212725e-03
1.457726910399893827e-03
1.531863689112166480e-03
1.506637917417618993e-03
1.695069596171379193e-03
1.448396488817201792e-03
1.458332056904004630e-03
1.516205177952845888e-03
1.547443268613682855e-03
1.412024091825716957e-03
1.489825367720590699e-03
1.521730083558294616e-03
1.550791027645270119e-03
1.650406456966366968e-03
1.744773963776727506e-03
1.643407191667291788e-03
1.427390501937932359e-03
1.523146183333463173e-03
1.434977299326823785e-03
1.498902678593165257e-03
1.558435877992047280e-03
1.514869489086170936e-03
1.704110466978616149e-03
1.984384002991848583e-03
1.837057928658193976e-03
1.853318992070853702e-03
1.746718599978420430e-03
1.620469540357589652e-03
1.538670857747395909e-03
1.636667763814329997e-03
1.622318254990710168e-03
1.538840623365508170e-03
