1.063674301902453045e-01
7.868850621912214238e-02
7.735902617375055301e-02
6.695201334026124051e-02
6.209915492269727638e-02
5.142507786552111271e-02
4.853445720341470482e-02
4.776559609505865583e-02
4.083680310183101375e-02
3.714009272555510166e-02
3.077747263014316698e-02
2.826735052797529554e-02
2.601311968432532332e-02
2.390771345131927073e-02
2.270686200095547655e-02
2.187128374146090487e-02
2.151760036746660706e-02
1.988834424151314506e-02
1.945086858338779950e-02
1.824914112687110734e-02
1.715078867971897222e-02
1.586408293081654347e-02
1.594757607413662889e-02
1.590607922110292768e-02
1.517466411822371991e-02
1.393280572361416288e-02
1.306563417944643299e-02
1.314277956469191502e-02
1.390738246341546337e-02
1.346478460563553699e-02
1.168651346945100318e-02
1.095955397519800430e-02
1.047891495542393851e-02
1.000622306019067695e-02
1.035094023992617907e-02
1.139314021087355078e-02
1.068401743140485506e-02
9.112969823181629042e-03
8.554131736358007096e-03
9.011463100711504179e-03
8.994273191524876365e-03
8.166790997816456357e-03
7.937664161953661077e-03
8.505385385619269878e-03
1.033657814065615417e-02
9.096488760163386894e-03
7.270933718731006391e-03
6.352030643158488969e-03
6.051961030397149874e-03
6.919096832474072763e-03
8.055267673399714098e-03
6.315829611072937277e-03
6.607421247495545366e-03
6.550188004556629570e-03
6.231120967616637571e-03
7.102439059979385495e-03
6.899409960541460184e-03
6.482043744375308621e-03
6.101774302207761333e-03
5.380690275794929901e-03
5.438332559747828532e-03
5.968732527560657516e-03
5.325822165856758904e-03
5.339785516262054478e-03
5.686331598295105497e-03
5.092103108763694833e-03
5.542232884715001147e-03
4.934110490398274304e-03
4.752003004153569285e-03
4.605018616550498808e-03
4.856372240723835255e-03
4.817694357285897018e-03
4.817391267667213775e-03
4.668297862841023528e-03
5.232273650666078267e-03
5.282798906167348631e-03
4.559770926005310074e-03
5.189900464481777588e-03
4.591523609641525762e-03
4.656800362798902901e-03
4.073277304155959247e-03
3.926256292810043069e-03
3.815747375289599286e-03
4.256423990138703296e-03
4.460488855838776016e-03
4.306743432664209177e-03
3.907189293661051353e-03
4.243130386910504842e-03
5.072232875972986291e-03
5.536306624611219036e-03
4.834837806928489121e-03
4.146588916579881968e-03
4.772578722072972138e-03
4.993899768839279996e-03
5.334288312329186349e-03
3.878319672205381933e-03
3.468386853734652369e-03
3.463468030095100385e-03
3.273133456500040145e-03
4.011267998980150989e-03
4.023309875693586307e-03
3.785837808003028430e-03
3.547313134703371142e-03
3.500194920019971106e-03
3.581267882966332819e-03
3.039419704841242898e-03
3.286945598406924157e-03
3.375811636861827426e-03
3.273707837280300046e-03
3.873990285727712656e-03
3.302294491893715319e-03
3.081156462430954032e-03
2.995364510764678308e-03
3.029561344948079708e-03
3.737371436630686217e-03
2.849164589618642923e-03
2.864684866120417728e-03
3.417948778304788753e-03
4.103292553789085473e-03
3.455822250495354381e-03
3.421116229146719048e-03
2.934765545651316435e-03
2.777354606530732430e-03
2.647694430003563488e-03
2.555838740534252789e-03
2.671227542062600512e-03
3.074967054029305834e-03
3.517690211948421453e-03
4.871117056657870564e-03
3.573479626534713498e-03
3.213033610954880558e-03
2.958531690140565277e-03
2.807746620641814270e-03
2.626728705233997985e-03
2.555376801432834855e-03
2.464655204158690445e-03
2.812111702644162856e-03
3.214649601529041834e-03
2.806095930023325916e-03
3.289943150141172966e-03
2.831403143290016269e-03
2.744707670062780311e-03
2.679888045208321523e-03
2.783362890283266541e-03
3.028126147886117323e-03
2.730594842384258952e-03
2.550494774348206154e-03
2.752316341631942231e-03
3.775232063813342091e-03
3.860709653753373414e-03
3.726681344625022881e-03
3.365948801446292261e-03
2.996904680298434227e-03
3.277594613739185769e-03
3.402748105840550444e-03
3.356297537684440647e-03
3.993501923978328740e-03
3.123921015196376265e-03
2.557747912489705729e-03
2.800272342024577848e-03
2.674373516605960122e-03
2.355268449626034960e-03
2.228753511897391647e-03
2.249193721347385062e-03
2.385643861360019994e-03
2.483457489353087244e-03
2.365803072849909355e-03
2.362977665745549880e-03
2.389310287932554927e-03
2.528466820302936735e-03
2.313117200715674501e-03
2.521608399434222079e-03
2.204400934278964979e-03
2.122226717571417277e-03
2.744882630391253225e-03
3.996770367440250285e-03
3.710751821183496182e-03
3.107970545275343804e-03
2.492691323988967603e-03
2.577862801651159726e-03
2.658828848765956189e-03
2.690725614213281078e-03
2.824351398481262862e-03
2.435309543895224516e-03
2.455766021998392109e-03
2.619471293356683515e-03
2.663931621031628925e-03
2.353151575144794144e-03
2.469081391787363543e-03
2.224361069707406734e-03
2.608667334748638808e-03
2.911843690607283062e-03
2.573022251534793324e-03
2.366503300145268284e-03
2.361219308028618576e-03
3.444260184963544250e-03
2.842620520128144243e-03
2.441094186570909319e-03
2.183458782318565498e-03
2.411762343512641096e-03
2.495496568994389625e-03
2.256244223357902617e-03
2.316565906835926694e-03
2.486139960173103410e-03
2.999343726163109045e-03
2.607986432396703150e-03
2.591763419202632208e-03
2.578878676932718807e-03
2.700158971258335722e-03
2.573670463429557007e-03
2.139671700489189764e-03
2.029828724140922153e-03
2.412120042265289161e-03
2.197470954205426891e-03
2.028789511985248928e-03
2.088702029238144464e-03
2.060624928110175568e-03
2.060958966612815718e-03
2.243677927181124757e-03
2.926575603584448317e-03
2.696182007590929713e-03
2.517052501853969497e-03
2.529580959429343721e-03
2.466378944615522928e-03
2.088622115035024089e-03
1.962524618332584566e-03
1.912222038954496410e-03
2.103854552325275414e-03
2.719828584748837548e-03
2.203544054387344443e-03
2.153758217270175784e-03
2.368601172541578807e-03
2.425539996474981516e-03
2.593709261467059407e-03
2.739277978738149152e-03
2.673565304527680125e-03
2.459172329141034227e-03
2.156216216584046566e-03
2.029393899461461471e-03
2.065928696344296323e-03
2.493788618594408157e-03
2.492145664162105818e-03
2.789794305960337315e-03
2.366114759610758733e-03
2.194527078212963386e-03
2.324454988249474111e-03
2.236677367861072182e-03
2.062931520243485931e-03
2.259243741217586629e-03
2.274761378972066980e-03
1.903935787785384498e-03
1.954660033807158453e-03
1.958056433229810652e-03
1.983416194303168172e-03
1.867721230826444034e-03
1.970567665994167258e-03
2.489740141770906048e-03
2.120035666351517082e-03
2.298573601163095802e-03
2.109345007273885804e-03
2.279059206032090640e-03
2.136256922450330536e-03
1.927512780659728633e-03
2.006578220364948258e-03
2.762824862988458568e-03
3.033348310531841507e-03
2.615850523321164908e-03
2.324599623680114607e-03
2.130881058466103321e-03
2.154639047674006963e-03
2.037253002118733294e-03
2.232378157269623679e-03
2.415642855275008331e-03
2.627470883437328739e-03
2.000160574292143313e-03
2.063435038758648817e-03
1.937863967484898141e-03
2.352088780866728925e-03
2.418916118848654997e-03
2.462268121954467454e-03
2.205370399687025130e-03
2.029695361852645701e-03
1.935084141376945633e-03
1.947194667946961161e-03
1.837864815154009431e-03
1.797709836521082421e-03
1.747816714147726758e-03
2.183561767968866547e-03
2.070264886650774114e-03
1.906463347064952032e-03
1.971312165260314785e-03
2.303802395860354239e-03
2.329093262346254491e-03
2.092763964707652826e-03
2.082728089040352185e-03
1.978983428950111239e-03
2.337308010707298944e-03
2.356503526162769847e-03
1.913254010594553313e-03
1.848391658729977042e-03
1.773474082971612581e-03
1.843651697143084550e-03
1.652018630670176562e-03
1.973918767438994585e-03
2.410492984991934561e-03
2.558014858514070546e-03
2.584586143493652552e-03
2.163957528149088039e-03
1.904420894570648662e-03
1.893257377669215098e-03
1.721872030239966073e-03
1.733357477933168342e-03
1.886905898443526743e-03
2.182325318766136901e-03
2.069411476453145333e-03
1.824637641612854256e-03
1.964219928615622886e-03
1.918155129791961847e-03
1.693900119927194397e-03
1.791912610125210442e-03
1.956648400777743959e-03
2.102698328801327378e-03
2.441567308786842406e-03
2.944328369986679711e-03
2.482747228609191031e-03
2.364023626368078751e-03
1.989518633733193109e-03
1.854274969858427883e-03
1.869639351757036239e-03
1.736441289799081026e-03
1.672174849857886551e-03
1.859368529791633222e-03
1.712934348939193670e-03
1.874291395458082448e-03
1.726112996434999748e-03
1.677611400890681405e-03
1.735261715948581765e-03
1.731450378687845234e-03
1.778241913351747815e-03
1.894156216229829536e-03
1.979208413718475373e-03
1.790832143483890365e-03
1.849861755553219118e-03
2.184264826484852342e-03
2.155742416572239799e-03
2.354732779785990559e-03
2.682709242734644152e-03
2.319294294963280319e-03
2.030356203516324540e-03
1.983062578365206701e-03
2.341291754403047962e-03
1.887237103655934256e-03
1.587662694768773213e-03
1.702417245962553616e-03
1.794988801702857061e-03
1.894304337393906299e-03
1.840163164565132700e-03
1.563433364240659693e-03
1.678937385893530376e-03
1.776694852030939612e-03
2.168898609363370360e-03
1.955048472413586143e-03
1.958266016509798042e-03
1.744567138246364045e-03
1.845539063215255720e-03
1.674907478607363161e-03
2.585853159738083808e-03
1.908508876028160335e-03
1.624477822850975764e-03
1.783604474945200838e-03
1.829762176300088646e-03
1.876522473887436929e-03
1.706783529888424716e-03
1.522058675376077507e-03
1.691619195561442149e-03
1.838699152900112989e-03
2.046048380434513283e-03
2.403961341414186884e-03
1.811105861432022422e-03
1.614609926732049963e-03
1.867047936345140246e-03
1.756402318262391708e-03
1.554326188957525596e-03
1.821751503480805367e-03
2.509525319975283546e-03
2.165237134322524001e-03
1.950169139438205201e-03
2.248131075563530260e-03
1.760497500913010696e-03
1.752257200682328731e-03
2.221211631678872683e-03
2.440873694916566219e-03
2.178183723137610325e-03
1.921096178185608587e-03
1.749180884928339076e-03
1.645698426808747976e-03
1.697582751512527553e-03
1.564053956729670458e-03
1.543581725305153210e-03
2.017983256114853820e-03
2.078105733833379275e-03
2.065988839086559288e-03
1.663437444302770822e-03
1.771693412835399295e-03
1.573988469317555428e-03
1.657743061271806572e-03
1.720110364258289285e-03
1.766420904443495891e-03
1.896200316647688551e-03
1.749802929245763408e-03
2.109086191178196137e-03
1.717912710996137658e-03
1.712389215826988151e-03
1.674708979618218154e-03
1.398612934992545225e-03
1.662100481076373088e-03
1.936950936085648015e-03
2.068767717832492668e-03
1.743849544889397064e-03
1.686286521661612726e-03
2.301519124044312282e-03
2.007720330730080639e-03
1.680087963533070418e-03
1.567702532435456863e-03
1.661817967477772053e-03
1.849615935029254961e-03
1.567061478272080378e-03
1.519761804180840741e-03
1.509836679841909191e-03
1.656731452999843411e-03
1.892021722677681176e-03
1.974635898239082699e-03
2.005078351746002966e-03
1.911889993482165841e-03
1.812415372373329166e-03
1.752123719909124896e-03
1.571754603129294197e-03
1.453136795510848438e-03
1.479568647013770151e-03
1.506258938461542103e-03
1.778685153565472956e-03
1.647902768519189610e-03
1.580288406047556044e-03
1.690813052571482102e-03
1.868901369679305249e-03
1.815246339990860946e-03
1.544007925420171718e-03
1.789523561278151239e-03
1.791730626589722007e-03
1.844388449357615544e-03
2.075748795436488468e-03
1.937689140645994018e-03
1.765157675577534507e-03
1.473533587737215845e-03
1.528362848071588339e-03
1.511027075143323928e-03
1.558420949925979054e-03
1.767988775132430966e-03
1.882213983270857082e-03
1.965376652984155478e-03
1.889457761620481728e-03
1.916527599613699739e-03
1.784417585780223104e-03
1.708200292972226987e-03
1.489162555274864104e-03
1.793031803746190315e-03
1.813144134874972993e-03
1.433992278244760384e-03
1.525672183682521285e-03
1.589986179023981016e-03
1.778458868049912888e-03
1.666859800202978885e-03
1.541389306593272468e-03
1.508442492534716817e-03
1.632663802140288780e-03
1.626560843756629437e-03
1.856379857183330625e-03
1.725509013049304546e-03
1.801455568315254215e-03
1.885254284780886426e-03
1.978118044531179589e-03
1.745908417118092462e-03
1.702906206353671037e-03
2.092138975858688459e-03
2.105027494124240423e-03
1.882302834548883969e-03
1.750474760515822320e-03
2.045000557166834747e-03
1.856064618461661809e-03
1.565533321764734026e-03
1.508190904537008844e-03
1.354105391850074069e-03
1.333475725000931233e-03
1.353111422310272847e-03
1.417208283932672609e-03
1.514483708888292313e-03
1.499865037492579970e-03
1.534877230620218698e-03
1.451939742805229399e-03
1.523185752125249919e-03
1.659050164744257970e-03
1.813846188079979577e-03
1.777226589620113390e-03
2.202772279787394618e-03
2.095693236009942093e-03
2.225733271075619555e-03
2.099393166394697245e-03
1.635608196568985682e-03
1.512644639652636252e-03
1.481891072148250202e-03
1.432899355164004608e-03
1.857259030867781848e-03
1.734919274846712794e-03
1.585996565926406105e-03
1.503597269248631166e-03
1.521873514478405383e-03
1.714659347716305073e-03
1.831097792213161888e-03
1.702412543818354650e-03
1.435701896746953334e-03
1.468806334046853998e-03
1.951918921743830103e-03
2.030468377181225172e-03
1.768595143738720121e-03
1.548295940479470657e-03
1.648996082755426655e-03
1.619854618070854044e-03
1.696127516010569308e-03
1.816729620202547956e-03
1.721051405701372371e-03
1.577117952207724187e-03
1.553327406032217793e-03
1.449456964619457670e-03
1.436556728763712862e-03
1.378279666209386535e-03
1.350783397340112350e-03
1.536925355386402781e-03
1.707472592178318344e-03
1.966490619298484448e-03
1.853633191850450387e-03
1.741520796592036782e-03
1.896458507205049182e-03
1.717676273029711482e-03
1.460281574270791416e-03
1.919998750090599025e-03
1.495145546893278735e-03
1.517585313154591348e-03
1.467379980927540142e-03
1.477661121429668526e-03
1.564579962028397452e-03
1.459683375433087427e-03
1.363647181747688246e-03
1.336821015510294194e-03
1.720357873580521989e-03
1.749411114595002519e-03
1.624335505896144392e-03
1.621783912285334637e-03
1.659978563483390478e-03
1.725035536413391333e-03
1.509082591057651522e-03
1.482929700157708522e-03
1.867371809979279876e-03
1.560743045993149246e-03
1.696802145904964835e-03
1.489207656122744014e-03
1.493132021278142972e-03
1.374964925150076560e-03
1.320343461508552158e-03
1.445436504566007278e-03
1.672899700287315593e-03
1.724079196444816033e-03
1.550077281685339082e-03
1.895495375825299129e-03
1.917242346745398228e-03
1.625593656984468394e-03
1.674004521531363221e-03
1.643975596978432610e-03
1.423850886316762980e-03
1.824645315193467636e-03
1.653230770801504546e-03
1.472596471301383398e-03
1.545824882470899202e-03
1.927012760813037653e-03
1.771020561767121205e-03
1.702383506215280869e-03
1.412233689592944314e-03
1.338007053256862677e-03
1.377914053284459575e-03
1.597291299452384362e-03
1.794638967969351250e-03
1.659443197357985669e-03
1.885277153406706048e-03
1.664679260510537259e-03
1.913550692713922871e-03
1.810453378905852720e-03
1.905138442913691197e-03
1.926557547930214187e-03
1.775550633772379717e-03
1.599210581431786179e-03
1.349081263567010469e-03
1.274111659473015122e-03
1.191467150217956870e-03
1.193931129657559934e-03
1.246338978720208006e-03
1.254031999657551468e-03
1.435120343748066268e-03
1.431415434409346937e-03
1.434291089988417190e-03
1.583777286319269046e-03
1.659680861048400298e-03
1.518458543966213960e-03
1.382248530992203316e-03
1.419697580859064986e-03
1.597627478962143285e-03
1.786764884988466988e-03
1.585313442887531423e-03
1.671873067195216774e-03
1.671600703977876292e-03
2.009070141033993898e-03
2.095550940268569445e-03
2.126630063996546791e-03
1.568793465072910055e-03
1.560025423144300672e-03
1.652400557779603587e-03
1.454504950799875808e-03
1.324501398226453179e-03
1.339668328356411744e-03
1.323582744225859555e-03
1.326375333592295577e-03
1.718005613527364209e-03
1.563056104092134385e-03
1.817825743411150257e-03
1.781223628463016618e-03
1.863581685659786115e-03
1.385309964211450633e-03
1.346735332368148791e-03
1.351470216694805344e-03
1.453127833600673319e-03
1.571694155637588753e-03
1.591508063591188897e-03
1.508832718763086474e-03
1.360119457046190953e-03
1.343110214608410910e-03
1.465898094077904956e-03
1.671086062366763676e-03
2.440449189808633571e-03
2.850375884316033639e-03
2.120458474382758314e-03
1.857564462762739937e-03
2.422735432369841398e-03
1.996665145787927635e-03
1.482463742916782616e-03
1.305211920601626312e-03
1.363263813157876295e-03
1.408310604488684009e-03
1.290152445435523891e-03
1.291079130023717802e-03
1.246001951189504818e-03
1.289111389261152945e-03
1.305312098314364774e-03
1.262079056662817819e-03
1.266779138499663990e-03
1.187314671567744635e-03
1.274084675436218655e-03
1.399682902006639269e-03
1.340352493441767214e-03
1.511329625629716494e-03
1.683444329020049790e-03
1.629667643768092011e-03
1.633716182162364304e-03
1.608799135105477536e-03
1.487635797820985230e-03
1.828701925567454778e-03
1.767003778368234730e-03
1.623287517577409701e-03
1.512319514941838118e-03
1.528198268885413861e-03
1.429516069798005950e-03
1.364354766491386551e-03
1.383570799500577920e-03
1.551111848610970756e-03
1.883271424513724033e-03
1.427704626694321563e-03
1.410002029604381923e-03
1.466028417150179496e-03
1.370326461684372643e-03
1.315448176012271042e-03
1.259841406717896383e-03
1.357781456059051813e-03
1.674714375080333870e-03
1.688193216299017268e-03
1.463038715430431966e-03
1.621469596607817568e-03
1.516026169475581968e-03
1.655318887076444008e-03
1.490703143903778557e-03
1.354738770880632845e-03
1.467167007633381464e-03
1.369469970878627605e-03
1.611541295941505214e-03
1.836570467179020338e-03
1.657588132139709318e-03
1.464690737840202176e-03
1.415325467371278444e-03
1.674996673439939875e-03
1.591545345468653666e-03
1.333875203919079530e-03
1.358764892857935742e-03
1.231494686152372195e-03
1.627566554169687998e-03
1.503216470074322493e-03
1.732576590859227642e-03
1.583501337510016208e-03
1.450672715695367843e-03
1.386725362390279787e-03
1.362617889729638918e-03
1.330799839148918886e-03
1.234742692775196412e-03
1.294551606600483290e-03
1.229738763843973501e-03
1.210863879985279480e-03
1.447488367557525678e-03
1.576385646541085452e-03
1.710619647055864430e-03
1.437001049311624696e-03
1.491373866899973729e-03
1.391272696976860379e-03
1.312937968824472602e-03
1.249203665388955034e-03
1.230899561196565706e-03
1.415345547720789875e-03
1.527962969202134244e-03
1.658795945760276535e-03
1.650307816970679421e-03
1.791261339870591895e-03
1.638428072652055095e-03
1.783467959095206418e-03
1.596666490659117777e-03
1.411646523823340731e-03
1.481747793861561396e-03
1.478284619127710753e-03
1.444310597144067348e-03
1.281290946321355078e-03
1.296454548525313548e-03
1.247071162797510702e-03
1.266198104971812772e-03
1.372920576379531039e-03
1.541659569678207296e-03
1.573897883709934106e-03
1.472712076889971973e-03
1.348727553461988781e-03
1.353586684498522038e-03
1.242303771691189839e-03
1.238790660475691096e-03
1.200901805940601461e-03
1.150381476618349622e-03
1.320732505733354309e-03
1.285097615586386788e-03
1.211233280288676528e-03
1.314643192518916495e-03
1.416997615661885973e-03
1.581637948854929844e-03
1.649617750404609468e-03
1.509538193543751928e-03
1.848833880697687551e-03
1.676787149368061001e-03
1.281162351369857875e-03
1.267492443633576327e-03
1.303709732472068793e-03
1.480607541484965260e-03
1.275975433592167101e-03
1.457916074949834172e-03
1.531293941144314151e-03
1.344163374354441975e-03
1.418033629241916786e-03
1.515731692521108580e-03
1.352287843926913138e-03
1.285229251823491459e-03
1.398316233729322714e-03
1.365368037174145323e-03
1.226641533689366457e-03
1.452494441635078905e-03
1.578444082600374918e-03
1.424549559338225257e-03
1.396711187230216056e-03
1.282920389332705075e-03
1.348689196424351748e-03
1.650128195372720661e-03
1.403818492674165390e-03
1.443200647934443463e-03
1.441039060656395133e-03
1.435860492702987525e-03
1.597965711003376419e-03
1.730511583801772882e-03
1.427240014697114595e-03
1.448787257282270350e-03
1.353545645251870216e-03
1.250566688055793378e-03
1.424173528535498503e-03
1.415469294620884692e-03
1.429456931849320753e-03
1.405338380589253372e-03
1.236034681399663260e-03
1.188957013914154585e-03
1.384811639371845513e-03
1.277454189128345930e-03
1.284605144626564492e-03
1.438616771871844852e-03
1.294179123619364430e-03
1.341811774505509251e-03
1.223041738073031093e-03
1.297983324362172054e-03
1.318611611819101807e-03
1.223754395420352569e-03
1.874432521354820955e-03
1.469963524076673680e-03
1.397618105014165326e-03
1.248604099059270498e-03
1.394493962224158980e-03
1.272298869573407687e-03
2.187422872003581820e-03
2.107397106786569174e-03
1.878499245374567073e-03
1.601643758929437991e-03
1.341151505087812782e-03
1.427752126732634167e-03
1.336132887647383839e-03
1.477020394263995912e-03
1.340772623920606210e-03
1.179917424710260395e-03
1.305043892934918369e-03
1.389830328213671837e-03
1.854670335435205106e-03
2.530139323530925834e-03
1.651262056289447624e-03
1.307642968992392320e-03
1.213570973939365758e-03
1.606211299076676369e-03
1.252464093267917702e-03
1.353661992018007597e-03
1.192156421020626987e-03
1.111783188146849531e-03
1.127803520196014007e-03
1.150809895350701382e-03
1.163091299951904455e-03
1.243072867186533099e-03
1.386778549187713287e-03
1.331751208441952876e-03
1.402570290697945435e-03
1.480012012956043090e-03
1.603670933594306212e-03
1.541713942877120458e-03
1.355958283982343056e-03
1.295471160879565608e-03
1.329910508874389795e-03
1.385151103345884198e-03
1.584768085223105119e-03
1.464706102593077560e-03
1.271291787011755809e-03
1.304479784642656719e-03
1.390636314430998381e-03
1.365166681611703400e-03
1.301887149715589154e-03
1.521793739456269454e-03
1.427440798013574581e-03
1.225487747126155361e-03
1.231320872902870152e-03
1.235138409150143444e-03
1.353156842912236861e-03
1.399331210284597430e-03
1.542107400277422562e-03
1.509986471177803208e-03
1.529369712289836746e-03
1.356065017688605620e-03
1.269780883255104123e-03
1.166073763743042876e-03
1.177940641840298942e-03
1.174369709204054618e-03
1.122088075305024838e-03
1.118071979532639241e-03
1.263791612970332264e-03
1.416681696039935037e-03
1.139411823306646712e-03
1.078694663527939024e-03
1.120122282041443674e-03
1.122290644173820802e-03
1.183058780928452833e-03
1.272313781082630175e-03
1.239070197981264948e-03
1.229977397662070093e-03
1.227236780751910427e-03
1.294629027446110971e-03
1.137006597386466117e-03
1.209846995770931305e-03
1.621976662427186905e-03
1.477857641358342475e-03
1.516328888634840572e-03
1.594213127262062574e-03
1.559460371111829995e-03
1.314431948897739266e-03
1.135097885400884613e-03
1.411240245732996255e-03
1.439637084905472098e-03
1.534264399152662989e-03
2.272918497522672006e-03
1.789621270986066839e-03
1.589724051041735550e-03
1.381738958880305212e-03
1.468810369778010593e-03
1.262058043955928670e-03
1.294540785666969040e-03
1.150807049125432890e-03
1.305256561479634786e-03
1.466073003183636326e-03
1.442427488250864901e-03
1.425541554991569849e-03
1.332686100051634756e-03
1.303418739181425902e-03
1.461769734612769619e-03
1.438513354708751074e-03
1.571087604905996044e-03
1.447158208530810062e-03
1.294933366071846729e-03
1.278545599844720625e-03
1.148194027029805645e-03
1.087104136952095476e-03
1.157753212998310693e-03
1.155298655180053572e-03
1.084184071256054848e-03
1.149608968860573247e-03
1.365367985434002337e-03
1.288704227449165513e-03
1.234781799010104507e-03
1.261287267423338290e-03
1.150122654313842424e-03
1.157204563625984645e-03
1.094034764294822982e-03
1.144782232327593800e-03
1.150505866648422314e-03
1.258737898121277442e-03
1.179671362042427046e-03
1.257598784027828083e-03
1.287685990747478200e-03
1.192644805026551146e-03
1.257922495974020827e-03
1.250612775588201206e-03
1.275854224546088198e-03
1.276078305931554980e-03
1.444690590724348987e-03
1.394504061382677773e-03
1.591513149647249149e-03
1.433445745561685728e-03
1.287254556082189022e-03
1.280288314446807003e-03
1.176494949807723291e-03
1.241273090967701456e-03
1.540464305111931449e-03
1.227171170111331696e-03
1.363306130386061216e-03
1.277937908760375368e-03
1.201168000698089660e-03
1.424886808316740789e-03
1.419139846952425111e-03
1.195161225688126314e-03
1.198878543865349467e-03
1.476764824344880102e-03
1.603707826903296926e-03
1.631106850173738273e-03
1.409309811683164774e-03
1.548426352027389759e-03
1.278579065369235155e-03
1.289768396980232705e-03
1.348039573058485959e-03
1.344024817355804870e-03
1.562269032518896891e-03
1.220384091138839670e-03
1.181130959238443088e-03
1.042110704713397618e-03
1.083342896308749819e-03
1.082769356305814416e-03
1.076359774710403507e-03
1.062238150690164844e-03
1.155624111286467949e-03
1.203418528247210666e-03
1.142173041072156760e-03
1.248137578368186968e-03
1.391147298531399817e-03
1.445634426652557362e-03
1.463509985349244463e-03
1.327078977806700607e-03
1.255554596169127391e-03
1.341688976519637673e-03
1.207009679120447801e-03
1.306183516151375153e-03
1.418488734505242736e-03
1.533701837890678009e-03
1.294719728951652894e-03
1.121857681622107908e-03
1.384260096173319530e-03
1.281210498159958237e-03
