1.192319086194038452e-01
8.698760304186078929e-02
8.582197990682390032e-02
8.442160695791244007e-02
8.348350637488895221e-02
7.655852321121427162e-02
7.336405217647552768e-02
6.897346725066502704e-02
6.376528789599736347e-02
6.331383668714099522e-02
6.225401129987504639e-02
5.838536168138186433e-02
4.179540192087491390e-02
3.812656677431530694e-02
3.259059320721361536e-02
2.845098985566033370e-02
2.561695293419891106e-02
2.371323355370097766e-02
2.315997772746615849e-02
2.247188928226629898e-02
2.144396842353873955e-02
2.102601753340826995e-02
2.119472855495082089e-02
2.021695244643423317e-02
2.002098008162445444e-02
1.955473634931776186e-02
1.894309227665265383e-02
1.915436327457428062e-02
1.878704547882080120e-02
1.893045642309718751e-02
1.795245373414622314e-02
1.824698482122686163e-02
1.732385065820481879e-02
1.684004060924053359e-02
1.643797889351844912e-02
1.631048637131849929e-02
1.676576723655064799e-02
1.663667858888705567e-02
1.562498846401770905e-02
1.510029166936874452e-02
1.578237739702065615e-02
1.423950674633185122e-02
1.484379614392916311e-02
1.561567609508832284e-02
1.432612838430537099e-02
1.387250126649935966e-02
1.427938804858260718e-02
1.398041219347053062e-02
1.329285521888070622e-02
1.297336672743161501e-02
1.327346541815333826e-02
1.263743026389016130e-02
1.308496728125545759e-02
1.259172919723722597e-02
1.277649656352069715e-02
1.263595267302460197e-02
1.257882878184318591e-02
1.239462292028798047e-02
1.311699660701884200e-02
1.189646059440241897e-02
1.125024978071451250e-02
1.057847830156485175e-02
1.108280085027217934e-02
1.159571739120615792e-02
1.123001881357696408e-02
1.130834651490052536e-02
1.104481811324755335e-02
1.079644872910446619e-02
1.074407101919253732e-02
9.932389213807053460e-03
1.043615089108546577e-02
1.065905208388964395e-02
1.027151826148231875e-02
9.769764476352268620e-03
9.503039858407443669e-03
8.970820717513561596e-03
9.001294597983360707e-03
9.118913350005945426e-03
9.019802229271994126e-03
9.877029326226976699e-03
9.374772227472729855e-03
9.311024877760145160e-03
8.573559063176314568e-03
8.546233276526133890e-03
8.884202506807116137e-03
1.033832516935136517e-02
8.290146125687493373e-03
8.213537471989790922e-03
8.817035858001974133e-03
8.955485017763243141e-03
8.966850216190020914e-03
8.527722077237235437e-03
8.298616761134729874e-03
8.231667437487178232e-03
8.424384051726924866e-03
7.393748613281382609e-03
7.251932643767860197e-03
7.087963376608159664e-03
7.897569150146511660e-03
8.360954829388193843e-03
8.581069200817081910e-03
7.450967619402540723e-03
7.232455255256758919e-03
8.370859047604931741e-03
8.001524851553969142e-03
6.980241466727521958e-03
7.036568805989291790e-03
6.899692271318700817e-03
6.896132830944326497e-03
6.898757641514142308e-03
7.029749568965700142e-03
6.177363298419448825e-03
6.028048524426089620e-03
6.546095154351658230e-03
7.435338464048173689e-03
6.894262259205182451e-03
7.041697423491212991e-03
7.728091064426634467e-03
6.626417210532559166e-03
6.366933702180783104e-03
6.298196052925454647e-03
6.878455417851606947e-03
6.269946226643191393e-03
6.042001346747080670e-03
5.366501909577184488e-03
5.349818532251649113e-03
5.843050419870350100e-03
6.995444183962212618e-03
6.691540318230788237e-03
5.705465972423553848e-03
5.673888035946422249e-03
6.428132769134309657e-03
6.034820663432280234e-03
5.987075289918316473e-03
5.387909089525540381e-03
5.349383254845936977e-03
5.492451459997230168e-03
5.835146692891915975e-03
5.474985043207804443e-03
5.766611767725812222e-03
5.205855034291744475e-03
8.138837801913420544e-03
6.955536819166606953e-03
5.310785298546154970e-03
5.360110282070107250e-03
5.212281950645976901e-03
4.942926309174961938e-03
5.029551181942224468e-03
5.338975683682494443e-03
5.065924997131029950e-03
4.986452040159039881e-03
4.702539354976680366e-03
4.574675332340929351e-03
4.853075697190231859e-03
5.712280652175346848e-03
5.145911127328872681e-03
4.842322555681069333e-03
4.995299795021613566e-03
4.773684152298503063e-03
5.591326773994498463e-03
5.013643153425719964e-03
4.591093512458933878e-03
5.249188815553982972e-03
4.660085096127457131e-03
4.722321575714481974e-03
4.783371310267183277e-03
5.039469330675071940e-03
5.014795002837976225e-03
4.818608640796608750e-03
5.014250791735118916e-03
4.615037997977601385e-03
4.912712822357813425e-03
5.028935656365421218e-03
5.609712956680191868e-03
6.562744285911321224e-03
5.826947138541274662e-03
5.295477203196949541e-03
4.335883506056335303e-03
3.864873875346448544e-03
4.071819012363751475e-03
4.673598197599252227e-03
4.511583530240588849e-03
5.110180808438195485e-03
5.186570396439896258e-03
4.521239010824097508e-03
4.003746546804905042e-03
4.140323184223638521e-03
3.999557813836468641e-03
4.073267045120398076e-03
4.023049039145311020e-03
4.552552733156416294e-03
4.202211441265211837e-03
4.207106251269579315e-03
3.690808331593871134e-03
3.792567654616302731e-03
4.453113911052544900e-03
3.973160982131958112e-03
4.076325106951925181e-03
4.311935446328587183e-03
4.322986478606859889e-03
3.844922406391964968e-03
3.679093209405740177e-03
3.882278613746166160e-03
4.081862523323960025e-03
4.575261926899353883e-03
4.766774270683527340e-03
4.356318807436360477e-03
4.018864473327994451e-03
3.617454592345489481e-03
3.280469417158100431e-03
3.448058962821960553e-03
3.758790855192475997e-03
4.278538769317997460e-03
4.295705424414740688e-03
3.965957735975583417e-03
3.723162352624866719e-03
3.647893447842862763e-03
3.560218134274085316e-03
3.918159950731529145e-03
4.275954117377599173e-03
4.333754799639185154e-03
3.930851265581117825e-03
4.231710082126988008e-03
4.298524212920003425e-03
3.878017181737555222e-03
3.609629276519020404e-03
3.535621979584296568e-03
3.912645972644289080e-03
4.086348850073085771e-03
3.744631392053431821e-03
3.781131973697079637e-03
3.972938105257020625e-03
4.191206855078538629e-03
4.638670024772485398e-03
3.759774186958869408e-03
3.945304201915860072e-03
3.464013331880171943e-03
3.657385729667213346e-03
3.481069120268027138e-03
3.790579924566878003e-03
5.027393791824579655e-03
4.139582887291908507e-03
4.136008980373541942e-03
3.871298183997472220e-03
4.977561256123913883e-03
4.312745976365274861e-03
3.812201708141300244e-03
3.435949524864554371e-03
3.691686091737614913e-03
3.227101967980464461e-03
3.194490418665939073e-03
3.146342527535226762e-03
3.143868297338485614e-03
3.065633593748013329e-03
3.228833184887965578e-03
3.731707217585709339e-03
3.764117811289098385e-03
3.136183408399423073e-03
3.336441099850667984e-03
3.338256477274828549e-03
3.316047675907611916e-03
3.367498012052641890e-03
3.473969964931408576e-03
3.719057682901620674e-03
3.573312997404072024e-03
3.675971517546309294e-03
3.934877677303221140e-03
3.872150035781992804e-03
3.339315368276503295e-03
3.516565203252765889e-03
3.975201689948638407e-03
3.489241417911317662e-03
3.553018402308225597e-03
3.310747868898841935e-03
3.089961560650004296e-03
3.268216446869903063e-03
2.984221460711624675e-03
3.240654002875089854e-03
3.431754730020960317e-03
3.549517823590172486e-03
4.416208333439297466e-03
4.091435370759831727e-03
4.116797058118713999e-03
4.388677170500159680e-03
3.408907920949989095e-03
3.580704702892237128e-03
3.303560867077774688e-03
2.811198787142833114e-03
3.300998281273576779e-03
4.131725095212459599e-03
3.559156229926480151e-03
3.611361974229415454e-03
3.159165179563893072e-03
3.173088936342133293e-03
3.320244435841838721e-03
3.688237677431768693e-03
4.844072839866081677e-03
3.733778975697027176e-03
3.268512640562322262e-03
3.168833261976639407e-03
2.971650749031040477e-03
3.362422277116113370e-03
3.080158652737736633e-03
2.959803202086024997e-03
3.306695212506585799e-03
3.044146878851784494e-03
3.092925258808665746e-03
3.000291122330559727e-03
3.132703116991453554e-03
3.124649762693378682e-03
3.538638740364048046e-03
3.501448484344615083e-03
3.593422162036100879e-03
3.072221173594395349e-03
2.967501738005214225e-03
2.818218804895877751e-03
3.114357992178864130e-03
3.129274617466661600e-03
3.878124087221092482e-03
3.215873485638035597e-03
3.956372688213984599e-03
4.111834683765967433e-03
5.239984186159239547e-03
3.633500623206297343e-03
3.762807221048408268e-03
4.038371474792560104e-03
3.152561549925141787e-03
2.968578169950180593e-03
2.746192647351158953e-03
2.889962059756120017e-03
2.880528546455833529e-03
2.885123628916012005e-03
2.826836686581373024e-03
2.657462325361039952e-03
2.891879897150728251e-03
2.731188898906111717e-03
2.822816812743743093e-03
2.828885577619075567e-03
3.116795300609535857e-03
3.476784699079062992e-03
3.284895677740375022e-03
3.493397978858815266e-03
3.226910472537080580e-03
3.608333615379201182e-03
3.475933031489451732e-03
3.969382122159003864e-03
3.575959058685435066e-03
2.992484480556514403e-03
3.168528678102625583e-03
2.761355733705891675e-03
2.946957422213421825e-03
2.648142431345250781e-03
2.591939260148339638e-03
2.589946290892031471e-03
2.622080600510040722e-03
3.100063138537936889e-03
2.889584104220072405e-03
2.673727236688136846e-03
3.007266929166184724e-03
2.925716812411944222e-03
3.034894485026598098e-03
2.960585577206479180e-03
3.053973393721712976e-03
2.839651057082745976e-03
3.215010708404911904e-03
2.921318674667014101e-03
4.180147792730066862e-03
3.508077707762519669e-03
3.522425379811061543e-03
3.250442468043830777e-03
3.078437602768341590e-03
2.919694249414735415e-03
3.059217828429407465e-03
2.725131826268302037e-03
3.320048420379559211e-03
3.188632925351460659e-03
2.809653695051868554e-03
2.804113902772466162e-03
3.105073348722524242e-03
2.741228503485520704e-03
2.762756844361623047e-03
2.740689474675390286e-03
3.107655384681291127e-03
3.007546919915411038e-03
2.970242956653237204e-03
2.757839719868368684e-03
2.776811812072992307e-03
2.782831993988818704e-03
2.787408419988221617e-03
2.840211134817865243e-03
2.888549785647127454e-03
3.569840035504764832e-03
3.150000180014305567e-03
2.723578907963302570e-03
3.106888527464535515e-03
3.106849926213423301e-03
3.244795564355121634e-03
2.868599113490846383e-03
2.634793446502751730e-03
2.870615652451912348e-03
3.296134152139226607e-03
2.660678693403800178e-03
2.604633954664071615e-03
2.863817676487896355e-03
2.929900543143351948e-03
3.012925541649261966e-03
3.314014743599626861e-03
3.203486912987298357e-03
3.520526260965400282e-03
2.872753447542588084e-03
2.817156570446160274e-03
3.219898134056064978e-03
4.252719694955481473e-03
3.758117792507012760e-03
2.825310232324732516e-03
2.736012319930725481e-03
2.695407253793544265e-03
2.661045151245262745e-03
2.890918515622615918e-03
2.543098972075515281e-03
2.730482135795884741e-03
2.675811888443099199e-03
2.395754660893645738e-03
2.313447722958193904e-03
2.407012443161673197e-03
3.315635389751858328e-03
2.528997500323587090e-03
2.493796023643678975e-03
2.485102210193872608e-03
2.718767277482483143e-03
2.786517023212380009e-03
3.122888197087579209e-03
3.154838246603806906e-03
3.585807640726367679e-03
3.777268410970767258e-03
3.262865843458308181e-03
2.688484202242560038e-03
2.495656340486473394e-03
2.487168539729383253e-03
2.627583390308751207e-03
2.859756610252790765e-03
2.736322879273858383e-03
2.527216567347446898e-03
2.559309487955437837e-03
2.393196341064241298e-03
2.409201273694634368e-03
2.625864577583140926e-03
2.613954294679893264e-03
3.504613952504264003e-03
2.951906936036215786e-03
2.734047293456064436e-03
2.714243198020590674e-03
3.076717975652880181e-03
2.581113117436567746e-03
2.658293612508310071e-03
2.971479062818818684e-03
2.475268269578616027e-03
2.523063109773728604e-03
3.126932519177595682e-03
3.154985407988230347e-03
3.224980814589394323e-03
3.139770439722471603e-03
2.788937455043196713e-03
2.516228051649199802e-03
2.447261896708773261e-03
2.321281917393207533e-03
2.660470366891887380e-03
2.458527658341659247e-03
2.474380924055973648e-03
2.792100525564617484e-03
3.279174288941754355e-03
2.904468071129586923e-03
2.383242382460998027e-03
2.341276133019063420e-03
2.628662296467357100e-03
2.515036786595980199e-03
2.618096265941858257e-03
2.734434732960330013e-03
2.484874942650397607e-03
2.945916375352276850e-03
2.871469226148393606e-03
2.575387797421879125e-03
2.539331563231017955e-03
2.417285005665487530e-03
2.371832281351089495e-03
2.931423565993706171e-03
2.742727038760980028e-03
2.689540183378590337e-03
2.939880974590778490e-03
2.858182616117927854e-03
2.626470521920257119e-03
2.556791137903928826e-03
2.810138594359159331e-03
3.171295836153957461e-03
2.620868869125843065e-03
2.513236802899175386e-03
2.783882713152302513e-03
2.998187630954715806e-03
2.854061770356363520e-03
3.266807018468777333e-03
3.442160822451114689e-03
2.986177360225055095e-03
2.613356316255198517e-03
2.565465931677155843e-03
2.550131564752922998e-03
2.501892894506454502e-03
2.862539038889938027e-03
3.262140264527665142e-03
2.693440469188822847e-03
2.488897000956866428e-03
2.478620332355300788e-03
2.585212538639704381e-03
2.774020915644036592e-03
2.628127464817629766e-03
2.754268749720520295e-03
2.488009100779891170e-03
2.692074337974190764e-03
2.486679178352157148e-03
2.375127557251188650e-03
2.532951316485802275e-03
2.548815914326243905e-03
2.640054619146718021e-03
3.171602086060576996e-03
2.683869000110361124e-03
2.738026995211839763e-03
2.940940678947501913e-03
3.019127226952049523e-03
2.772872071299288099e-03
2.588819832437568112e-03
2.414925237600174402e-03
2.407652681900395233e-03
2.635341497759024348e-03
2.254561336918009529e-03
2.338791391294863485e-03
2.480033164223035321e-03
2.346288040280342189e-03
2.463132377920879308e-03
2.465994162485003315e-03
2.795603238046169385e-03
2.807510308921337336e-03
2.597235990688204904e-03
2.886363975703716469e-03
2.938285607637630432e-03
2.627659005423387071e-03
2.825656241426865219e-03
2.434910105334387679e-03
2.428411476107107409e-03
2.349057742911908522e-03
2.296618686781989188e-03
2.455478606538640148e-03
2.527454669794274890e-03
2.367049541531337543e-03
2.502384633860654361e-03
2.879771462952097384e-03
2.710509188473224709e-03
2.438434490727053785e-03
3.165600842071904144e-03
2.723798616271879813e-03
2.587514495891001399e-03
2.389053082507517668e-03
2.501791210638152057e-03
2.800732540587584033e-03
2.659646868705749581e-03
3.028243684934245079e-03
2.738502021465036643e-03
2.377731505160530275e-03
2.261608063450290182e-03
2.173039199163516282e-03
2.294019429634014569e-03
2.351166651480727891e-03
2.608957236839665357e-03
2.402824015460080717e-03
2.424640245735645416e-03
2.638003718521859942e-03
2.493233683829506123e-03
2.533386857248842543e-03
2.226854293710655523e-03
2.269413907908730908e-03
2.917284223561485753e-03
2.553886576659149688e-03
2.374778126055995635e-03
2.508811657834384302e-03
2.520492552883095254e-03
2.490228282080756469e-03
2.430156448649035614e-03
2.264812791513072261e-03
2.466837459554274779e-03
2.741736256413989693e-03
2.753886971622705564e-03
3.056281637400388648e-03
2.576377760205003902e-03
2.677289365480343703e-03
2.664607597721947718e-03
2.441509542986750742e-03
2.303179251030087592e-03
2.325012031942606111e-03
2.479751899631487018e-03
2.373794335871934683e-03
2.289843724833594361e-03
2.216089452202949211e-03
2.273849849071767418e-03
2.309417943987581486e-03
2.479419418507152178e-03
2.211337566582692940e-03
2.260896912258532256e-03
2.178556161622206399e-03
2.382622526751624129e-03
2.498621650867991796e-03
2.565175564959645306e-03
2.723570177331566776e-03
2.561278578100933175e-03
2.204004591330886026e-03
2.449586445258723245e-03
3.320803433242771295e-03
2.835692792303032544e-03
2.484898801065153588e-03
2.654742536445458666e-03
2.936640495641363799e-03
2.769673566023508719e-03
2.571613873458571033e-03
2.267922571239372118e-03
2.213768081532584142e-03
2.247537255494131032e-03
2.258629823724428790e-03
2.185276069471405510e-03
2.344412201394637223e-03
2.781958260263005765e-03
2.712882593688037761e-03
2.549306067327658520e-03
2.391840268133415322e-03
2.244899432278341881e-03
2.584760750954349668e-03
2.414937315301762810e-03
2.307499835474623694e-03
2.245451084648569275e-03
2.897198434091276514e-03
2.856307720972432133e-03
2.598734247601694469e-03
2.434552127702368628e-03
2.416179490586121709e-03
2.462539845663640377e-03
2.431413632714086309e-03
2.403945272477964450e-03
2.256747130304574776e-03
2.484460521696342343e-03
3.255771698637140946e-03
3.196515840374761133e-03
2.942716666600770411e-03
2.681245058774948085e-03
2.810844487200180649e-03
2.658377219405439092e-03
2.472487503869665818e-03
2.265370275514821084e-03
2.147222796661986226e-03
2.252802242938843017e-03
2.067901915353205586e-03
2.105936530667046856e-03
1.983375783699254259e-03
2.058623609029584453e-03
2.380433285401927293e-03
2.423084291319052477e-03
2.297579282894730759e-03
2.249732333131962501e-03
2.395169641822576367e-03
2.469634958025481927e-03
2.246858272701502020e-03
2.364632311380571693e-03
2.371370139428310726e-03
2.250072901240653383e-03
2.214321140199899864e-03
2.439153734594583407e-03
2.558347176139553342e-03
2.621204128695858900e-03
2.575468792476587852e-03
2.240837754474745997e-03
2.085796805719534498e-03
2.219591404621799966e-03
2.096099737100303242e-03
2.029475702179802787e-03
2.041534446179866721e-03
2.482390332346161126e-03
2.613905813131067388e-03
2.291344166215923250e-03
2.355425225363837367e-03
2.431081643121110053e-03
2.326683987759881663e-03
2.270955138632820784e-03
2.110534534893102315e-03
2.237266111705038356e-03
2.182991770613524826e-03
2.121938084148698288e-03
2.203254783526063017e-03
2.153431022436254599e-03
2.178318074180020034e-03
2.363357044135530691e-03
2.500601935510834029e-03
2.609432010600964188e-03
2.762763309809896598e-03
2.255662504790557736e-03
2.311531710955831882e-03
2.368772145774629238e-03
2.405137443501088185e-03
2.765369029301736111e-03
2.807290983489817843e-03
2.389871868201427860e-03
2.359892469313409468e-03
2.071356535371806674e-03
2.147132696376906607e-03
2.089259492026435214e-03
2.171655938857131561e-03
1.984724017481009038e-03
2.306276412887705695e-03
2.049737135983175501e-03
2.151241665188637162e-03
2.005661109255419978e-03
1.991840153932571481e-03
2.436271139110128200e-03
2.371590510010719230e-03
2.470630441481868559e-03
2.415534665601121091e-03
2.403503348016076437e-03
2.817580918264057759e-03
2.323105352827244206e-03
2.552529862667951392e-03
2.252968905700577628e-03
2.362061299176679893e-03
2.289602408806482980e-03
2.229267965174383612e-03
2.094065939697126524e-03
2.062496413580245606e-03
2.604918200522661313e-03
2.402059384104278557e-03
2.251458331528637027e-03
2.182939057755801503e-03
2.156417516784535620e-03
2.143150512646469896e-03
2.073510168637666528e-03
2.269321935665276520e-03
2.219669541551007232e-03
2.285032723512914286e-03
2.481996659706863992e-03
2.071136057169901089e-03
2.042712415051129229e-03
2.101052920851442362e-03
2.379808363815148764e-03
2.072730361380510644e-03
2.071121971433361256e-03
2.335813494606150693e-03
2.479086185081137619e-03
2.304763699260850649e-03
2.154132198128435541e-03
2.254261051097677764e-03
2.047207824264963682e-03
2.312468394844068281e-03
2.195968712783522275e-03
1.987601203016108996e-03
2.078241692959434395e-03
1.984638229219449785e-03
1.991618021080891494e-03
2.045135577726695485e-03
2.305236023126377119e-03
2.677429607138037595e-03
3.280032346439030241e-03
2.593254630143443634e-03
2.489240826624963127e-03
2.745807460612720990e-03
2.366425011100040717e-03
2.291360559562841907e-03
2.213760349485609236e-03
2.030145817746718557e-03
2.146261709017886071e-03
2.327083745557400728e-03
2.265221264420284267e-03
2.263907656694451754e-03
2.548794141039252385e-03
2.236848314189248451e-03
2.017203588038682816e-03
1.926029281587236493e-03
2.209675934993558626e-03
2.105580111965537227e-03
2.036996379287706396e-03
1.974815923927558583e-03
2.249543826199240214e-03
2.884585911201106162e-03
2.299086843720740941e-03
2.200159654021263071e-03
2.414260067873531118e-03
2.109070814525087784e-03
2.095505498970548150e-03
2.092328152308861339e-03
2.055723609195815073e-03
2.150030439305636830e-03
2.289529930179317902e-03
2.227952435819639115e-03
2.089515087815622518e-03
2.459681650830639835e-03
2.504953437795241766e-03
2.257895354802409889e-03
2.044232031847867653e-03
1.946628116485145258e-03
2.089889388945367389e-03
2.034089652200539878e-03
1.978971391605834074e-03
1.895749925946195978e-03
1.870128623106413453e-03
2.127454141672286726e-03
2.074097367520961587e-03
2.145448749264081221e-03
2.038538134139445106e-03
2.278019771393802618e-03
2.209241496812966010e-03
2.123843770888116621e-03
2.047746044894059418e-03
2.113038713319434145e-03
2.484091204694575863e-03
2.080357900510231613e-03
2.018314957515233120e-03
2.027530571859744064e-03
1.994635062809619729e-03
2.021898413076996925e-03
2.574445117885867593e-03
2.350956292098594844e-03
2.257494104819165147e-03
2.000130914772550381e-03
2.219965631763140459e-03
2.956663447742660655e-03
2.932805890838305167e-03
3.169213530297080705e-03
2.761356797483232196e-03
2.041870749865969115e-03
1.987890931260254644e-03
2.293818448152806951e-03
2.498149096758829103e-03
2.408212037343118034e-03
2.019506303800476868e-03
2.107750617174638467e-03
2.095333242581950191e-03
2.013988152353300091e-03
1.832921596037016994e-03
1.856986093852255101e-03
1.843676607434948300e-03
2.027425993647840458e-03
2.160289650782942859e-03
2.265776958730485787e-03
2.855410495152076091e-03
2.351459354783098053e-03
2.099505237614115224e-03
2.061536399544113170e-03
1.939586372011237658e-03
2.041890338684121745e-03
2.006055802727738958e-03
2.098090242491000307e-03
2.001372792033685559e-03
1.867759883817699234e-03
2.259805645379755427e-03
2.104385658684703852e-03
2.486947049490279699e-03
2.277970344035161725e-03
2.036976981908082858e-03
1.909904194374879285e-03
1.939709803296460131e-03
1.889539120925797346e-03
1.941177438323696443e-03
1.793270811128119552e-03
2.026497009727689941e-03
1.976292282342910923e-03
1.897343036511705888e-03
2.009321297001507699e-03
1.989561117564638514e-03
1.863299938850104765e-03
2.033591201632386960e-03
2.049771588709619393e-03
3.193158213463094617e-03
3.128200227187739359e-03
2.803670450424154432e-03
2.224310764835940417e-03
1.994737128002776246e-03
1.957033950214584483e-03
1.834174063470628540e-03
1.783361185031632611e-03
1.822967623463935417e-03
2.126980285263723770e-03
2.210437244632177788e-03
2.018028188289867474e-03
2.076884822713004255e-03
2.036064966685242027e-03
2.172174829368790031e-03
2.114453520108428193e-03
2.105466706885232055e-03
2.071775562233394916e-03
2.075126617112093685e-03
2.359732884085840796e-03
2.001900879355768357e-03
2.092495028757386868e-03
2.078250134363770346e-03
1.930190587623251738e-03
2.148173894319269431e-03
2.473337758953372736e-03
2.129916834334532379e-03
2.086153768209947357e-03
2.034275429323315499e-03
1.952485710175500986e-03
2.133938904023832944e-03
2.348886026690403476e-03
2.402774539465705496e-03
2.016141355141169451e-03
1.871923511433932477e-03
1.918831449002027581e-03
2.119180295202467094e-03
2.243247463678320428e-03
2.183647707311643649e-03
2.019501599586672348e-03
2.164590955815381360e-03
2.481708863957060845e-03
2.526430203061964894e-03
2.103750399417347438e-03
2.121729672265549368e-03
2.080138344317674672e-03
2.129453605868750037e-03
2.075931175301472167e-03
2.511919047683477436e-03
2.284958268412285581e-03
2.721318302469121278e-03
2.311839488231473474e-03
2.030867545141114110e-03
2.004247630635897469e-03
2.158489678468968921e-03
2.107328757022818022e-03
2.037172692103518448e-03
2.117069489840004131e-03
2.244589347909722258e-03
1.916435486119654483e-03
1.782325184386637437e-03
1.928400179992119552e-03
2.142010691265265263e-03
2.064314763993024913e-03
2.193682627338502077e-03
2.151158839050266568e-03
2.179622256921397334e-03
2.166176511802606931e-03
2.190155327940980414e-03
1.983696433405081425e-03
1.989009617310431421e-03
1.959106964576575686e-03
2.009435897279116846e-03
1.991961089273293611e-03
1.784833784525593136e-03
1.871278224926855877e-03
2.115228025035725910e-03
2.287304348622759120e-03
2.290442904664410396e-03
1.973498879621426224e-03
2.119090317024124957e-03
1.893684250406093075e-03
1.796922296182148961e-03
1.753668385661310723e-03
1.847109643535481622e-03
1.848163110617962162e-03
1.842369541732801364e-03
1.828501234348449455e-03
1.849857946443888863e-03
2.307537499194343977e-03
2.104932393671737900e-03
1.932698835929234742e-03
1.841079811048176558e-03
1.900684158317744689e-03
2.052809656080272632e-03
2.012913322283161818e-03
1.892182713167534858e-03
2.280451747485332924e-03
2.256003906950354576e-03
2.441509279112020949e-03
2.483513327315449611e-03
2.106208836452828480e-03
1.996900168144040595e-03
2.089375782137116010e-03
1.945925021751059329e-03
1.962973722774121604e-03
1.904114924578202998e-03
2.299995749360985147e-03
1.889704220617810992e-03
1.910201803677611916e-03
1.845796425412926482e-03
1.893245885148644482e-03
1.857556515994171226e-03
1.846999471696714667e-03
1.772686047996911663e-03
1.961083485124011892e-03
2.184065294762452519e-03
2.133205857438345582e-03
2.098720517112977104e-03
2.012784151981274455e-03
1.988206050462192759e-03
1.923701973735458251e-03
1.916632869591315550e-03
2.219914838464723782e-03
2.050223461248808568e-03
2.042693055959211596e-03
1.980465384096735150e-03
1.768973838124010371e-03
