9.874419276913007359e-02
4.378644052479001986e-02
4.057968934377034764e-02
3.439232009152571462e-02
3.001635269158416455e-02
2.654914105931917984e-02
2.278951307965649403e-02
1.968823993371592723e-02
1.737072097758451950e-02
1.482009732888804610e-02
1.185414872235721929e-02
1.092181937148173701e-02
8.986093132860131436e-03
8.292490314278337313e-03
8.717218124204211688e-03
6.162870215872923683e-03
6.010696697566244619e-03
5.023116452826393782e-03
4.668571247408787733e-03
4.961447982738415724e-03
4.318670713239245590e-03
3.889437357170714375e-03
3.876093276258972022e-03
3.970304361234108619e-03
3.537671971652243084e-03
3.252160317367977418e-03
3.221890606607000131e-03
3.128592304678426937e-03
3.380085357154409033e-03
3.887008776267369785e-03
6.570148031330770924e-03
4.187039662566449660e-03
3.625739933922886727e-03
3.520696774745980719e-03
2.875386514804429295e-03
2.461556080314848249e-03
2.545108859323793032e-03
2.531434803580244388e-03
2.702737930748197893e-03
3.291118623067935348e-03
2.739585321396589140e-03
2.431319137621257200e-03
2.320399230553044003e-03
2.670116604616244813e-03
2.636004458698961578e-03
2.413157011485761970e-03
2.280099198429121066e-03
2.176865442759461089e-03
2.309443952205280336e-03
2.177162401171194202e-03
2.361183917253381528e-03
2.148503029925955769e-03
2.377333391664756754e-03
2.040076472589539159e-03
2.016194937750697205e-03
1.866883594128820531e-03
2.146638912252253964e-03
2.033696962106559120e-03
2.239472728429568998e-03
2.139817942968673219e-03
1.953507445545659988e-03
1.804812379802266716e-03
1.809923811298277648e-03
1.925368288324938795e-03
2.425993912749820156e-03
2.429378489032387768e-03
2.500264527172678213e-03
2.001902222012480297e-03
1.842488264665007557e-03
1.876846943050622992e-03
1.990057322093181924e-03
1.864616743599375147e-03
1.759735461738374434e-03
1.614338223718934538e-03
2.131758553700314422e-03
1.981893644357721022e-03
2.138476767059829548e-03
2.565076663676235397e-03
1.951838165728582344e-03
1.861717904297014153e-03
1.914393857845829655e-03
1.756198155797190083e-03
1.721483621125419975e-03
2.390380525547597303e-03
2.211312174590097587e-03
2.047679810267355547e-03
1.941098109301593643e-03
2.334942604518598815e-03
2.845289817907744115e-03
1.777414248014489752e-03
3.207601512678795279e-03
2.207501185023122425e-03
2.295882315892312266e-03
1.943613488434089466e-03
1.837122191985448216e-03
1.542087032252715617e-03
1.600260358924666948e-03
1.503557355350090483e-03
1.447333854933579743e-03
1.990310228947136332e-03
2.031572572369542539e-03
1.645765613971484969e-03
2.329479228291246769e-03
2.816462515749865170e-03
2.565578068606555549e-03
2.182974238983458742e-03
1.709333696506089729e-03
1.665855786349210513e-03
1.492883203965094351e-03
1.560447061848309206e-03
1.495057311322953901e-03
1.664408485715588009e-03
2.120041390363540997e-03
1.661731379313601421e-03
1.947226418803135652e-03
1.459370548319485501e-03
1.760705401086144978e-03
2.145302712192966033e-03
2.027906534365481878e-03
1.731386799365281989e-03
1.560457611146072454e-03
1.576459946938686858e-03
1.284039114964091038e-03
1.147784713862670799e-03
1.197359250444505032e-03
1.341527389983336116e-03
1.600444355151719577e-03
1.795286968764331663e-03
2.944833442775739683e-03
1.960605454838110131e-03
1.538701909076836336e-03
1.277877927447358675e-03
1.228246297687292030e-03
1.198805499718420993e-03
1.172999698772198614e-03
1.224535853188071094e-03
1.230038339272141552e-03
1.376898144889209018e-03
1.383247987056771813e-03
1.198798465128574162e-03
1.318314739296005825e-03
1.590540516707632289e-03
1.814838951039645515e-03
1.615273444395926277e-03
1.918871768543289717e-03
1.437773724190062998e-03
1.382194754874540698e-03
1.397922712688644655e-03
1.958454539481964407e-03
1.469393827848964338e-03
1.449803941779666564e-03
1.683866740721795324e-03
1.590313399210572251e-03
1.520760257521437241e-03
1.338765165872043972e-03
1.562468456104397756e-03
1.447592422159181677e-03
1.497633849891523428e-03
1.555360552544395210e-03
1.580351114066110745e-03
1.498664858647518784e-03
1.427392602587739673e-03
1.645419902892576421e-03
1.214486396250625492e-03
1.145662931311461743e-03
1.193005592665738555e-03
1.449888008129265578e-03
1.893954436398214867e-03
1.543167551668981783e-03
1.295488456574579164e-03
1.204110447110401209e-03
1.355386978636185418e-03
1.815835800953209374e-03
2.068308943158222567e-03
2.381096488485733714e-03
1.724819267789522810e-03
1.721433740005724961e-03
1.511582962444259085e-03
1.177229695022106179e-03
1.104506675360931349e-03
1.043781939790480598e-03
9.877598953122893131e-04
1.064916126843955865e-03
9.694929912479387322e-04
1.001846132437802074e-03
9.830715277025269330e-04
1.042125142282909712e-03
1.031411579137460951e-03
1.473760415489475031e-03
1.438265094119641537e-03
1.825309487887554795e-03
1.733550381225844230e-03
1.606772325726019092e-03
1.585353532185157120e-03
1.333881817861563715e-03
1.121882020444091776e-03
1.103241054030756245e-03
1.182668567117717588e-03
1.117313544576366844e-03
1.183398709011574497e-03
1.145821317719916558e-03
1.062146386959486512e-03
1.079773873918586386e-03
9.944231544310848121e-04
2.040982003737654930e-03
1.639461122039291693e-03
1.615351374364561599e-03
1.388500269191960583e-03
1.323679839519576818e-03
1.058692805882957338e-03
9.995067983658777969e-04
9.741684527964227262e-04
1.049389195783684585e-03
9.181553032249212265e-04
9.962334416599737986e-04
9.414605837729241814e-04
9.547094172901577063e-04
1.075879186391830427e-03
1.064991098311212411e-03
1.151460592841936550e-03
1.565228334317604738e-03
1.454538607762919430e-03
1.171055899726019872e-03
1.631567748263478305e-03
1.282183004336224629e-03
1.099995181171430384e-03
1.040299766593509329e-03
1.209709253162145545e-03
1.012750857044011259e-03
1.002678873224390919e-03
1.067215931446601970e-03
1.057461759385963174e-03
1.076459914652837723e-03
9.885882291321953022e-04
1.132427385180360783e-03
1.461036981652594257e-03
1.071870421680311269e-03
1.006623897184100343e-03
1.275975212661756416e-03
1.093702208147280660e-03
1.097450877229372724e-03
1.298760512533287228e-03
1.135692546247608122e-03
1.191607451376815608e-03
1.418450834850470141e-03
1.238594662605060426e-03
1.072022114983863308e-03
9.652288260662720762e-04
1.022997629932231476e-03
1.085803431665731790e-03
9.701387103026111632e-04
1.056957957852217977e-03
1.014858750729925050e-03
1.207002145755622187e-03
1.197588696248001608e-03
1.278219650396042505e-03
1.076196626139183871e-03
1.118952736465467267e-03
1.217744738484422473e-03
1.212312680048247210e-03
1.088666531205591302e-03
1.259667275266514782e-03
1.403648794835640409e-03
1.029270721289018845e-03
1.060696487418479354e-03
1.082055650961895885e-03
1.461521394085139001e-03
1.314909368132551526e-03
1.187451277445587946e-03
1.045435733265347037e-03
1.049045045704891229e-03
1.012566892119745382e-03
1.059227641154494555e-03
1.108924322502894463e-03
8.969092312165432949e-04
9.883585486871501301e-04
1.018671190055708007e-03
1.222888906486332495e-03
1.338967691279119819e-03
9.595998392129938010e-04
9.612761282672484427e-04
9.900834871869948484e-04
9.206232909734050635e-04
1.182602582913305994e-03
1.023237010877993359e-03
1.012812396770136148e-03
1.099958740071290113e-03
1.306363703786498969e-03
1.055203905949989940e-03
1.612053167902760932e-03
1.091584639830721652e-03
1.036962143973343877e-03
9.364682241963843100e-04
8.342147214959065365e-04
1.029004023099939092e-03
8.860639485323595129e-04
9.033031849604514088e-04
1.030593002215027861e-03
1.536520878370437352e-03
1.410649445735745987e-03
1.390445775145457939e-03
1.075551473639077505e-03
1.119500396048857174e-03
1.145381306867218705e-03
8.994515946445365241e-04
8.775700701193677117e-04
9.303152292139000570e-04
9.840639996238880870e-04
1.103664128523733834e-03
9.718205342586670129e-04
1.030628326245480080e-03
8.791990433302190747e-04
9.318649830917516896e-04
9.930519917462435082e-04
9.994148944194119165e-04
9.837727996313736477e-04
9.378223178080386142e-04
9.000812232908275094e-04
8.262394239298171284e-04
9.183485676637954563e-04
1.077684322372078878e-03
8.968658041622904137e-04
1.071017367454866510e-03
8.780689956620335839e-04
8.593031784726513260e-04
1.111335063146220211e-03
1.319189843618207535e-03
1.935937106091942944e-03
1.187793838584588627e-03
9.001607641888161775e-04
9.557810591326819892e-04
9.659345409212012753e-04
9.208923733482757756e-04
7.748908342586623447e-04
7.634803218146164880e-04
8.317908792135616592e-04
9.783765834031833870e-04
9.365266302807463477e-04
9.479989879764616273e-04
1.142188295618527414e-03
9.008931187498900707e-04
8.414685301896598088e-04
9.018184606813722587e-04
1.052885183598846128e-03
9.998789711648391372e-04
8.624058946346243107e-04
8.178569500645002134e-04
9.691078521104322125e-04
9.912350566850768041e-04
7.698043689338696918e-04
1.000941891688853598e-03
9.640543403414388382e-04
9.664863761928346036e-04
1.032732794733924901e-03
9.011903332753314413e-04
8.788469268216027221e-04
9.249121951870619990e-04
8.175395206651754100e-04
7.980609804184900583e-04
7.655731143636836404e-04
9.271626045099563449e-04
7.952236611809995574e-04
8.617650293227699203e-04
1.214649924077093645e-03
1.117533692417459288e-03
1.130647664475772180e-03
1.421482698060572191e-03
9.784023784514929781e-04
8.464376488700509115e-04
9.677313332859840923e-04
9.759466290577418742e-04
7.268873410713341072e-04
7.712525985617604265e-04
8.630050641174118143e-04
8.568630367517471791e-04
8.276846197744211009e-04
8.126992297669251644e-04
8.836242233196066852e-04
1.042891797713107593e-03
9.644746345778305993e-04
8.953736086065570586e-04
8.402802779649695079e-04
7.638691714964806730e-04
8.545070082052714329e-04
8.257079331411255278e-04
6.901887830139862229e-04
7.246420315156380321e-04
7.892731147714787286e-04
8.115897480294936373e-04
8.278810579536689199e-04
9.983254107646644636e-04
9.124307230942779127e-04
1.032813815917405734e-03
1.082629969136582500e-03
1.615569148626592446e-03
1.022732084513538467e-03
7.926182205685311380e-04
7.626860211085941975e-04
7.198790647089481440e-04
8.096036459836695445e-04
8.457105544706185673e-04
8.270267505819598863e-04
8.439227783431609616e-04
1.324207382276654330e-03
1.317587802704009653e-03
2.097824131552543901e-03
2.129124422661132256e-03
1.451665891541375000e-03
1.055145255910853444e-03
8.262076104680696762e-04
9.523711961487101550e-04
8.234738496442636042e-04
8.909373766639165941e-04
7.364924991917279340e-04
6.730514811351895549e-04
7.877277520795662692e-04
8.354457560926676230e-04
7.667490632997618627e-04
7.201619329862297015e-04
6.567442023919688654e-04
7.213517138734459920e-04
7.808152024841143526e-04
9.145662902543942076e-04
1.044530936827262144e-03
9.596549140082465817e-04
9.739833997769488383e-04
8.039824861205286657e-04
7.176227122545242483e-04
7.856742584974401276e-04
8.649035486289196207e-04
1.107550975349214269e-03
8.540337025705310768e-04
9.921545561196074784e-04
1.072399039338860216e-03
9.242531597717768520e-04
7.870081403396195479e-04
8.284870943882398841e-04
8.180412313797408167e-04
8.942247358047299664e-04
8.217620865131417809e-04
7.919604212252629762e-04
7.015711278654634519e-04
9.136118631189067956e-04
9.734442980132169271e-04
8.486251305374834788e-04
9.216974028903576538e-04
8.300375457232197010e-04
7.463105664485030410e-04
1.046348732585708355e-03
1.476996686413056337e-03
1.092563792287061649e-03
8.981409397286673488e-04
8.120961502815286477e-04
7.209924882691767702e-04
7.853330431195597186e-04
7.065639186960955475e-04
7.132952580124967508e-04
6.794005999755527809e-04
1.013608815976314989e-03
9.369007950752146008e-04
8.008338580839335875e-04
8.522129912550250892e-04
8.067621210486524775e-04
7.406634816692935549e-04
1.005832603097789714e-03
8.831645801870359773e-04
6.811381954078873230e-04
7.530383558736906870e-04
7.430998639514048779e-04
8.342411783006456211e-04
7.553137807796399131e-04
8.480740069515175800e-04
8.904782434304554751e-04
8.404494123533368631e-04
1.060983693330652157e-03
8.000351276455653889e-04
7.911603758111595977e-04
7.407390895403093275e-04
8.406688981792993093e-04
7.434674825829764439e-04
8.391544843713442990e-04
8.232902787211868233e-04
1.318173850369122298e-03
1.273735112044960347e-03
1.109142962118817802e-03
1.140830321754846303e-03
8.874916181796126602e-04
8.008121119605170592e-04
7.179496090652213872e-04
7.324517031924591883e-04
6.867219047206971766e-04
6.169146159663796642e-04
6.332384629382027978e-04
6.225953804742959336e-04
6.244352087378501458e-04
6.795125051091115012e-04
7.685106234728461853e-04
7.198609310823182424e-04
6.451550778001546773e-04
1.004562478305564936e-03
9.133963002305892174e-04
7.250798628148105935e-04
8.320765011012553865e-04
1.044125827546748923e-03
9.222128402648701066e-04
9.376791913786696039e-04
9.479407733306288979e-04
1.134728072211146346e-03
9.820475962219966850e-04
8.675157715980377597e-04
7.392330377155708482e-04
8.373910121412740356e-04
9.518101736385788667e-04
7.808419513619607819e-04
8.151414646353159201e-04
7.888217125501897388e-04
6.825327386872636097e-04
6.341455180922315723e-04
6.217363575059506363e-04
6.303216990393897259e-04
7.351628900505601969e-04
8.640023796922630898e-04
8.887515837947527900e-04
7.154228628820014828e-04
7.222135437445507738e-04
7.313639173905054237e-04
6.983225407182342120e-04
7.722001602976685981e-04
6.696124954356087559e-04
7.407579472702410708e-04
6.572593251864115339e-04
9.390175541759364754e-04
7.252898460461033479e-04
6.886412257639070627e-04
9.702660738387041501e-04
8.546831132844090505e-04
9.119512932375073390e-04
8.093116489342517704e-04
1.257129275343484400e-03
9.345140592712494797e-04
1.036335761762327686e-03
1.062079609061280855e-03
8.351244562719431020e-04
7.071337186627918003e-04
9.186638940850065617e-04
6.902475008327100007e-04
7.357348470638195182e-04
7.645551394671201316e-04
7.457112334668636018e-04
8.417586162168946362e-04
7.647912959671683249e-04
6.726820999756455682e-04
7.071750114361445572e-04
7.942550468982922203e-04
7.815154967829585075e-04
7.617154991668131838e-04
7.818182521603173540e-04
6.795833311561081660e-04
7.381822825926873024e-04
6.663252118354041995e-04
6.456714904763631970e-04
6.707560762556063214e-04
6.065099494945671481e-04
6.483324394664831142e-04
7.227901703057190274e-04
6.546077168443137015e-04
6.960463102182580606e-04
6.047712023266487488e-04
6.297278264537453478e-04
7.042384354604614609e-04
7.309682941478159394e-04
8.688591079165537689e-04
1.073700013156566463e-03
9.799823224441045217e-04
7.663925139543910532e-04
8.115318634857734362e-04
8.558241888466808439e-04
6.917670472628540367e-04
8.454748473337126650e-04
6.999087514769700147e-04
6.277937770614193044e-04
6.447615883209638745e-04
8.452400823848114616e-04
8.474847751980027055e-04
8.094324895905123489e-04
8.521910420515471131e-04
9.482335066422819874e-04
7.881052171190579660e-04
8.573761530634429681e-04
9.744994272477924650e-04
7.792021665308210320e-04
6.868867508860097794e-04
6.192380089002350778e-04
6.112094552049206686e-04
6.067791850202613720e-04
5.941922701377835674e-04
7.845635794930987464e-04
8.697572319457928412e-04
7.561062749785681146e-04
6.246438330142862691e-04
7.066695826749006719e-04
7.067488263257675667e-04
8.235991187393664837e-04
9.104360500350594651e-04
7.082568649719986386e-04
7.929305447679427373e-04
6.825817417767313230e-04
6.356678584900995630e-04
6.812705146148801023e-04
7.909006609891851324e-04
6.976601564221911840e-04
1.002019624122315071e-03
1.016024468052718465e-03
1.034177270097037240e-03
1.061841297842976194e-03
7.484218974908192750e-04
7.683013214005363816e-04
8.944604651898973701e-04
7.488051113776034943e-04
6.647801150878270872e-04
8.359339869477682696e-04
6.877315297929777367e-04
6.720656974034176865e-04
7.081882407267888748e-04
6.245687565145393140e-04
6.680465882851017783e-04
6.068985686740941722e-04
5.940259033296671227e-04
6.170181780018739763e-04
6.769553455524146167e-04
6.969527977829177755e-04
9.384124444073273577e-04
8.009298720086613799e-04
6.852395597120953868e-04
7.015098517553674173e-04
6.923300672012070627e-04
6.059969343348509466e-04
6.665068849300345016e-04
7.925989437434408612e-04
6.923009977779454125e-04
6.704072170476946301e-04
7.887119308321012762e-04
7.230011021925342998e-04
7.052425657295518764e-04
8.287584052110711546e-04
7.884556748386885913e-04
7.842305085311333454e-04
7.579347185997499471e-04
7.067374339223735438e-04
7.348987589486771213e-04
8.971243426721129191e-04
7.694066139972871891e-04
7.770789709563056483e-04
8.405328293641407952e-04
1.220282807739244465e-03
1.249457607304470426e-03
8.730133255529735339e-04
8.900794174729122514e-04
9.222585702728893680e-04
7.658047350640926308e-04
6.534497895174556014e-04
5.969775750094818154e-04
5.694728344678879218e-04
6.621312955394386725e-04
7.698150957003236164e-04
6.027160926411549409e-04
5.773361904236177546e-04
5.820889564024077107e-04
5.628009989029831347e-04
6.255465520856281266e-04
6.174265395384281700e-04
6.380325229838490096e-04
6.451599566369420466e-04
7.703937103764878528e-04
7.356315062174366122e-04
6.669506104663014542e-04
6.446151774273151027e-04
5.693076645386301949e-04
5.849081055364674549e-04
6.138008064590394800e-04
8.119218356700407153e-04
8.854096147438717803e-04
7.177680120286014523e-04
6.461869586362607417e-04
5.925825124399529105e-04
6.436586915515362739e-04
5.603998958961003063e-04
5.526117861477864617e-04
5.377869988377723164e-04
6.037512478522128476e-04
6.442584971793823912e-04
6.458995680117772791e-04
8.605776897942026167e-04
7.002401129446095881e-04
5.751759238127204755e-04
7.591367430157131826e-04
9.403589246277180031e-04
7.712549925781786919e-04
7.597290287311706577e-04
7.129543119420607422e-04
7.282885929776562392e-04
8.952614903036090798e-04
8.020163397304714160e-04
1.016651921284695377e-03
1.067413609578377704e-03
9.094583346611923459e-04
6.696771426747242812e-04
5.724042743289221987e-04
5.464724911790754891e-04
5.948857664285848437e-04
5.888287536799908205e-04
6.686060050398939325e-04
5.915682347646604011e-04
5.161356452542046995e-04
5.928691486931509909e-04
5.650518133511973819e-04
5.905248343737589268e-04
5.468072364520695783e-04
6.680715816198951572e-04
5.555601648261978024e-04
5.555532590693069940e-04
5.800147406342956533e-04
7.297864685662918413e-04
7.975466394176085935e-04
7.416480588209298144e-04
7.570690620276662860e-04
7.947170532618959933e-04
6.836674083024263729e-04
5.734174796897503800e-04
5.864096725256078783e-04
6.446640490968194711e-04
6.074890275744514135e-04
6.582436446721355323e-04
6.597763274071945022e-04
7.490960358538561103e-04
8.571786342913078434e-04
7.173247061048944762e-04
6.735129607841372794e-04
6.532902335230674753e-04
5.929066671524197123e-04
6.914935760303504274e-04
7.339716537131203483e-04
7.360870189343889569e-04
6.218254033269153807e-04
5.827737731548647548e-04
6.133563206013705523e-04
5.969718186598684797e-04
8.840360394161608099e-04
8.563963015977706745e-04
7.469805904353658084e-04
6.670756449198557382e-04
6.842792429961264611e-04
7.018359372806217593e-04
6.698656829798387653e-04
6.795243274730940327e-04
6.311035831458866596e-04
6.262024466155303309e-04
6.198431889060884931e-04
5.536548720879686750e-04
5.758173618879583542e-04
6.043095571092433173e-04
6.771328248497512133e-04
7.859798619109722995e-04
6.547141245876749545e-04
9.457501706977685047e-04
8.173525286838412025e-04
8.053056109282705124e-04
6.374376165007965148e-04
5.895393434911966758e-04
5.664644791330728738e-04
5.592494812380108650e-04
6.467012347032626441e-04
8.925186356322633175e-04
7.643271537704599905e-04
6.910422012313372593e-04
6.242123008188273873e-04
5.303402232109672007e-04
6.171640086298187718e-04
5.452593126230769263e-04
5.569568811915814530e-04
5.365344509482383555e-04
5.764229067911704092e-04
7.691723279034097614e-04
6.130445924484067199e-04
5.388264251976377945e-04
5.470720875180429526e-04
6.304749758500191809e-04
7.027730309507912616e-04
6.640181043702695317e-04
5.570686593030889843e-04
5.864857985741562174e-04
5.904268481147786169e-04
6.487489323545661546e-04
6.151588646591537191e-04
5.577903903192944204e-04
5.879537678427166009e-04
5.320924184181623825e-04
5.000890543063481576e-04
5.131907838707168825e-04
5.405457255740960540e-04
5.701941518216497575e-04
6.496650171983573297e-04
7.359684532922174940e-04
6.199502422370844210e-04
8.358080281565586321e-04
6.992636545975175651e-04
6.035283621814515904e-04
7.907582058881719835e-04
6.754584038733608443e-04
6.809603281888283125e-04
5.563005378159384005e-04
6.147165844837824055e-04
6.790257289281321400e-04
6.386825478532248170e-04
6.723087482775250536e-04
5.563759054833402294e-04
5.375946999993174791e-04
6.040520140797727170e-04
6.005059619848099372e-04
6.502417443941037279e-04
9.851504006009135107e-04
9.088863215098778826e-04
9.255841237285898941e-04
7.966052021624313610e-04
6.477540483077366684e-04
7.000319906769113211e-04
5.604807476306127197e-04
5.909085286677711419e-04
5.500418265971044858e-04
5.560517823323607922e-04
6.083060356063974689e-04
5.778467660355899108e-04
5.770281089159349109e-04
6.803911181891130356e-04
5.672279036500388122e-04
4.951434945946351848e-04
4.920636438247230756e-04
5.352481682267453550e-04
6.510442065902882075e-04
7.896815268840227161e-04
6.620249933459692714e-04
6.018716495277152750e-04
5.611042383437355764e-04
5.650853549337221714e-04
7.575755447356237113e-04
6.897127141969071123e-04
5.698215401369250734e-04
5.462250775761074394e-04
5.778103518403239101e-04
6.720255100582208426e-04
5.996524343370563358e-04
6.496104116862018484e-04
6.689850962720811063e-04
6.042402736946112744e-04
5.916023453594081638e-04
6.223328830674290397e-04
6.338061255195902690e-04
5.795252954380379715e-04
5.625586428989966291e-04
5.519790078202883301e-04
5.797795736644830973e-04
5.200821921850244580e-04
5.234079613971213485e-04
5.155609541624370804e-04
5.369264368588726058e-04
5.478325553445352733e-04
6.887370839508043458e-04
1.131694348942902280e-03
1.053146088185409742e-03
7.614553217879599595e-04
5.609418876055214396e-04
6.707796591541005876e-04
8.707809380980001401e-04
6.906390966226657593e-04
5.560803360357466753e-04
5.278205664621458786e-04
5.614309582031435904e-04
5.408004632530112816e-04
5.296664544019019909e-04
6.032086670812633177e-04
5.614782649920218357e-04
5.808435734878811480e-04
6.105514155286881480e-04
5.410565635085933488e-04
5.697479192167520913e-04
5.967351357038650677e-04
6.413974654343393292e-04
6.414811023407512771e-04
7.045391965140071185e-04
5.903289767189158054e-04
5.579619385146846345e-04
5.730335110436297506e-04
6.068726106443338717e-04
6.172638528773354352e-04
6.000979088195082132e-04
5.704884458747175357e-04
5.941933822921580208e-04
6.533295350770155921e-04
7.476381522913774389e-04
6.340692663151356514e-04
5.706557310703727409e-04
5.828111890392998666e-04
5.666683169288767950e-04
6.126282095081276875e-04
6.458554442764983779e-04
6.524602748039696164e-04
6.056021834309730000e-04
5.811791440161565578e-04
6.689694583312505004e-04
9.013353081213103290e-04
8.132904566203555006e-04
6.553377200745873904e-04
6.370903189397520913e-04
5.605308923663364796e-04
5.066543081516607008e-04
4.892031548337803576e-04
5.995220486592087259e-04
6.082287513547473450e-04
5.813962086621257469e-04
7.560961186471912938e-04
8.491683195138143578e-04
5.482550987249447654e-04
4.887167412218534684e-04
5.040615440035859773e-04
5.710725697119616853e-04
5.214355477235383968e-04
7.586347759287390136e-04
6.101187898053063224e-04
6.151999246018628222e-04
5.373443701925376863e-04
5.523273338460260454e-04
5.377641232270333237e-04
5.302946761043535488e-04
5.978284799493849321e-04
5.716048470801777821e-04
6.406681658700108138e-04
6.156329044865237275e-04
6.640205061477091148e-04
6.094918022346165016e-04
6.569534907531407583e-04
5.464819252180556268e-04
5.460976778219143188e-04
5.538135430672102384e-04
5.747198779135942633e-04
5.609397797120942511e-04
6.014395401709609658e-04
5.998928498269783015e-04
5.090697730580966097e-04
5.215241728971401706e-04
5.770873389620747706e-04
5.611067606757084211e-04
5.412647824010087408e-04
5.329969956073910085e-04
5.477376758224434357e-04
5.209070017250875531e-04
6.053972570225596254e-04
5.632503185835149861e-04
6.070536851055091925e-04
6.808481644839048602e-04
1.267975168302655194e-03
9.064509098728497491e-04
1.104510179462118297e-03
5.967436883495085258e-04
5.298476578253838573e-04
6.189339230250980907e-04
5.043477458982831762e-04
5.095973716945284343e-04
5.798149243411090817e-04
6.663979941772089780e-04
5.777541465229457792e-04
6.102039414044055192e-04
5.422779395141535128e-04
5.626180012606911765e-04
5.293506039823922494e-04
6.428301430100368061e-04
5.638128945914407629e-04
4.986333502973947776e-04
4.908240865916013501e-04
5.527002085000276175e-04
5.439638989304916312e-04
5.441134376451372927e-04
4.872494849324640132e-04
5.200815697511037552e-04
6.155085336003038787e-04
5.480623339665018990e-04
5.260525343732701860e-04
5.756514995462364568e-04
7.024163576877779204e-04
5.617952822811073674e-04
5.480326042096647773e-04
5.302277846365338913e-04
5.376142258238461201e-04
5.497915740124881441e-04
5.216829813758118699e-04
5.984901569576726865e-04
6.059806255830659221e-04
5.813040231199314688e-04
5.664491330066488911e-04
5.164823533656696984e-04
5.048437600231004893e-04
