1.257170929511388091e-01
6.966272622346877941e-02
6.367701010571585885e-02
5.249696137176619593e-02
4.181845953067143962e-02
3.714780819912751747e-02
2.437168842388523840e-02
2.133634039097362031e-02
2.017788906064298463e-02
1.732145089242193362e-02
1.482957818027999704e-02
1.418064730034934197e-02
1.299221991250912311e-02
1.080038795868555786e-02
1.079131182697084211e-02
1.047273487266566980e-02
8.370575103908777306e-03
7.813598964777257808e-03
6.637533155994282744e-03
6.331918071955442220e-03
5.591735837774143916e-03
5.771221266024642409e-03
5.089220098323292418e-03
4.850156621800529033e-03
5.276311234467559626e-03
4.457852105713552490e-03
4.183914185398154677e-03
4.353442005813121587e-03
4.992782622575759471e-03
4.209452304575178258e-03
4.366440708852476794e-03
3.816304993298318560e-03
2.983343752308024316e-03
3.233607238572504955e-03
2.894696949256791215e-03
3.371781702670786050e-03
3.264660756621096029e-03
3.481786327643527062e-03
3.098409175872802752e-03
3.596894022905164096e-03
3.336579034932785504e-03
2.597484352687994425e-03
2.433878305471605906e-03
2.772627134496967113e-03
3.208383503887388393e-03
2.809366815619998396e-03
2.572364784363243354e-03
2.687438091056214545e-03
2.491321485075685682e-03
2.581964930933382859e-03
2.842726467384232292e-03
2.359174645195404822e-03
2.689194683399465276e-03
2.602270419398943369e-03
2.404823512252834278e-03
3.096039889173375203e-03
3.514599746300114350e-03
3.699810927112897295e-03
2.556071758477224207e-03
2.077341864092482372e-03
1.951209251354965894e-03
2.158797508519556818e-03
2.111729635960526118e-03
2.335503698430127593e-03
2.415571363849772397e-03
2.218417878159218391e-03
2.449542449580298636e-03
2.491968307230207642e-03
2.531544693435231700e-03
3.063583102905088028e-03
2.707737392435471263e-03
2.389972145772642411e-03
2.265386938427885188e-03
2.247672919183969428e-03
2.195579665195610854e-03
1.881134731488095374e-03
1.909306502590576732e-03
1.857810327783226880e-03
1.617179489177134402e-03
1.765910085911552053e-03
1.864268675239549693e-03
2.253431870809031838e-03
2.374160533460477774e-03
2.305961832818057607e-03
2.258660093777709564e-03
2.406389032387070987e-03
1.955466344952583313e-03
1.875527625282605521e-03
1.962365846460064137e-03
2.046850059802333456e-03
3.056486470417843753e-03
2.459293343126773938e-03
2.360932445153594156e-03
2.049260506820347640e-03
2.434485929293764891e-03
1.672523375083175001e-03
1.635676942144831088e-03
1.826346983305281993e-03
1.808295429994662617e-03
2.513874921326836147e-03
2.421448768840895552e-03
2.285700124791926677e-03
2.539854155749910608e-03
2.144024175488286679e-03
1.789375629482997795e-03
1.712830245701803126e-03
1.859699587544633203e-03
2.129966650779048769e-03
1.873725489195850191e-03
1.983471911710997602e-03
1.805354813631210049e-03
1.883473328004280729e-03
1.687909883136550675e-03
2.424947747753725905e-03
3.120618927189045509e-03
2.566088344901800052e-03
2.253258590483003376e-03
1.651251407133208287e-03
1.609201453005274125e-03
1.560591323197715831e-03
1.699427405061821206e-03
1.489058105895916520e-03
1.652406935269634019e-03
1.805986892431974333e-03
1.691701919254329440e-03
1.402597276804347891e-03
2.010571506495277203e-03
2.579185975094636443e-03
2.019117265525791419e-03
1.787932104327612411e-03
2.068285137001011232e-03
1.688717275650964897e-03
1.502362193746699165e-03
1.520724374180038724e-03
1.594208194356825509e-03
1.505537088960409069e-03
1.415749071165919295e-03
1.515843440364632354e-03
1.520855695837073935e-03
1.740972395572397457e-03
2.015788171233402152e-03
2.197835177390111694e-03
1.757808385623825867e-03
1.481318704576955938e-03
1.713347892380423076e-03
1.639152611088421675e-03
1.783442967053916646e-03
1.691507958393130128e-03
1.564575943371488038e-03
1.805564324474996955e-03
2.321776060594452854e-03
1.754888277500867792e-03
1.441631500298778176e-03
1.481312192562553613e-03
1.581663482098115848e-03
1.584276791351536947e-03
1.611565582247244041e-03
1.526372280075318204e-03
1.221860296403368389e-03
1.596457935455772650e-03
1.335489056073129246e-03
1.293921652249991824e-03
1.661019101738929688e-03
1.806779202694694256e-03
1.883681217829386370e-03
2.074437695037987389e-03
1.642285769598351682e-03
1.699124831292364362e-03
1.690203590939442276e-03
1.612260109848446220e-03
1.388925536949601374e-03
1.781955279616845951e-03
1.627464305816425259e-03
1.721762744192447845e-03
1.866610310971736960e-03
1.764686752317680277e-03
1.939184488728642455e-03
1.581787117239501824e-03
1.470091311881939521e-03
1.540281713629762387e-03
1.399435181584623078e-03
1.267152391115410363e-03
1.220577070489525708e-03
1.271276626115043929e-03
1.268631634819838722e-03
1.279464731406834309e-03
1.633767539428340049e-03
1.338111076297031528e-03
1.419852169023619846e-03
1.710562509381108797e-03
1.802837068421973225e-03
1.867181102020872962e-03
1.706680183609326660e-03
1.695900713093578729e-03
1.924963425844907752e-03
2.103131289800835944e-03
1.965127985717521602e-03
2.067814698028895386e-03
1.499134265921182050e-03
1.727128386911418786e-03
1.392611533196435984e-03
1.243694557601378965e-03
1.175181218940350844e-03
1.240703196575244265e-03
1.337441373616456977e-03
1.698503307998180424e-03
1.374785092969735539e-03
1.158394467396040798e-03
1.055456586699518801e-03
1.275618897440532759e-03
1.167744080432587097e-03
1.035620770158453188e-03
1.292496239766478556e-03
1.124275797564122485e-03
1.311124808982842404e-03
1.414733731912242018e-03
1.345875137485563798e-03
1.311741437142093956e-03
1.830510256501535543e-03
1.428279479344685870e-03
1.264535099681880813e-03
1.462055135828753275e-03
1.437590432146357202e-03
1.457411433673567146e-03
1.452080306286613167e-03
1.363680369945036120e-03
1.426906452721191836e-03
1.310419889891313149e-03
1.211842620848781540e-03
1.224415995077126566e-03
1.279020043503906927e-03
1.374722615712218720e-03
1.183304870501160561e-03
1.069955922559731555e-03
1.105470322072505925e-03
1.314717811635798903e-03
1.116324986020723973e-03
1.317142643965780752e-03
1.259128885964552573e-03
1.257285545062687606e-03
1.441048001870512971e-03
1.272752660637100621e-03
1.318625327613618661e-03
1.310590892616245390e-03
1.635745070460769895e-03
1.341688319419821057e-03
1.203878196991152146e-03
1.168293926037020222e-03
1.884183518381582446e-03
2.041001643778549320e-03
2.002809347791804397e-03
1.505766609269711684e-03
1.252623744722869761e-03
1.627604808244440286e-03
1.791135708077086237e-03
2.346112668100330725e-03
1.576645057131018882e-03
1.216651222461627695e-03
1.254935719900660994e-03
1.139164354341725468e-03
1.072483517022596554e-03
1.125731727936201592e-03
1.451471417935358164e-03
1.277130013849172262e-03
1.179753862735297880e-03
1.192173530451125663e-03
1.575643191010587824e-03
1.349408305767509694e-03
1.213427279920627688e-03
1.114450488239526835e-03
1.089320260410507569e-03
1.278354764605561800e-03
1.244354799596799829e-03
1.192775447335508131e-03
1.036355346182568160e-03
1.131149131235563128e-03
1.194664076384570773e-03
1.188091179355978914e-03
1.384012961967123799e-03
1.341516509031256011e-03
1.387304517233537262e-03
1.213719713915553449e-03
1.207838156777951439e-03
1.239953309608002449e-03
1.425999021157622372e-03
1.284191535475353359e-03
1.288460889934665626e-03
1.144040734507143506e-03
1.163003829618294979e-03
1.224803710356354687e-03
1.031513931229710492e-03
1.154684847634699632e-03
1.055546359986894766e-03
1.359634578434957457e-03
1.267964468441075757e-03
1.241850421453515605e-03
1.281809185424612587e-03
1.269054361360354545e-03
1.208662295248359502e-03
1.237861976130969063e-03
1.305433221989207773e-03
1.449840109691851722e-03
1.412239921175771325e-03
1.393463931356867230e-03
1.558030567959778779e-03
1.498174317595031557e-03
1.916775734474261694e-03
1.209192659912837909e-03
1.181135935087998610e-03
1.340027988577882460e-03
1.108361082927634359e-03
1.040218693928586123e-03
9.829380122634270769e-04
9.685331730482478691e-04
1.002779298772414444e-03
9.922975560443269595e-04
1.289448062371876440e-03
1.862403773185279578e-03
1.600384553894400666e-03
1.418477869075205483e-03
1.266411657238172145e-03
1.251440566136605191e-03
1.796846777821580528e-03
1.852260460145771417e-03
1.501525017018947314e-03
1.266312459483742627e-03
1.159006376336845986e-03
1.144332463542620379e-03
1.055738019446531917e-03
9.656486360149251283e-04
9.870555324272977001e-04
9.793681056342190289e-04
9.619519577568604258e-04
1.112856643998788499e-03
1.159243910935603980e-03
9.984563567882610412e-04
9.487849334254860358e-04
9.350503717238704219e-04
1.032000388432708022e-03
1.028191322564250831e-03
9.910920699540940078e-04
1.052540967033968990e-03
1.028918633496181921e-03
1.001457668220003504e-03
1.100166805295480551e-03
1.263161786159293538e-03
1.108622164982888542e-03
1.152518022184570532e-03
1.079893084242940053e-03
9.147466574278142548e-04
1.202458931495332039e-03
1.199369866711398006e-03
1.275058344730900430e-03
1.121287421685540110e-03
1.182114838932951271e-03
1.573834502552118493e-03
1.182734058755967278e-03
1.152231585130923403e-03
1.217686408716771307e-03
1.049981697255538641e-03
1.686095963232219115e-03
1.318891841090387863e-03
1.363319306013484724e-03
1.586810565657085755e-03
1.781582322178615471e-03
1.422860865584678119e-03
1.317712290781653493e-03
9.978637088918023389e-04
1.023935496600137871e-03
1.017559409762422255e-03
9.197746271577974218e-04
8.858266452120410611e-04
9.154320073624451666e-04
1.002966561872098211e-03
1.021579872402879861e-03
1.032577396060029625e-03
1.049726271691421705e-03
1.051250061330696048e-03
1.037964048640181670e-03
9.688804140831861226e-04
1.018645969064285294e-03
1.105585514257351621e-03
1.195713880264924695e-03
1.155929038197629939e-03
1.416223515859908483e-03
1.119070748488108303e-03
9.587042561421791915e-04
8.684948360961344208e-04
1.031681991492708469e-03
1.324622224912875125e-03
1.111521708468596152e-03
1.024340685560471559e-03
1.089346260608484379e-03
1.227540937769744074e-03
1.102863731276657868e-03
1.053975418003068971e-03
1.422302109292811851e-03
1.388671858650114728e-03
1.096472497512069114e-03
1.143803950916561733e-03
1.199396642235418201e-03
1.287769730616774785e-03
1.080069968787332382e-03
1.048975164691607091e-03
1.102392500680353946e-03
9.971813746314081225e-04
1.044525195740991265e-03
1.310143897102938751e-03
1.329575511109497765e-03
1.114025184781187137e-03
1.328116415275467721e-03
1.016251573132144091e-03
1.358120248446034132e-03
1.006357385259535470e-03
9.207580549021562085e-04
9.393366679756177777e-04
1.114976230957027969e-03
9.463756365908517062e-04
1.089674259484228053e-03
1.270479341037571369e-03
1.221141409542825457e-03
1.076159655737380120e-03
1.047459020693269080e-03
9.578335862089362674e-04
1.009388534973065148e-03
1.039270917471084256e-03
1.044602805696841653e-03
9.287550745324955935e-04
9.900231204099125409e-04
9.025252400897443598e-04
8.519646049373679701e-04
9.672348382365372321e-04
1.240592711191210520e-03
1.708670533779594550e-03
1.468269672865668909e-03
1.275429413136508743e-03
1.326274234387609698e-03
1.000742033486151129e-03
1.016539408204456246e-03
1.149778830197950271e-03
1.627060036278433217e-03
1.168371589802619584e-03
1.026537376973364092e-03
1.125295479885406050e-03
8.931690842534105359e-04
9.056364915644129002e-04
9.188341173446840917e-04
8.736409743626912970e-04
9.969840131493078357e-04
1.209157294490271128e-03
1.057347434365914912e-03
1.019575561189817051e-03
8.516500284895300909e-04
8.103448907948202374e-04
8.540877249712745378e-04
9.734248680373032469e-04
9.340479054177800540e-04
1.164024602621793660e-03
2.053168884788950186e-03
1.500845734650890035e-03
1.058691712613735007e-03
1.011708539186252555e-03
9.832558563599984747e-04
1.097252535530262446e-03
1.244657716403404840e-03
1.113438708190288761e-03
1.133124890426794691e-03
9.396227363807459687e-04
9.290711529966858050e-04
1.236246705262197473e-03
1.264475111901346193e-03
9.724856918263766062e-04
8.221673732623457865e-04
8.127330212543407888e-04
8.179225079301330730e-04
8.868097814006938376e-04
8.751776214275094803e-04
8.509349434946974306e-04
7.880214891499943497e-04
8.063982023547093233e-04
9.134014341462817418e-04
9.719442997852133399e-04
1.151736438688304642e-03
1.270859305643373075e-03
1.237766122341983936e-03
1.181328656772772387e-03
1.068857581251197444e-03
1.535094768947197234e-03
1.201576246983475111e-03
9.964140758125317535e-04
8.211468051498134945e-04
9.671671445377999195e-04
1.163826851277715603e-03
8.752232645120886162e-04
9.003129084077146193e-04
8.056572860934668300e-04
7.851626605002416876e-04
8.734219221191273511e-04
8.955021934687263426e-04
8.909802198306553990e-04
1.015868835772077263e-03
9.796740875268976616e-04
1.160549898631870825e-03
1.254241069157918231e-03
1.492751274878779955e-03
1.150353843760159190e-03
1.099910543093250877e-03
1.073633018984562889e-03
9.758802842245333821e-04
9.350857837125658685e-04
8.040915869383347906e-04
9.265434084874060597e-04
1.159869515750971015e-03
1.002474187148941903e-03
1.089966228335267949e-03
1.127214149261514253e-03
1.285857164507938797e-03
1.053012526697582772e-03
9.890455255905786832e-04
8.695157560416394080e-04
9.271680599906378072e-04
1.036310277154876228e-03
1.128538313528729782e-03
9.482249762448999222e-04
9.161408752616908907e-04
1.094412140858670116e-03
1.104693422093987491e-03
1.077289595786068204e-03
1.487781113117105395e-03
1.337691357152329640e-03
1.079243897563881421e-03
1.169716707016858802e-03
1.224186523920959939e-03
1.098086011544283829e-03
1.117482511326670612e-03
9.041470925634106058e-04
9.303195448592305227e-04
9.061907625032795607e-04
1.156290560029447001e-03
1.019378475223978262e-03
1.074727764870557446e-03
9.254082908026046127e-04
8.926446280545658743e-04
8.702618887441026119e-04
9.009731170307430691e-04
7.442758754930562781e-04
8.213433788882362014e-04
1.009282171208825346e-03
9.307339890963501738e-04
8.243705743613342603e-04
8.850415578732888366e-04
7.642230052604443878e-04
7.883573822780615831e-04
8.187488694157865447e-04
8.868192790800498220e-04
1.021657487274044065e-03
1.298995581972930188e-03
1.079910598281357079e-03
1.068807437808977183e-03
1.057392831167413205e-03
9.599598471282256695e-04
9.080320048249429857e-04
8.782478737541370454e-04
8.950275265508227541e-04
9.164660217033491910e-04
9.363448573276400653e-04
8.717367495410144503e-04
8.128504607722990575e-04
7.861627891866697620e-04
8.189508911325700091e-04
9.794166528930266322e-04
1.290997345931827996e-03
1.272175988285905758e-03
1.082001270001961080e-03
1.016027807361549870e-03
9.953300005549358710e-04
1.083364396149085612e-03
9.986668918281792814e-04
9.891724250175885826e-04
9.443483020489414331e-04
7.978740238791538200e-04
8.319573474323584128e-04
9.604514172921578292e-04
1.018410076697667506e-03
1.040058735137184371e-03
1.502428014452258714e-03
1.159493646894891976e-03
9.195724434943662422e-04
9.594187828608685470e-04
1.056234586156076880e-03
8.891911711543798447e-04
9.507775567989382084e-04
8.299968290763597026e-04
7.423001258737510835e-04
7.483132587124903578e-04
7.840602203375763614e-04
9.769105937124955043e-04
9.174018110045128755e-04
8.373064382208718175e-04
7.251812088199787593e-04
7.458874684137602358e-04
7.691600954987936212e-04
7.859856159322791422e-04
8.355833245958718680e-04
7.949103590928845685e-04
8.909169496554467885e-04
8.133480190816853210e-04
9.479292544225851290e-04
1.087291750332547609e-03
1.111187835275712988e-03
1.031330681095520702e-03
1.087290692764023969e-03
9.395088788328899562e-04
9.868067632325821809e-04
9.216739894408319160e-04
8.024749910045001020e-04
8.166480470552212696e-04
1.057532516359869059e-03
9.194427066379123794e-04
9.651736462385289948e-04
8.187274477030667815e-04
7.379175820905301171e-04
8.145111250794595612e-04
1.091939835912651485e-03
9.285995726370149589e-04
9.477845532819629062e-04
9.244982753362920120e-04
8.606483388899101566e-04
7.949397573247551398e-04
9.853952279728320392e-04
8.548410728366839057e-04
8.258189268720646410e-04
9.361027450197272970e-04
9.161975938412877723e-04
9.526991766567031485e-04
1.329372192526029296e-03
1.584905509630011103e-03
1.354602445434365064e-03
1.322241496398217061e-03
1.086299978714022358e-03
7.997995666745636280e-04
1.079039778560399914e-03
1.033160005075236219e-03
1.015901937045984903e-03
1.065115854144096322e-03
1.440439463282624892e-03
1.554691380717688034e-03
1.508915765055765697e-03
8.775832654080457235e-04
8.845541631388994857e-04
7.412053678288228363e-04
7.604470248851511556e-04
8.974446519277990255e-04
8.455527027965419485e-04
8.443382157323261333e-04
7.726513824632598058e-04
9.227982918835348760e-04
9.540905756875872222e-04
9.298463515006005591e-04
9.789336431357594653e-04
1.082674982026219290e-03
8.989117263505856485e-04
8.121567240191830076e-04
8.095011536756323463e-04
7.879160313556591135e-04
7.822060339256293668e-04
7.441340984466175311e-04
6.981196011313134300e-04
6.791878018217781775e-04
8.233046842118104357e-04
8.878905212299691369e-04
8.182273781858384783e-04
9.801573078665468727e-04
9.420177138720949722e-04
8.746140848638283248e-04
8.551304570088783929e-04
9.664925441352857681e-04
9.132793874272869972e-04
8.515374269336461804e-04
8.438693659587038999e-04
8.275147646458612827e-04
1.026855085769461324e-03
9.844801605989536575e-04
9.246847690600487699e-04
7.489819498732685999e-04
7.614645677515201674e-04
7.328841069506274435e-04
7.800123928528693339e-04
9.862941037863492792e-04
9.647290744922227190e-04
8.730465316006706450e-04
9.030473128789001181e-04
9.763625947137674231e-04
8.829087810590862881e-04
9.779210119611686861e-04
1.052081171526677043e-03
9.306055990358193600e-04
9.794585230863757548e-04
8.201271383505728905e-04
9.375259968348675053e-04
1.099707051697704609e-03
1.063707848596904008e-03
1.153318611904978691e-03
1.267634146950311199e-03
9.552913397136661997e-04
7.938655745238066110e-04
8.901593265020185230e-04
7.146829496034317079e-04
7.104279830430944298e-04
7.597630724517835015e-04
7.708559198201530736e-04
7.992339749924010474e-04
7.106462798805699994e-04
7.248787778533166779e-04
7.004550477075908088e-04
7.787097069538301535e-04
7.828383427113294775e-04
7.462150758753220269e-04
7.218392382168935294e-04
7.550726342014968439e-04
8.178779053398305045e-04
1.087916282833450423e-03
9.783579357382323535e-04
1.033655008197658558e-03
1.067782081146207134e-03
1.179557837442391389e-03
9.154100819594330205e-04
7.463231915608048873e-04
6.596950953826307947e-04
6.561591781468854986e-04
6.743405231585104884e-04
6.839126664110355743e-04
6.888308420052958667e-04
7.638228257807592493e-04
1.028439553661478992e-03
9.579535951423975978e-04
8.018440903267926110e-04
7.991778928165635008e-04
7.683146243087119083e-04
9.396371581695145978e-04
8.898392981953090648e-04
8.392780600115656462e-04
8.830176945775747559e-04
1.000714257566465322e-03
9.745467614589466403e-04
7.132218747089306065e-04
6.966078276228573115e-04
7.228459257425533160e-04
9.486054090989960415e-04
9.562051492846674293e-04
8.603332150313589477e-04
9.118258986725574907e-04
8.359497718306051813e-04
7.769475768630702784e-04
8.310871920548379551e-04
8.563604612006909395e-04
7.801456669242017288e-04
8.569557028305199763e-04
8.184379815227455510e-04
1.044009679721461447e-03
1.013253760627574364e-03
1.152972456378241342e-03
1.344210723828938173e-03
9.819476089129844289e-04
1.071750559430155415e-03
9.035735986092024259e-04
8.587598692004879070e-04
8.072789023733801519e-04
6.847891801347335107e-04
7.320272632771068246e-04
7.151491024220983563e-04
7.878987211734056993e-04
8.397468805520071165e-04
8.067492437031534118e-04
7.633522755673362217e-04
8.741966060673197472e-04
8.786034263256523426e-04
8.543824156125386267e-04
7.087010569456550632e-04
7.678557867701682341e-04
7.012392477028899776e-04
7.716367885263429854e-04
8.630535275571876242e-04
8.473584324949317821e-04
9.112893448521693042e-04
8.174193779834442418e-04
8.748923987150192781e-04
8.442757646035817460e-04
7.929567133800850820e-04
6.933386150437096957e-04
7.306392979808152026e-04
7.374703245133989527e-04
7.283426415071719145e-04
8.236635869575871126e-04
8.044783351942897147e-04
9.981787841146191106e-04
7.823518430814147169e-04
6.667328724223706322e-04
6.712526295127139867e-04
7.340760870526234208e-04
7.755783133001790605e-04
8.891502555666698331e-04
8.589998893957171691e-04
8.194277409671081591e-04
8.893290612225731358e-04
8.715170414911376038e-04
8.386985833446185127e-04
1.200287268600530024e-03
9.461308534567554589e-04
1.021048870041138621e-03
1.509485557261440415e-03
1.175093159803913693e-03
8.082978833570248194e-04
7.034290007626016689e-04
8.345718793053594165e-04
7.598093392637868390e-04
7.935307361185550820e-04
7.331499224528670181e-04
7.782256613588995134e-04
7.681512263500027719e-04
1.117006669390118887e-03
9.133501335357625817e-04
8.984805157201158129e-04
8.431819484879573678e-04
7.842173062575359633e-04
7.919322513043880723e-04
7.402511986179484069e-04
8.282792138763599979e-04
9.151004435908463098e-04
8.560348783309260946e-04
8.058742265630927659e-04
8.436480826801723981e-04
9.224330732184979516e-04
8.270579152223136998e-04
6.595026675818695203e-04
7.899323356751766995e-04
7.944063004106283361e-04
7.008803454745147436e-04
7.372092072748475224e-04
8.829690027050674482e-04
7.164920985491739181e-04
7.177177480318480381e-04
7.930293909481001728e-04
7.628520117658707826e-04
8.820713769334058256e-04
7.620111043151054286e-04
7.988807083004050577e-04
7.036906517007285181e-04
8.775725019060903308e-04
1.033334340900182767e-03
7.747396423170964126e-04
8.025921099922723187e-04
7.353772719701131546e-04
6.707715369864470810e-04
7.072236782146824278e-04
7.427808011157645057e-04
8.235917131726940054e-04
7.462024605936473784e-04
7.809990773805313390e-04
9.668685050888193612e-04
8.323700663944085540e-04
1.093372664052165259e-03
9.706854370112220172e-04
7.783147899640930571e-04
7.006126994060145287e-04
6.646036845631897103e-04
8.207613240099615858e-04
8.159386966791417782e-04
8.941969223734405267e-04
6.949698441247973302e-04
7.731082233496837982e-04
8.367745645551218168e-04
1.081717425388180462e-03
8.002530203925238344e-04
7.483478547591302385e-04
6.964224002634485057e-04
9.063737151316470734e-04
7.541584932348794788e-04
8.501974674355652082e-04
7.944714363353947264e-04
7.015212591634028497e-04
6.489875628095533684e-04
7.133118014058304791e-04
7.158951616535584074e-04
7.208906887616548789e-04
6.850959940089120046e-04
7.367362278617090900e-04
6.500412466832332673e-04
6.890655940191613236e-04
6.863580928701493731e-04
6.958124284735984783e-04
9.617931985606750214e-04
8.066083188168704727e-04
7.432890468690957946e-04
7.593190985628300426e-04
8.091480608305169327e-04
6.976901690682603104e-04
7.241621908421317939e-04
8.645190898742941043e-04
8.580248616635799885e-04
7.514810551785760335e-04
7.932822998716599185e-04
9.727202847393022836e-04
9.189134474015897775e-04
8.866861046084926860e-04
7.570027730738123229e-04
7.728710041070977529e-04
7.892719764883319522e-04
1.079160732010172544e-03
1.012416799914919599e-03
8.219235170529119987e-04
7.006521962790025586e-04
7.265036351357897527e-04
6.721761261319948461e-04
6.707915849983691996e-04
6.702724044832090479e-04
7.158076315600839061e-04
7.388761683574153211e-04
7.100917567085061194e-04
6.682646577246487357e-04
6.900719811932907880e-04
7.589823398221698120e-04
7.324700417100555878e-04
7.556710953617261882e-04
7.194157348324854923e-04
7.548683066852390636e-04
6.926225847564637878e-04
7.833298031861583507e-04
8.695627981796860218e-04
7.899831194016669004e-04
7.628542552184727505e-04
6.975626490182346498e-04
6.537619103781051400e-04
6.859034729293651258e-04
6.874159469993577605e-04
9.016196649625069209e-04
7.646119956754975642e-04
7.213495744185315474e-04
7.079066812164253996e-04
8.264700429410570077e-04
8.159193779445357130e-04
9.608366738797889531e-04
8.900069869640800596e-04
9.781705784714883698e-04
9.038690185277826767e-04
7.117453217506408431e-04
8.467967378803425765e-04
8.093184620762864734e-04
7.239004891986648444e-04
6.398831263908909706e-04
6.750158774149086875e-04
6.817923281859192709e-04
7.092397380620241122e-04
6.801328035847594572e-04
6.888982506158450965e-04
6.643613469269541013e-04
7.288662031189435371e-04
8.031304175448086141e-04
8.851063722330662891e-04
8.296837393815319163e-04
7.893716841418709504e-04
7.093030253114800121e-04
6.551946042519476337e-04
6.798778769249717207e-04
7.976672772525085541e-04
1.015260593137807350e-03
9.054453391581774018e-04
9.284970498022933902e-04
8.551971666100952182e-04
7.191719572680691777e-04
8.712322345106965566e-04
7.799138501286506609e-04
8.377931199760900232e-04
8.994750378446446848e-04
1.129053248506453350e-03
8.345295907929539247e-04
6.989880053636928848e-04
7.814352923176355126e-04
7.412594582678542999e-04
7.719087631752094125e-04
7.504094337734083103e-04
7.168355284051762533e-04
6.628731560582916361e-04
7.347625938968526185e-04
7.855061865929100114e-04
7.796950384767519036e-04
7.357441199322541049e-04
6.688176504232816845e-04
7.063420843850407244e-04
6.830366080005964135e-04
6.863863647191061372e-04
6.932942351947228620e-04
6.178333173092041180e-04
6.692460070674618186e-04
6.321442308318284348e-04
7.177374341214696508e-04
1.011570691544976495e-03
8.854758180677891168e-04
8.552269311621785598e-04
6.803232069230742002e-04
