1.121870314412646841e-01
7.588457657231224840e-02
3.479421655337015806e-02
1.318272417204247558e-02
6.915553477075364955e-03
4.341867561969491897e-03
3.794870984016193282e-03
3.053962012959850984e-03
2.974727186891767614e-03
2.954150999171866344e-03
2.556533401625023759e-03
2.511934381392267115e-03
2.227770058024260754e-03
1.854930781862802009e-03
1.739687085565593417e-03
2.193047891681392837e-03
1.955232615065243418e-03
1.988576837918824749e-03
1.936443965468141780e-03
1.633978451912601864e-03
2.142742885690596382e-03
1.663773020522462103e-03
1.416653711866173570e-03
1.389515241608023539e-03
1.483564615870515543e-03
1.725913536113997306e-03
1.400255135570963299e-03
2.060155631560418258e-03
2.172348860444294101e-03
2.241517539239591943e-03
1.829570814863675215e-03
2.076679031468099939e-03
2.441600403851933165e-03
1.977819492005639807e-03
2.009871594814790618e-03
1.438684451083342307e-03
1.804393278434872653e-03
1.206393723065654492e-03
1.370533627147475829e-03
1.162467733180771231e-03
9.970511878944106343e-04
1.074731667888247305e-03
1.148036350496113318e-03
1.078185739461332612e-03
1.216517575602564603e-03
1.391593407218654843e-03
1.729928028976751705e-03
1.551358640814820989e-03
1.761589702218771016e-03
1.924758352753188793e-03
1.755531246566937936e-03
1.181135450800260009e-03
1.072686043464475287e-03
1.035615754986388875e-03
1.234762131546934512e-03
1.355359266098174736e-03
1.122642530956202049e-03
1.110196949189735851e-03
1.011100505582160358e-03
9.520324989635911561e-04
1.047438853937718642e-03
1.099226025140119826e-03
1.128793218069606323e-03
1.082192482426762650e-03
1.114913888999985317e-03
1.459087555089758417e-03
2.379133467459016230e-03
2.697669644322660092e-03
1.916032464553912504e-03
1.510489008958554877e-03
1.198225300241675733e-03
1.021602935571637449e-03
9.856572879167893944e-04
7.985806123663981640e-04
1.065159193757507635e-03
9.230076638050377326e-04
8.088495540950033265e-04
8.305428166770273055e-04
8.974206913262605710e-04
1.026400154870417284e-03
1.374162415870361755e-03
1.105214290372613303e-03
8.702967380587425979e-04
1.209586072299215567e-03
1.655290241922355429e-03
9.727457313177486666e-04
9.477947962780793479e-04
9.760873211133811594e-04
1.160971228964626780e-03
1.376186804845929215e-03
1.016860780202680095e-03
9.217346508780287825e-04
9.302003686833713262e-04
1.067306629071632963e-03
8.920368914388948373e-04
8.656754831059111730e-04
9.700528113171458461e-04
1.056363321840763075e-03
9.343813546001910860e-04
7.726303891589244395e-04
1.134484145117716728e-03
9.409088781103491480e-04
1.976470216694805465e-03
1.467347685247659753e-03
1.489050175166792321e-03
1.107584888425966040e-03
8.206781367253926504e-04
1.052235012046164953e-03
1.033903208768202240e-03
8.225442057785888614e-04
6.973572140042152935e-04
7.263667695224285169e-04
9.632445191447105461e-04
7.739640844778882586e-04
9.324042123949362326e-04
8.398219596387611775e-04
7.736953999847173561e-04
8.370854545177684736e-04
1.028378392673200961e-03
9.088647748447127020e-04
9.522498380910191743e-04
7.491140150361591098e-04
9.539966212792529024e-04
1.027756871448622794e-03
1.013250680019458106e-03
7.835536760588487524e-04
7.387784860717753251e-04
6.454941268182462629e-04
7.125865135134922240e-04
9.396235587903194620e-04
1.150714848707947401e-03
1.126807249254650626e-03
1.072284870056642355e-03
1.050558948061532539e-03
8.880615231787993219e-04
1.129914385577042825e-03
1.149944374079091671e-03
8.399665676471259603e-04
6.374303618859913619e-04
5.851098499260842627e-04
6.538549598513377801e-04
8.572340873070061467e-04
7.110308778161803954e-04
6.700289414988624091e-04
6.507869734842744057e-04
6.492431345395743370e-04
7.746080177215238817e-04
1.052932100784447541e-03
7.909179566841986883e-04
7.022741369696127540e-04
6.759727619484894902e-04
7.775747765683465804e-04
7.120584396438466154e-04
6.793943378660413993e-04
7.129540599675642442e-04
7.085067988373338699e-04
7.632379358013470548e-04
7.038790719687110752e-04
9.683473853187428860e-04
9.928857840390669515e-04
6.796112051233649037e-04
6.591359727705518650e-04
6.504007532364792458e-04
5.837587205072243893e-04
6.352920413741635101e-04
9.645363941995633954e-04
7.281651554836166690e-04
8.593597837413350380e-04
6.009582355101075789e-04
6.344536412507295912e-04
7.666590685645738789e-04
7.289358197400967656e-04
6.454370794300403518e-04
6.778799144861599128e-04
6.106730943752660106e-04
5.503994751618140023e-04
5.657595853942135608e-04
6.764440616178844096e-04
8.044386655092238859e-04
7.283576101892524305e-04
6.569619238790538407e-04
8.992229202865726191e-04
6.540145580139425244e-04
6.764675278423561275e-04
8.232012297958135301e-04
1.229036396058897241e-03
1.154916292677323104e-03
9.450874508668979067e-04
8.706983582427103895e-04
7.663044778423176761e-04
6.917386377851168300e-04
6.063320460574080041e-04
5.476792503355278324e-04
6.062427602915300374e-04
5.324450661686973545e-04
5.884668599658956405e-04
4.937603422957990073e-04
6.636597661094532571e-04
5.794498109672632877e-04
7.187469003515111528e-04
9.257387338827053171e-04
9.204057086673047509e-04
1.068912160893281324e-03
2.029811491568883110e-03
1.803516672613720163e-03
1.058410642565124670e-03
8.632395504456427541e-04
7.212340014262332228e-04
6.681039401640494462e-04
7.417003577575087070e-04
6.697981328599982714e-04
8.121885592117905183e-04
6.201677871609314078e-04
5.291157660798894444e-04
5.098013344427777729e-04
5.171598584598137600e-04
5.120083273181484911e-04
5.544212825285892111e-04
5.147275706339213882e-04
5.092519291469620136e-04
4.621219160293953110e-04
4.880120387921730489e-04
6.510316086415615698e-04
5.955229844484063876e-04
5.866250284533534040e-04
5.257472716685797961e-04
5.080296752405249637e-04
5.568625539955165439e-04
6.361497431579563131e-04
6.989602967061930242e-04
6.119291962952249633e-04
5.834127408969733879e-04
6.498414836823940104e-04
5.622714513447135947e-04
6.164044198683566378e-04
6.137394519626266937e-04
6.867070563344492007e-04
7.074165892683797422e-04
5.555913299839529505e-04
4.837817711652153121e-04
5.279591555396715742e-04
5.015996028669178789e-04
6.419628015201953117e-04
6.887145837148030483e-04
6.167593743238183965e-04
8.200695815806587248e-04
9.442891941095391635e-04
8.211399143975642041e-04
8.099103936304648688e-04
5.836052742476265142e-04
5.431082461857133538e-04
5.675382685795840555e-04
5.180950418839023715e-04
4.473050104247198989e-04
5.897266314261489411e-04
7.761156310637792139e-04
1.735273085327612014e-03
1.234620129689574259e-03
1.039899179918898518e-03
6.737372784927072927e-04
5.382401692784494901e-04
5.954704966603054008e-04
6.628874831625984967e-04
5.332452617585658940e-04
5.244177318592038858e-04
5.456614866852760835e-04
4.817601378696660100e-04
4.723678084297312655e-04
6.952672177511784804e-04
7.986085401434037676e-04
6.551496710421310940e-04
5.912100451274050674e-04
5.277231208876603579e-04
4.814847703609201422e-04
5.397761649348669288e-04
5.503082898859348133e-04
8.589226315315398727e-04
7.967526496698458787e-04
6.349542255823810823e-04
7.750796011856032766e-04
7.062881781409183690e-04
1.052269652071926393e-03
1.139653257818685692e-03
7.472542135251893222e-04
5.879495872391594718e-04
6.189117206829703160e-04
4.797441222601466610e-04
4.789721907582134052e-04
4.684881907370355182e-04
4.032085015852418259e-04
4.615858396411769865e-04
4.647603605149520814e-04
5.153905615831414367e-04
4.929667193856503973e-04
6.495680872143970528e-04
6.497391496991945358e-04
4.691580826571831913e-04
4.667159824425147442e-04
6.164530083899282800e-04
5.108742322772741578e-04
5.578116125737627275e-04
4.926761025045480868e-04
5.748305653428865698e-04
4.635575449922018330e-04
4.199812421575188528e-04
4.384492945650385288e-04
4.687400737829092406e-04
4.086978904282053109e-04
4.309177530619005521e-04
5.318965959466166174e-04
5.630176231109847596e-04
4.523130696422109748e-04
5.108011886477470181e-04
4.288636132453878778e-04
5.103682845623956502e-04
8.763258371295200647e-04
7.020985544659197504e-04
5.774652337034543630e-04
5.654189143226378243e-04
5.093858652334246236e-04
4.742033933548049727e-04
5.085416184738278649e-04
4.308685142960813575e-04
4.212320782244205475e-04
4.887485500269880432e-04
4.695060928093476235e-04
4.459085724213057364e-04
4.472963636120160609e-04
4.665229531625906612e-04
5.299392863849384377e-04
4.977005678746435850e-04
4.573487839661538753e-04
5.743605920320583565e-04
6.353085658823450074e-04
6.559917034529563415e-04
4.944467487641506735e-04
4.358329110416687383e-04
3.808484937892191863e-04
3.958725468772980789e-04
4.950828109091768171e-04
4.874602617282006341e-04
4.654736391320410675e-04
3.855310344240731762e-04
5.303887862505183778e-04
5.049944892784373560e-04
5.067196876431505218e-04
6.171151343733071891e-04
1.042429362941119314e-03
8.930833756716715331e-04
5.584863632813923465e-04
6.794563885260787627e-04
7.920623498244418279e-04
5.423522988955179966e-04
4.779418196994811535e-04
5.660888340531123469e-04
4.729462612885982015e-04
4.398119664337072254e-04
5.263159160191813700e-04
5.146123970755272017e-04
4.883223741004863927e-04
5.181915426833761957e-04
5.412139523670904872e-04
6.861116074853472815e-04
6.818317223547233847e-04
4.999556277309441087e-04
4.501209320086571879e-04
5.852167709316644833e-04
5.040877271029683970e-04
5.070970111733509545e-04
4.341214877139362802e-04
4.577039451234870735e-04
4.123359928942388884e-04
4.347175451564705764e-04
4.197584136596156233e-04
3.854878078628745284e-04
4.223156290956669285e-04
4.415647059472070798e-04
4.613650246109399526e-04
4.808693754279779104e-04
4.826587971506847213e-04
5.426987743056896482e-04
5.229009747401708189e-04
5.069143490658865664e-04
4.537401728642483632e-04
5.213313446276717639e-04
4.919754217068354318e-04
5.950152240176168018e-04
5.629625327936891264e-04
5.044356963804198183e-04
4.911332235982020624e-04
3.842401676552577262e-04
3.931195376854803832e-04
4.534293669793341129e-04
4.771734833613865676e-04
6.498145992453726932e-04
1.377753858558005730e-03
1.068595472671505543e-03
7.072853938572936641e-04
5.191969912913110613e-04
4.526620666082534694e-04
3.706149163190275582e-04
3.711898260128994776e-04
3.581678365460700471e-04
3.801839806449910215e-04
4.734409284881419423e-04
6.014886420841018821e-04
4.824955542830543448e-04
4.992091323300782346e-04
4.456576485083334790e-04
5.605031320980439396e-04
5.341849896487676054e-04
4.348673363630142330e-04
4.075904216410385365e-04
4.564091180347734297e-04
5.209402536921616889e-04
4.986788904190891675e-04
5.289769941009581393e-04
4.262827277287012970e-04
3.904428400306237962e-04
3.880090986947632228e-04
4.117067118123587488e-04
4.206902373375164331e-04
5.925990434156523353e-04
8.271376804138223229e-04
5.414999126353197204e-04
4.694061924237758181e-04
4.305058572855260685e-04
5.142521917716496487e-04
4.662526816698826034e-04
4.170697570467988397e-04
4.219571616138434954e-04
3.918112209066748359e-04
3.442332672420889139e-04
3.867499525141385066e-04
4.411351403945850064e-04
3.411337616853416183e-04
3.612345569611837611e-04
4.519942758553143901e-04
4.434862109418544673e-04
3.995442279200586894e-04
3.592501697130501227e-04
4.008433134812447712e-04
4.160690718951324564e-04
4.053434046606222969e-04
4.049578456518550793e-04
4.984063543896707785e-04
5.002839216548535858e-04
6.133987195789813865e-04
8.196102879527542191e-04
8.215145083765189099e-04
5.701269823799116942e-04
4.476431008273114623e-04
4.835664197647323030e-04
4.756699523164166585e-04
3.898823315588136398e-04
3.547868979836089681e-04
3.514991249216513282e-04
3.640690060435897960e-04
3.602239045883632099e-04
5.443316069431603389e-04
6.435415853694494972e-04
4.612962917114297339e-04
4.253859339385396982e-04
3.839509504743748055e-04
3.186247264966368740e-04
3.433452166306475567e-04
3.867896439300642854e-04
4.880586178559396236e-04
5.297239745656648867e-04
5.031317995033330898e-04
6.521671599087616256e-04
5.288210647025455785e-04
4.233951871800753887e-04
3.697790548257115549e-04
3.716074403685827804e-04
3.819766071521573433e-04
3.879262497907297390e-04
3.913066578873743628e-04
3.634618784094022182e-04
5.709694672582877814e-04
4.091187325927118446e-04
3.507863453382419018e-04
4.535654994348684737e-04
4.613662028633472149e-04
3.752566667066679820e-04
3.653798342889381587e-04
4.245489970263507636e-04
4.670822144382529733e-04
5.504347280495696694e-04
5.490579661757995613e-04
3.971231816750433758e-04
3.851682726397282538e-04
3.666847584665649325e-04
3.960418358393427512e-04
3.628969213200939768e-04
3.238096132150126657e-04
2.968617176844014259e-04
3.399129615475733829e-04
4.367160124497281221e-04
3.814647768417166380e-04
3.889954687717060212e-04
5.179452341205130310e-04
5.734516905310253678e-04
5.925629844164683000e-04
6.735111413420074439e-04
5.013057951711945813e-04
4.917331505566834970e-04
4.094635664174954190e-04
3.009289822592917563e-04
3.123459856336315205e-04
3.540039603184494681e-04
4.099977466588219000e-04
4.536743454324702191e-04
4.114303653801067140e-04
3.843581949412408928e-04
3.366348657032681752e-04
3.423053383206327901e-04
3.274993298368321392e-04
3.387155246713922821e-04
3.142363503057923673e-04
3.560985128084818269e-04
3.944992592247824055e-04
4.147342783916327619e-04
3.162726909956998242e-04
3.312683867342356325e-04
4.180289309523585808e-04
4.831729875877499429e-04
3.564450086560100382e-04
3.263074920202294819e-04
4.374060541805293591e-04
5.194327012739247910e-04
4.510259113481475271e-04
3.701393567543062872e-04
3.572910059139960503e-04
4.755984570106698496e-04
4.476243236826526030e-04
3.868787933606654167e-04
3.752452223044302516e-04
3.402526852571302086e-04
3.512684664585524058e-04
3.831633956482013255e-04
3.694238456793957231e-04
4.716565003359897467e-04
4.368356980072955189e-04
5.413343071834080282e-04
4.024011981932239159e-04
3.532024447081817350e-04
4.004473197791311363e-04
6.456947249049941467e-04
4.466446981920550079e-04
3.323799889120790667e-04
3.328145983525448276e-04
3.647051058295700410e-04
3.428467614058819239e-04
3.668673623663683530e-04
4.009977826434704814e-04
3.366401230192018969e-04
3.623093726734320482e-04
4.685331557670401438e-04
3.480510294644369043e-04
3.735795820183638108e-04
4.301988522315190961e-04
4.790472583327856334e-04
4.163094056356284544e-04
3.349229803360584553e-04
3.324964429096629345e-04
3.661014005127880520e-04
4.934948152448567858e-04
4.726495759354697331e-04
4.179603383979863798e-04
3.724652722788353754e-04
3.434683074657288063e-04
3.758204909455444887e-04
3.396809238216115219e-04
4.503980493690404514e-04
4.534837357803351188e-04
4.130159694856653878e-04
3.918436223951478532e-04
3.748218120179242635e-04
3.301044222381379636e-04
3.628230608430587463e-04
3.284981282841827944e-04
3.213404526468366623e-04
3.109845687221322028e-04
2.884734613406989066e-04
2.781546778149075207e-04
3.627061039312846056e-04
3.772013212761117485e-04
4.419460485223680626e-04
4.272989287144608045e-04
4.254122343586964699e-04
3.207546084498365474e-04
3.061244930399375022e-04
3.270241646613511553e-04
4.423354282819976207e-04
5.032982381008979439e-04
3.477377643705242133e-04
3.069322209598289333e-04
3.101739727167619688e-04
3.615741330819825317e-04
3.537747256147364869e-04
3.703147090143627429e-04
3.643618055826260008e-04
3.200708655640482686e-04
5.198473739437759400e-04
4.248013955333994232e-04
4.216461463107002848e-04
3.826967168909807928e-04
3.624692085819939910e-04
3.940481737825191695e-04
3.525673723520917876e-04
3.195554700990517667e-04
4.236595635302364761e-04
6.304694867382446910e-04
6.906272439906994704e-04
5.444159812759607944e-04
4.507934243883937359e-04
3.620517163330482240e-04
3.256835040843321155e-04
3.125603834632784128e-04
3.190362500026822112e-04
3.524105294814540109e-04
3.587731061917212171e-04
3.366049433437486612e-04
3.079937886084533369e-04
2.950020263152611059e-04
2.963575315920429225e-04
3.398636274505406705e-04
3.427029001371314034e-04
3.788557616321163064e-04
3.658342004443208579e-04
4.616571504933138573e-04
4.090729205765657856e-04
3.688903825564517134e-04
5.547396680857572373e-04
6.789974663924012391e-04
3.661848433936635856e-04
2.876995211570626933e-04
2.829452708829194437e-04
2.732159091263181645e-04
2.714883713957129169e-04
2.714819199819531515e-04
2.928974363021552368e-04
2.887689161838756838e-04
3.159082898249229027e-04
3.861928651005857769e-04
3.589484918241699790e-04
3.778192331083118916e-04
3.492061381176528030e-04
3.588131220183438694e-04
3.367944169116930632e-04
3.250786127238016756e-04
3.286054639870093926e-04
2.936638633642966643e-04
3.153362762855573031e-04
3.004449250228289226e-04
3.354415450141661923e-04
3.649082089153428670e-04
3.998921669295264617e-04
4.293091181251737650e-04
3.552990329141417908e-04
3.140008602187865450e-04
3.465434275050129900e-04
4.031703649606141969e-04
3.839930128823551840e-04
4.709345399816002877e-04
5.100644954169789936e-04
3.769493941217661056e-04
3.892016246552682554e-04
4.821595911764436438e-04
3.594583738595247182e-04
3.496565718928145187e-04
2.913080882798466456e-04
3.334211432633714671e-04
3.390324397736953405e-04
3.448656289320853113e-04
2.962837626950608574e-04
3.138162300456315431e-04
3.440910780854109494e-04
5.513976780801183334e-04
4.597210894442266683e-04
3.965319623239338528e-04
6.233184476796951650e-04
4.396543944151037019e-04
4.209889832418412057e-04
3.700631424888140529e-04
3.420812240801751440e-04
4.563756673855500021e-04
3.091303222916192447e-04
3.326100077376597445e-04
3.301689877278275211e-04
3.235467653980271530e-04
3.063451229698127944e-04
3.313560266461637268e-04
3.188476283361928415e-04
2.898563845600518911e-04
2.916270475058505766e-04
3.038243364749683407e-04
3.496707160957157699e-04
3.055986159274147809e-04
2.843449701322242422e-04
2.673454809054318462e-04
2.922525753577550440e-04
3.126280045964651517e-04
3.418319043703377464e-04
3.168648602958354724e-04
3.102492616097960181e-04
3.126368405193918052e-04
3.105900741906629644e-04
3.028282056200421466e-04
3.208202591890262339e-04
3.489942507197459488e-04
3.300305168765286482e-04
3.197472925401396277e-04
3.392997368549307419e-04
3.057237583885176078e-04
2.858381719690644327e-04
4.047169575157264897e-04
4.212749630419744193e-04
3.432236143594814500e-04
3.730364894080493354e-04
3.271707327156845127e-04
3.635672513499028295e-04
3.175598160467213806e-04
3.322411874412662227e-04
3.743687349682053053e-04
3.321929406633393565e-04
4.192931334384613425e-04
5.258470812502006545e-04
3.624851761075357365e-04
3.814144833530816849e-04
4.185815833302007757e-04
3.327497995148102276e-04
3.303229609607822204e-04
3.688553199430720541e-04
3.135856630332354254e-04
3.172652186670650923e-04
2.778646575623295190e-04
2.718080658491493860e-04
2.666029455657634444e-04
3.499877988360821984e-04
3.928755329818361237e-04
4.277890576567087056e-04
3.372436372511502687e-04
2.653433172963559888e-04
2.820557098473525787e-04
3.175211802590638312e-04
3.130257887662284719e-04
2.842337793360153733e-04
3.189914797743161642e-04
3.834794130590226877e-04
3.299986545203460373e-04
2.871889276947412460e-04
3.273129621003236845e-04
3.485331570522652816e-04
2.954085065155393516e-04
3.109730307995858963e-04
2.733144289555234784e-04
3.590358880400243901e-04
3.627072448014385421e-04
2.580091808017136233e-04
2.582414900987512786e-04
3.216506278194073407e-04
3.572064801119267724e-04
4.972047783020469482e-04
4.886497255776905578e-04
3.493977744235760366e-04
2.816863577916390486e-04
2.976477717877262352e-04
3.578245386274324456e-04
3.655091179017391258e-04
4.021638220486541690e-04
3.844697373763968345e-04
3.637013073441468973e-04
2.747854780560980096e-04
2.579833253467869324e-04
2.912435449090682829e-04
2.852230794572581862e-04
2.611332368623051417e-04
2.791784664926429517e-04
3.655612463545468210e-04
2.978987356052837168e-04
2.882073509196440516e-04
2.888166495702332759e-04
4.312855295009083447e-04
3.946800301006684946e-04
3.017433282608786987e-04
3.225811025024288067e-04
3.180952326187656766e-04
3.294109330616063641e-04
7.231248196007477409e-04
4.128862149082124320e-04
3.759061896966563480e-04
3.103434804749364553e-04
2.813809067528281159e-04
2.700110001670610405e-04
2.826696640760120488e-04
2.845403455042590560e-04
2.905141200042433221e-04
3.086802250860879848e-04
3.033957793377339732e-04
2.405381526720399611e-04
2.544676869486768990e-04
2.418120518430239550e-04
2.789006506403287266e-04
2.753765511119531388e-04
2.727969393082376988e-04
2.656225234709886957e-04
2.423872615003751414e-04
2.637554229133659057e-04
3.344654131473766517e-04
4.078960061694184773e-04
3.589224988698131520e-04
3.339996173356970187e-04
3.279349096636805308e-04
3.062570778032143838e-04
2.966319247045450858e-04
4.022705038854231690e-04
5.582751651915411140e-04
5.339023417844953982e-04
4.659809271753248051e-04
2.960068158184488455e-04
3.077265546501924479e-04
2.835136430803686272e-04
2.798621444445517224e-04
2.644677315321233434e-04
3.018083019802967606e-04
2.537616198727240310e-04
2.537623078226008380e-04
2.586578106274828098e-04
2.516460072042213327e-04
2.337307054161404584e-04
2.605199676731394438e-04
3.843935832588209244e-04
4.678697464987635634e-04
3.630119044747617406e-04
2.893909346312284686e-04
2.492226945469155929e-04
2.513981996000640780e-04
2.954187836601502096e-04
2.750356816169288320e-04
2.891633460401660813e-04
3.082888864446431528e-04
3.032508937435017581e-04
3.769197369304796118e-04
3.496544342488050699e-04
4.075226785304645683e-04
2.883124369610514759e-04
2.719780712181495185e-04
2.485233394610178405e-04
2.384448095431758311e-04
2.484482575932310511e-04
3.005234375854747139e-04
3.688133448465831001e-04
2.822994681385656342e-04
2.824794829616115977e-04
3.395358100533485304e-04
3.816844310818447270e-04
3.292994309837619362e-04
3.036469999804265068e-04
3.192702058650966957e-04
3.524754452519118808e-04
3.846339927986264055e-04
4.375309533336096393e-04
3.984660101640555676e-04
3.373667953484174109e-04
2.756598729562635209e-04
2.716630276861704179e-04
2.918899317996369444e-04
3.013291595400207626e-04
2.758315398306068473e-04
2.624167205714103362e-04
2.829397227873818761e-04
3.395951239185200751e-04
3.458192610802749973e-04
3.162481490936543994e-04
2.785288620119293393e-04
3.106456795810825068e-04
2.911453339685168276e-04
2.977629699226882532e-04
3.757443584294782764e-04
5.800410881379825878e-04
3.437785738303015680e-04
2.724418263339127024e-04
2.859907576607333243e-04
4.013881027801996884e-04
3.108115520768074767e-04
2.765877300407737233e-04
2.636991072601328474e-04
2.555208132576404501e-04
2.604979398246440488e-04
2.560761829631196364e-04
2.614526420883420393e-04
2.646999319808350840e-04
2.474096641203181761e-04
2.613874680052201047e-04
2.732871796211434673e-04
2.974928879282540931e-04
3.058375262965758656e-04
2.462603886508279278e-04
2.498678958767818013e-04
3.453194404331346432e-04
3.786706310024277769e-04
3.156742889485839184e-04
2.884264142873386397e-04
4.452535279819535142e-04
4.380523478094902200e-04
3.498131586497442544e-04
2.444012796816726714e-04
2.671986363000339966e-04
2.535255029538853499e-04
3.048934492593010216e-04
3.299917083414685617e-04
3.285491260855148330e-04
4.297624148117999091e-04
3.631643569355623457e-04
3.371682214654154455e-04
3.088914512449668424e-04
2.685331936744559203e-04
2.551921974453661064e-04
2.528141097476084846e-04
2.924598520621657372e-04
3.053054270438021944e-04
3.499020152311358225e-04
2.594755288575672277e-04
2.556941998449878298e-04
2.837728139194142405e-04
3.045975294015887944e-04
2.767853162044452099e-04
2.451026385339597825e-04
2.988088263535044120e-04
3.117655777734600780e-04
2.765844896849658824e-04
3.134514415352088038e-04
2.847830886538658111e-04
2.789701117823521130e-04
3.329687826852831766e-04
3.694390825047675015e-04
2.826980527930168753e-04
2.364603210137122173e-04
2.668185418264733288e-04
3.668724617455154874e-04
3.079536852116385929e-04
3.068975743371993130e-04
2.396348394298305129e-04
2.327088549888382276e-04
2.674862658346279041e-04
3.117379960086610457e-04
3.278835239406261326e-04
3.199692305901811985e-04
4.021051016429232311e-04
3.827874103768004054e-04
3.441995218034005666e-04
2.896548503000910004e-04
2.505271796447535088e-04
2.908739166903412886e-04
3.852675040252506906e-04
2.718200676220779502e-04
2.418981360582014015e-04
2.520906431083050066e-04
2.721266147758190953e-04
2.726447579657865984e-04
2.333355909730825241e-04
2.174349133080492435e-04
2.199982370560367776e-04
2.455704527286191557e-04
2.501580393355753778e-04
2.674695373409324340e-04
2.510598338105612145e-04
2.708582719787955111e-04
3.018690078493414765e-04
2.763598213075763661e-04
2.616630400168812797e-04
2.585038763936609182e-04
3.455841525768240221e-04
3.085092010183466591e-04
2.981456665373924853e-04
2.704996829076359850e-04
3.160131266081912414e-04
2.995215665497299486e-04
3.357557279782162553e-04
4.172898407301141028e-04
6.205333048839949388e-04
3.930944478553202400e-04
3.472901042550801992e-04
6.063463523363073855e-04
5.956629613259186665e-04
3.557339132142563892e-04
2.829587398769540661e-04
3.720800841175433906e-04
3.152359047413079408e-04
2.690200714601410502e-04
3.664045537718468165e-04
2.637698258169823037e-04
2.569234706202728883e-04
2.614472493425839530e-04
3.300367665684057804e-04
2.985119234977496824e-04
3.259737457200470915e-04
3.304097333198620151e-04
