1.450051796436309937e-01
1.188077177272902629e-01
9.085597078005472338e-02
4.285668791996108395e-02
3.192615408864286214e-02
1.222025072409047008e-02
7.479233307143052373e-03
5.526132831970850291e-03
6.380412282629145150e-03
5.286203827708959267e-03
3.891452467069029825e-03
3.091154727670881487e-03
3.183951295084423445e-03
2.923284183359808192e-03
2.801757839818795441e-03
2.658130605187681086e-03
2.471584367255369973e-03
2.614117550353209189e-03
2.366653206861681243e-03
2.515959784181581553e-03
2.103979198469056039e-03
2.038350342255499520e-03
2.132391646090481003e-03
2.251139551194177631e-03
2.149792379803127512e-03
1.998173879562980398e-03
1.959616949574815008e-03
1.944123627617955295e-03
1.986024420087536234e-03
2.067207983798450849e-03
1.709762658509943276e-03
1.712312143192523065e-03
1.874638835175169776e-03
2.222607065406110357e-03
1.851175629223386545e-03
1.590007580816745663e-03
1.661545229144394380e-03
1.856904769730236731e-03
2.004684536821312296e-03
2.467635998295413056e-03
2.211445819379554908e-03
2.062688168759147303e-03
1.974384930605689766e-03
1.955809615966346698e-03
2.045484408736229082e-03
1.813201455192433404e-03
1.303986847504145672e-03
1.181255105055040817e-03
1.229493488143715675e-03
1.356305942560235732e-03
1.490460767721136321e-03
1.616308437660336468e-03
1.710971097668839746e-03
2.181466535354653798e-03
3.961660693296127633e-03
2.652377660075823460e-03
2.104490123068293063e-03
1.913939227039615325e-03
1.307502948782510123e-03
1.347978656283683324e-03
1.189772855076524959e-03
1.147089463969071721e-03
1.507877703342172830e-03
2.440479792033632429e-03
1.749980942242675315e-03
1.557375678999556399e-03
1.610965513520770621e-03
1.253761941463583029e-03
1.216296229201058480e-03
1.039049092990656630e-03
9.831163600190647150e-04
1.143247063996063236e-03
1.171101165624956371e-03
1.180919556775026800e-03
1.186650868298279012e-03
1.137039280082616450e-03
1.364946802043252470e-03
1.674373271978563636e-03
1.262378081058462441e-03
1.305732437823381702e-03
1.341388063091370885e-03
1.116638723243441791e-03
1.013675175296763556e-03
1.061513999787469650e-03
9.401286132116284293e-04
9.480245651987691908e-04
9.797818247332340611e-04
1.058342171729438922e-03
1.606626130847467297e-03
1.313349911425676581e-03
1.219288016565971914e-03
1.035509975627064809e-03
1.074227246248887681e-03
1.010603864884211016e-03
1.260773560756610605e-03
9.436864866357710718e-04
1.008058727925850283e-03
9.190662800230913702e-04
8.632661857538752922e-04
9.633542354115181118e-04
8.674782786207893949e-04
9.023245015285080977e-04
1.154224921742247117e-03
9.756343071866366594e-04
1.037316260497189290e-03
8.371575158606800677e-04
1.064990254429479472e-03
1.066936471809943427e-03
1.467008959605462046e-03
1.778548741713166167e-03
1.789087162663539291e-03
1.373593795837627562e-03
1.479051830764446058e-03
1.029296783316466452e-03
1.274615977373388161e-03
1.162463014738427357e-03
1.335212650398413413e-03
1.464635697710845201e-03
1.121547403227951762e-03
8.129108756677143593e-04
7.981218053545388602e-04
8.952999761742022437e-04
7.850150562201936664e-04
7.679767810946537673e-04
8.699713590451412567e-04
9.904675501295262183e-04
1.028038378184040289e-03
1.561572929430339119e-03
1.982775641501777902e-03
1.782117347336477668e-03
1.662260572063840132e-03
9.806636989944511867e-04
9.762817546207871490e-04
9.248496592044830409e-04
1.004469051646689551e-03
8.432958386321035222e-04
8.115854414386882050e-04
7.783882878720760866e-04
7.589289908193879840e-04
9.465214263440833824e-04
8.435125258337292445e-04
7.963103387090894733e-04
7.074776835118730530e-04
7.365472495762838412e-04
7.951442504094706270e-04
9.717347214205397654e-04
8.954142339320646671e-04
9.130417555570602374e-04
1.167169563575751190e-03
1.012854024560915032e-03
1.641397844586107383e-03
1.232367408358388391e-03
1.034697103314101635e-03
9.279131889343261285e-04
8.281721128150821036e-04
1.555050195246520869e-03
1.001547635532915557e-03
1.185347593079010605e-03
1.005699286858240810e-03
1.255841119628813528e-03
1.241848320803708508e-03
8.209586484978596832e-04
8.823538460354838579e-04
7.641148018754191293e-04
1.032449489252434743e-03
7.586966835272808928e-04
6.829477104151414736e-04
6.857878683755795450e-04
5.956761626940634694e-04
6.100573675293061464e-04
6.107769032112426088e-04
6.396991164527005393e-04
6.434599493837190806e-04
6.952337617985904260e-04
1.000910663149422999e-03
1.112099802638921546e-03
1.145666051242086574e-03
9.425113515721427523e-04
8.049795065178639393e-04
6.655430886894464059e-04
6.951843900606036663e-04
7.197443773556087008e-04
7.453480086082385318e-04
7.887639431282877575e-04
1.162394037884142625e-03
1.229828876029286089e-03
1.507812588889565668e-03
9.250502241775393399e-04
7.257246280399461862e-04
7.178470112072924455e-04
7.239353863729371032e-04
6.553442884857455788e-04
7.294577546417713599e-04
6.733056219915548512e-04
5.834516318928864532e-04
6.676678876909944308e-04
5.938165039858884445e-04
6.694580179949601766e-04
6.229459856533341991e-04
7.161015070353944851e-04
8.619934242839615056e-04
8.781466074287891301e-04
8.483016431435115188e-04
7.461025596906741301e-04
9.281210091689394382e-04
7.565710269328620183e-04
8.231844592632519110e-04
7.230412186537352051e-04
7.100901323267154756e-04
5.920437354749689008e-04
6.612569057486123282e-04
6.818618211481305806e-04
1.005878063022262519e-03
8.355495015469689875e-04
6.987809757184650907e-04
6.204736028384003673e-04
6.340817964842750077e-04
8.118982219861613572e-04
1.402598896788226270e-03
1.209037223727338784e-03
1.008654121412999117e-03
9.155581141304638872e-04
7.368319225497543291e-04
8.173246034938428132e-04
8.272871012902922438e-04
8.669132977310153778e-04
6.089810579497780896e-04
6.112580425623390101e-04
5.887647319792045468e-04
5.948662918267978543e-04
6.392908179097705514e-04
6.558089514469934772e-04
6.269352965884738465e-04
6.010411602134505460e-04
5.729600243891279409e-04
5.409885751497414772e-04
7.087410826029049132e-04
6.865342957381573080e-04
8.625209585039152107e-04
9.178356771978239508e-04
1.099509332691215755e-03
1.038291128093583697e-03
8.739127278224462095e-04
6.824622592992253198e-04
7.751506111688084366e-04
7.095436901888913699e-04
8.965520715961853649e-04
9.844353176756866219e-04
1.023422671068045927e-03
7.607609364721509924e-04
6.427855329174134245e-04
6.097374710306111695e-04
5.893396927664677027e-04
6.156482738960119888e-04
6.946893784010576287e-04
6.079720754900740706e-04
5.706879381452583701e-04
6.662221467639837299e-04
7.561499891906148501e-04
7.112561507771412691e-04
6.220473737145463177e-04
6.505389770285950569e-04
6.152044360836346438e-04
5.781003988037506681e-04
6.376779929269105196e-04
5.663462065988116413e-04
6.563050165358517204e-04
1.113430158131652409e-03
9.194241521052187857e-04
8.744255681004789492e-04
6.565032995098995334e-04
6.712620389751262386e-04
6.181002017627987505e-04
7.061710410440961939e-04
6.042923416114515632e-04
6.021353969764377864e-04
5.655218733267652160e-04
5.288247200143005727e-04
6.160094707997308423e-04
5.927729883438183356e-04
6.510907530577645860e-04
6.515910385900901920e-04
7.421342919891078934e-04
1.094028578243321859e-03
6.899518307505381936e-04
6.614489021659311803e-04
5.465681302464670292e-04
5.423511934673620836e-04
4.975907936588757187e-04
6.187919222025407232e-04
6.393802437620858684e-04
7.249890505853626068e-04
5.794448928079671277e-04
6.877708952460024217e-04
5.304295580006308493e-04
5.264402408566739959e-04
5.537787488558226171e-04
6.476218175763885599e-04
5.728839987164570250e-04
5.284610496730440332e-04
4.975039204065170037e-04
5.721890005386538313e-04
5.540792825114395541e-04
6.994829808051387888e-04
6.085987922011150538e-04
7.347205524436301342e-04
9.816669879688156609e-04
9.050083460493220161e-04
9.428902270479334533e-04
7.707083157988057738e-04
6.931388476449582827e-04
5.688175127013689889e-04
5.713981110602617697e-04
5.493132777822514693e-04
4.676815096495880045e-04
5.622603713224331697e-04
5.494574338404668553e-04
5.762322009023692661e-04
5.492486183842023618e-04
6.106511927727195860e-04
8.553142576581901704e-04
8.319487945280141248e-04
8.076473423797223255e-04
9.845981358860928997e-04
1.465694640970064593e-03
1.328439195122983795e-03
9.794384370454484526e-04
8.812139048758480192e-04
6.200361435508562310e-04
5.758488429192867852e-04
5.178564109115137148e-04
4.769814482683108910e-04
4.365906738934831636e-04
4.731645715785109604e-04
5.423978180624544924e-04
5.135142825181699539e-04
4.683833536950664581e-04
4.655738793210022924e-04
4.422666938302831276e-04
4.607488794459237190e-04
4.638113281948284729e-04
5.060010211956169398e-04
4.951609409828153447e-04
4.989008522695965141e-04
5.539847139476074007e-04
8.282075620566805695e-04
9.462121835288902051e-04
7.605633949343529234e-04
1.090727953447235979e-03
7.281393863053785710e-04
5.914080866043352211e-04
5.496490371620489732e-04
6.104680321489771352e-04
5.868854469412730429e-04
5.703408089983794810e-04
6.239037554607622859e-04
4.985946922614756726e-04
6.574331816389328634e-04
6.563555488052467577e-04
5.785296402043766436e-04
5.312464218069282281e-04
4.755155735700908673e-04
5.241001265433927348e-04
6.158419289729661532e-04
6.996350489660269718e-04
6.778781617888145813e-04
8.224699216791324721e-04
5.276722746849473941e-04
5.952802631590101059e-04
6.719826296385791268e-04
9.079702589143481004e-04
6.164166170896755300e-04
5.934261548746791416e-04
5.609801098600857494e-04
5.615523214348488914e-04
4.815196577045652575e-04
4.749648381645481037e-04
5.082829560463627194e-04
5.859601347603731695e-04
5.151954430362416749e-04
7.559291676928599430e-04
6.065055034640762233e-04
5.319963152416878633e-04
4.932092867481212197e-04
5.051656939192778525e-04
4.730408445983710973e-04
4.898581001907587095e-04
6.013334250181085004e-04
5.405808553203112453e-04
5.798909435462620702e-04
5.869751183005670388e-04
6.814799297394023543e-04
5.036570774649993870e-04
6.262276942531268091e-04
7.406008052122262184e-04
7.283686458443601594e-04
8.144387703699370153e-04
7.494892614583174460e-04
5.624607707270317617e-04
5.567742320191529197e-04
4.719126172777679128e-04
4.923114362948885058e-04
4.212860588449984724e-04
4.052748906219170999e-04
4.149139162877367557e-04
5.634206872329943850e-04
5.402142510542439239e-04
5.602827960521810421e-04
4.790779028553515781e-04
4.732583882287144769e-04
6.639853518249260378e-04
5.372381986429293575e-04
5.595382610853347162e-04
4.572977234298984065e-04
4.506356315687298883e-04
5.257862066436145296e-04
5.451609401239289462e-04
4.587105157164235903e-04
4.577108865810765185e-04
4.261877796509199595e-04
4.837885984064390081e-04
4.918347517701072329e-04
4.374272170631835605e-04
4.912267829705443999e-04
4.803271670567078877e-04
5.969047008289230958e-04
5.045445622979766263e-04
4.456890708145996079e-04
5.692419275227520239e-04
5.112611182913598309e-04
5.273206586328645692e-04
5.940559521938363827e-04
7.288760712577237264e-04
7.257216729016767887e-04
7.202082484339674762e-04
5.998108133725407526e-04
5.673587446411450892e-04
4.677513239180876390e-04
4.520526974617193345e-04
5.020186931101812454e-04
5.792515283812665026e-04
6.184402436742352438e-04
6.253690236351556499e-04
5.711239186995145612e-04
5.667173099290165892e-04
5.215971704779399790e-04
6.206431995249456516e-04
5.491426636257932831e-04
5.010874869508875938e-04
5.177089515038662279e-04
6.005849826356602673e-04
6.157628221747775367e-04
4.835035849828272971e-04
4.888349414492646318e-04
4.656733180551479181e-04
4.247575421403679708e-04
4.375989746768027349e-04
4.774797490487496217e-04
5.618165443754857998e-04
5.797811856286393291e-04
5.384855505285991674e-04
5.279190486503971451e-04
4.910962507387416206e-04
5.512995658338898288e-04
5.440139493698047590e-04
4.694098883515431019e-04
4.184641396730310182e-04
4.138225186357481680e-04
4.604619834572076602e-04
5.988130071717831472e-04
5.441762051648564059e-04
5.245763271684862183e-04
4.397984056009186619e-04
4.469335252522594368e-04
8.077051392239001284e-04
5.560261061570297191e-04
5.269976744117836577e-04
5.332335765059623622e-04
4.726779422101874900e-04
4.646326521308057696e-04
5.047099550979005029e-04
5.363091497888996043e-04
6.836123955953452187e-04
7.009374805622630529e-04
5.996722176981469313e-04
5.576997335689763300e-04
4.349615691333181492e-04
4.461954534053802230e-04
4.798748401097125706e-04
4.838170950663172785e-04
4.968438456611086983e-04
4.415641280098093796e-04
5.100941999504963716e-04
6.042532713359428801e-04
4.779240452787942369e-04
4.418235168688826970e-04
4.221918736584484664e-04
4.516919992036289586e-04
3.988914572012921384e-04
4.769931441276437849e-04
5.073910504062142989e-04
5.402659862819644701e-04
6.208885060105886772e-04
6.855705905602209891e-04
7.458764516438047380e-04
5.721232473539809502e-04
4.614484174332270810e-04
4.888920667063858519e-04
5.403931601904333071e-04
4.723178508639749645e-04
4.286055218997514770e-04
4.698646803283029294e-04
6.893162988126277837e-04
6.064787027167362846e-04
5.830262508243322763e-04
4.765743942051712265e-04
4.127380303624603262e-04
4.260764952697273611e-04
4.395678445386389747e-04
3.924901927045236212e-04
4.218766807268063148e-04
3.827180390039251886e-04
3.907619213633653174e-04
4.013512139984717073e-04
4.018943410159813204e-04
4.501257860101759499e-04
4.525480234426342723e-04
5.262962827045056290e-04
5.684016598388552752e-04
5.274766908648113525e-04
5.051356344483792305e-04
4.704899576285647041e-04
4.226048376100758979e-04
5.316895510380466924e-04
7.544929135797752515e-04
5.475757048568791500e-04
4.058584182833631761e-04
3.969907651965816678e-04
4.611277021467685483e-04
4.852722776639792910e-04
6.120710204251938189e-04
5.573005666438903861e-04
4.553010422063784443e-04
3.665392369859748253e-04
4.691085612608326592e-04
4.883739067655470424e-04
3.946602830870283934e-04
4.271074741457899339e-04
4.200139318385885559e-04
4.265448976204627143e-04
4.473600043759991826e-04
4.425353285235663465e-04
4.447589781031840170e-04
5.165649650411473183e-04
6.094043572536772925e-04
5.496990934221280623e-04
7.109661909958554663e-04
6.245250360936754810e-04
5.216800449933442886e-04
4.692071898736887344e-04
4.912516063389679158e-04
4.178477363247010265e-04
4.682154883630573663e-04
4.337961317246986589e-04
4.449319139692104537e-04
4.179776987681786140e-04
3.965832705661240785e-04
4.191267086813847058e-04
4.145762914170821392e-04
4.916326376971684930e-04
4.449336060012380181e-04
5.077739246189594052e-04
4.596827823358277335e-04
4.566576315038319901e-04
4.302061338805489884e-04
4.239208401284284074e-04
4.353275424283411773e-04
4.144008782330072492e-04
4.437513865478750759e-04
4.437897888581372220e-04
4.360101907514035723e-04
4.164281404680676159e-04
3.989206634772320668e-04
5.546385184344318703e-04
6.165227048202521739e-04
5.554588175275259210e-04
5.237015140139393825e-04
4.511520972785850554e-04
4.120250874095492707e-04
5.465112375612888500e-04
5.603630923562579781e-04
7.498966240220599410e-04
6.164891854859888857e-04
4.981265230000846405e-04
4.386098028367592188e-04
4.273994649863905562e-04
4.763989611011412197e-04
4.152465825124333374e-04
4.306076805935137898e-04
4.697886293029619634e-04
4.024216871605151499e-04
4.153967847944133799e-04
4.902944147276381420e-04
5.116857748685611383e-04
3.972750715911388267e-04
3.718039957392546991e-04
3.730990189231104203e-04
3.802080607662598516e-04
4.493452675847543504e-04
4.252004607891042825e-04
4.014550643559131201e-04
4.032579705946975142e-04
4.264761805016961237e-04
4.622142335089544311e-04
5.282196692294544244e-04
4.203751600450939441e-04
4.739931308560900967e-04
6.360736882521046340e-04
6.839992473315861148e-04
5.372829600754710925e-04
4.462047645615206605e-04
4.366710932097501064e-04
4.013737586016456467e-04
4.119586209870046856e-04
3.768848274679233558e-04
3.977237923795150297e-04
4.041225813691400894e-04
4.375739548251860594e-04
3.956417249153471667e-04
4.332004790194332361e-04
3.894611623966031809e-04
4.755322816264298319e-04
4.621269675489101184e-04
4.340835951734334165e-04
4.774039965640339820e-04
6.319544816182719573e-04
5.492861826334976931e-04
4.929858808302217330e-04
4.764755543631811951e-04
4.455302387941628543e-04
4.345973486649907049e-04
4.638904170133173292e-04
4.031149697645256707e-04
3.755866608116775860e-04
4.025817170946134529e-04
5.608640828480323647e-04
8.499267185106873426e-04
5.392598131826768434e-04
4.360561608336865794e-04
5.633066540273527463e-04
4.992174577071434955e-04
4.882043688040640602e-04
4.300006618723273342e-04
4.594313928909185833e-04
5.509285470988187303e-04
4.100835527707304986e-04
4.251175309117469409e-04
3.666054868760208274e-04
3.598153994729121432e-04
3.436405842916833244e-04
4.029562779598765739e-04
3.673787235230621196e-04
3.517310282525917104e-04
3.520758988128768071e-04
3.488597783467008140e-04
3.722616370456914049e-04
4.068094717028240457e-04
3.761744407367788941e-04
3.902349597774445772e-04
3.561559037512375099e-04
3.669172165811889885e-04
3.316601489981015690e-04
4.073010040964517432e-04
5.645519112133317273e-04
5.431766295805573160e-04
6.375342520833429541e-04
4.986313656748582630e-04
5.386510964793463389e-04
6.659547940620945752e-04
4.850080252314607353e-04
4.272192920972075906e-04
5.850719846785068599e-04
4.536676787150402705e-04
4.206096533582442541e-04
3.909764669111205713e-04
3.491900153716819368e-04
3.765872370503429013e-04
4.007519165881805981e-04
4.930379111061079745e-04
5.494219142322738936e-04
4.363544523302051556e-04
4.310412804544385985e-04
4.749160303941203577e-04
4.458548930577106045e-04
4.844709719893419068e-04
4.668847637044059055e-04
4.126881704562240360e-04
4.118874557833704592e-04
4.104884248226881266e-04
5.122595927160647489e-04
4.392120687084065541e-04
4.231589440152876830e-04
4.618366622728192414e-04
3.839861522687392360e-04
3.774330671876668778e-04
3.639887306942708083e-04
3.825660210309757172e-04
4.030113788839015691e-04
4.006913662629408776e-04
4.562892921320680154e-04
4.520057977384163471e-04
5.288711518773601744e-04
4.281035870210164219e-04
4.179899671321941662e-04
4.484479362145066196e-04
3.695134418861319853e-04
3.792831763469924631e-04
3.979169093589815650e-04
4.648954980075359258e-04
4.715480218227538554e-04
3.909612573786741996e-04
3.418174949992034209e-04
3.862103054092989830e-04
5.489379891918765150e-04
4.113219900884561818e-04
4.060427236577702765e-04
3.907258511107001165e-04
5.294836372033589512e-04
4.454917225262357348e-04
4.104593098681006422e-04
3.568930229327330777e-04
3.280238540739649120e-04
3.440405343038340251e-04
5.233448997346891191e-04
3.862336135676337529e-04
4.068374209519889863e-04
3.486385268883572899e-04
3.517928416840732098e-04
3.597503039054572669e-04
4.594437048460046674e-04
4.738917768311997291e-04
4.267078084457251517e-04
3.809620806067768304e-04
5.459722868787745707e-04
6.037259476983713275e-04
5.530369734495050541e-04
4.606575899136563395e-04
5.726045952178537325e-04
5.716879976292451411e-04
5.232594814151525194e-04
4.198507636061145245e-04
3.795107565302815664e-04
3.773986972454521647e-04
3.450331880917979570e-04
3.483837714884430235e-04
3.526850877743628533e-04
3.407896372179190347e-04
3.940930622371120393e-04
3.616015406118499058e-04
5.319228465668857054e-04
4.243582774264117096e-04
4.959611824920608005e-04
6.135993293072614096e-04
4.773784219287335786e-04
3.727239365172055167e-04
4.820232315816812838e-04
3.987316034423808503e-04
4.204503255378869045e-04
4.261344598813189490e-04
3.733520160636140070e-04
3.236727514821621972e-04
4.115897484330667349e-04
5.202043479463706313e-04
4.426484570528070269e-04
4.586739566487570553e-04
4.170095814495450651e-04
3.863081967251168571e-04
3.761762302989761085e-04
3.206442961365812147e-04
3.323331351081530499e-04
3.101982916187908832e-04
3.782855452866189867e-04
3.489955672476854572e-04
3.544250208263595805e-04
4.883976923560516201e-04
5.012678590396212400e-04
6.040262873284518502e-04
5.583100398588511501e-04
4.564513576527436545e-04
3.731487564639085074e-04
3.842608721202446574e-04
3.612224343750212140e-04
3.401784399627811131e-04
3.361765437552498531e-04
3.390229899539715748e-04
3.609901843851225111e-04
3.173520221995810610e-04
3.068977317565845116e-04
3.694557358459052377e-04
3.938334208861407268e-04
4.344745330874704489e-04
3.920801841498663086e-04
3.952195860135058808e-04
3.432963086136926940e-04
3.555429871711466173e-04
4.256867442745715423e-04
4.291700342825303591e-04
5.457564267433352191e-04
4.486495742781294654e-04
4.198623537862052600e-04
3.461484812820951303e-04
3.878414702032589130e-04
3.914523964178644958e-04
3.415873354404336975e-04
3.636506693955097015e-04
3.422702768714063772e-04
4.001434871719943085e-04
3.598043695092201233e-04
4.816234726200087010e-04
4.941441336025794839e-04
7.442593853920698643e-04
4.306076345447864585e-04
4.117791822904513723e-04
3.614062991821103896e-04
3.997567408562948494e-04
4.246841208077966972e-04
3.814800789890190067e-04
5.143166977601746313e-04
4.931804643840425771e-04
3.740172419283124871e-04
4.249645836858285714e-04
4.198159785786022974e-04
6.139350532450609443e-04
7.437555248745613724e-04
5.120917401897410971e-04
4.396026440533912769e-04
3.804060834873881350e-04
3.389107823992768692e-04
3.053829503349131782e-04
4.038737176193131083e-04
3.783925745584484717e-04
3.438389202993777307e-04
4.401210654113027541e-04
4.227094623881081704e-04
3.493313023096157426e-04
3.185975502452088794e-04
3.535491089698755349e-04
3.681616275571286461e-04
3.320029002821280051e-04
3.662254606994489923e-04
3.554840088408026426e-04
3.820204853804575113e-04
3.413305682544079248e-04
3.763801828285472215e-04
3.308384628811230450e-04
3.608813434321847253e-04
3.738371201325208122e-04
3.260286868963804493e-04
3.144198119278169439e-04
3.295564097869727472e-04
5.701569434151881411e-04
3.881159949944250885e-04
3.323359607667144590e-04
3.032387177356415356e-04
3.421779654713140483e-04
3.472301159571442443e-04
3.355539418084340199e-04
3.120128851797845807e-04
3.112628780460605852e-04
3.478057760124405261e-04
4.499464047451813857e-04
9.510572215852638621e-04
6.343362775320808599e-04
4.475734400976863134e-04
3.449197051425774755e-04
3.838312413750423545e-04
4.334101055024398592e-04
4.564661043696105459e-04
3.888338061773942596e-04
4.079600824560556185e-04
3.561253799125552416e-04
3.482132615883731363e-04
3.373017446655366194e-04
3.318099817261099859e-04
3.459757025767531708e-04
3.399749903474003272e-04
3.495605672813124269e-04
3.420000011101365241e-04
3.628945220003111389e-04
4.456232234628664012e-04
4.401297787100904289e-04
4.023935511294338325e-04
3.482498181983828718e-04
3.068812988284561256e-04
2.953948722117476894e-04
3.086407544712225842e-04
3.646574728190898722e-04
4.581521155260917045e-04
3.904957659283859626e-04
3.854797299330433029e-04
4.131386377331283102e-04
3.978799130871064297e-04
3.967478242702782002e-04
4.190526835413442932e-04
5.285373798364565974e-04
5.181516603463225514e-04
3.822315973229706201e-04
4.637290705512795179e-04
6.806279796486100096e-04
6.419149198983278067e-04
4.434863858235379291e-04
3.088275215122848706e-04
3.631437802687287135e-04
3.353567778443296700e-04
3.403681834849218274e-04
3.723957463322828416e-04
3.600754781574424710e-04
3.255174224937541685e-04
3.255156782041821210e-04
3.002290700614038371e-04
3.196450758777145051e-04
3.147887446296711647e-04
3.551339896188841706e-04
3.439595066528353183e-04
3.423609156420247615e-04
3.584543515979829540e-04
3.727879778792460774e-04
4.593073118788500555e-04
3.676365279696053876e-04
3.398971906345751577e-04
3.732840239536017288e-04
3.315270022075209218e-04
3.365352480775780138e-04
3.798324365117069666e-04
3.067152804902030516e-04
3.415057730550567403e-04
4.762862361450162204e-04
5.271226729059385295e-04
3.876134566962719224e-04
4.012157793881164503e-04
3.259479616665177820e-04
3.568679690619723467e-04
3.637273350937498899e-04
3.201843604135016651e-04
2.929726048993567459e-04
2.994169719103309643e-04
3.186005461288409272e-04
4.005205248379044942e-04
4.225348720016579101e-04
3.536347310162252775e-04
3.477996673124532151e-04
3.339350667212986185e-04
3.394291449027756835e-04
3.197302600731038438e-04
3.811282915477123509e-04
3.875963736532462905e-04
3.916937688417319028e-04
3.354992341094960653e-04
3.694214775330490592e-04
4.055346337716198577e-04
4.267235302055875511e-04
4.705758418680892788e-04
4.903574885490039536e-04
3.957656763183573997e-04
3.560985141019854341e-04
3.058206341746780451e-04
3.384113412660856991e-04
3.274121160049819489e-04
4.013467118299255862e-04
3.457396148910953071e-04
3.427353591865135306e-04
5.882852219252122797e-04
5.627147025532192341e-04
4.203161498945620460e-04
5.460156598645779730e-04
4.643726418726146351e-04
3.656966055536435686e-04
3.661811002530157783e-04
4.270528481962780013e-04
3.798694590417047313e-04
3.194510551272994824e-04
3.086893502364142098e-04
3.165808995254338026e-04
3.497238170045117588e-04
3.189147659577429273e-04
3.722386545915570616e-04
3.401552148473759724e-04
3.408653697826796117e-04
3.109022850791613398e-04
3.024501296588116340e-04
3.343963381161706291e-04
3.788392895108295987e-04
4.594600135977897461e-04
4.536112052543709856e-04
3.558605394533111209e-04
3.998285225437332941e-04
4.372365097515285037e-04
4.552618828084733951e-04
3.626048006117343924e-04
3.151873531492633889e-04
