1.938233008649614120e-01
1.353971941272417712e-01
7.651263629396756749e-02
2.152489695698022940e-02
1.079596386187606401e-02
6.067169145163562455e-03
4.364909862892495454e-03
3.589604289995299621e-03
3.542950543471508687e-03
3.054386889562010939e-03
2.967859047154585567e-03
2.903146706521511113e-03
2.700812442021237672e-03
2.529612328443262264e-03
2.324813870299193615e-03
2.381263232479492904e-03
2.159976497706439947e-03
2.244681144754092066e-03
2.406646511000063576e-03
2.512078902477191556e-03
2.096869402772022668e-03
2.024675454530451123e-03
2.187495670384830785e-03
1.845005368296470834e-03
1.781766855468352572e-03
1.793943561820520328e-03
1.659444977736307435e-03
1.893172439498205881e-03
1.676268268687029729e-03
1.656204454807771618e-03
1.761608756043844728e-03
1.650840418102840533e-03
1.877563222725358184e-03
1.613134568971064282e-03
1.373976288984219210e-03
1.329808273456162910e-03
1.373159120687180183e-03
1.505755236786272778e-03
1.314262087560362242e-03
1.512449220236804833e-03
1.338185034174885994e-03
1.152785044266945716e-03
1.089716668551166806e-03
1.089046907404230729e-03
1.237638436464799738e-03
1.477794846933748983e-03
1.494639190948671668e-03
2.739030766404337500e-03
1.739159224347935732e-03
1.932457575781477890e-03
1.446309784013364002e-03
1.055786281617151438e-03
9.518924968627592419e-04
9.614890236924920289e-04
1.107673234720197046e-03
1.379286432638764407e-03
1.253313985653221625e-03
9.595604362483653752e-04
9.131318103108140762e-04
9.579115107448564394e-04
9.741038544517424680e-04
8.735527131809956922e-04
1.120817019707626670e-03
9.512006527640753505e-04
1.636499442781011318e-03
1.623388405682312094e-03
1.372299339208338069e-03
1.112801269369406839e-03
8.358488159461153989e-04
7.975848019123077696e-04
8.201020650772584313e-04
8.026708978124791035e-04
8.609196429865227781e-04
8.977122281471060792e-04
7.934804043422142780e-04
7.729061473057501335e-04
9.930923446598979507e-04
1.462408948896659708e-03
1.507007164570192421e-03
9.396591120296054513e-04
9.007751858896679512e-04
1.083013964299526372e-03
8.741475802121890896e-04
1.078014356187648138e-03
1.440767529937956063e-03
1.223126298023594679e-03
8.845904003828763615e-04
8.866437260682384115e-04
8.399633194009463325e-04
7.003874639566573957e-04
6.638238558338748147e-04
9.162088638792434837e-04
9.181796632603638191e-04
7.291092739130060211e-04
6.844031187291774090e-04
7.875901300253139881e-04
9.045068221166730404e-04
7.678896108538740004e-04
1.027735087813602633e-03
7.696936072574721765e-04
1.716734385117888459e-03
8.940632515845612976e-04
8.135715628870659718e-04
7.381401407635873949e-04
8.295314890953401797e-04
7.227623498895102173e-04
7.014979825665553902e-04
8.652413719230227533e-04
1.357601922936737615e-03
9.094144592786000594e-04
8.207720890641211986e-04
8.075600960809322998e-04
7.667975898625121849e-04
1.310200994937784150e-03
1.097387195461326176e-03
7.160151139315631529e-04
6.374335043235785248e-04
5.792836436173981907e-04
6.089041568338870872e-04
1.128449540895720259e-03
1.307942974898550215e-03
8.277152965052259970e-04
6.152358050975535123e-04
6.530895932681030818e-04
9.231318233327732645e-04
7.329966143394510284e-04
8.439980912953615622e-04
9.392326392440332721e-04
8.210994781822794110e-04
9.357659844681620164e-04
8.505326085206535523e-04
7.473332357282439810e-04
5.644642869527969004e-04
5.358850226427117579e-04
6.169223257650931777e-04
6.025276920344266708e-04
7.872119799463285191e-04
1.053190187344120541e-03
8.107386102589468667e-04
5.862300253162781296e-04
6.273185547130803470e-04
6.414255225617025062e-04
6.687451624828908521e-04
5.997435601117710041e-04
5.559577059466391889e-04
4.399955486102650635e-04
5.499634840008285576e-04
6.766376830637455464e-04
7.129692154315610828e-04
5.901365189088714951e-04
5.752337672230270526e-04
5.569579889480438589e-04
5.251168728702598548e-04
5.076923526616559717e-04
6.316976295784116138e-04
6.404226014597548056e-04
6.404683392287956016e-04
1.066672922008567431e-03
9.605199543552266376e-04
8.507830530612005369e-04
5.906946631148457007e-04
5.224705503011743430e-04
5.792371566510862244e-04
5.133872607257217429e-04
5.784603917143411270e-04
7.843338475666112013e-04
8.364819683548477269e-04
1.556081014374891859e-03
1.270317233995431078e-03
8.107743836525413764e-04
5.804349068138334481e-04
5.092421042112012198e-04
4.993088307997418929e-04
8.083347955511675483e-04
5.009521436618848350e-04
4.434579305557741127e-04
4.688114533200860262e-04
7.277549870519174667e-04
9.433342837211158198e-04
6.866427981812092815e-04
5.378156981896608981e-04
5.088673868320054252e-04
4.186279731543941741e-04
4.747029675895141228e-04
6.236200288145078230e-04
1.120371587781442439e-03
7.676558424201276962e-04
7.010226989061468621e-04
7.039749141161640630e-04
6.536920430759589123e-04
8.114522716237439464e-04
8.396757492381665307e-04
6.861471312327517861e-04
5.785072061957584073e-04
4.267023596912622300e-04
3.893412701371643447e-04
4.113581279913584659e-04
4.146717675030231324e-04
4.229174311169319519e-04
6.346851551077432310e-04
5.685893078852031048e-04
5.098228423028356056e-04
5.505853048008348821e-04
1.457994883466098021e-03
1.014634590182039459e-03
6.116226447435717164e-04
5.511246954039152827e-04
4.893873148183855350e-04
5.305329399804273793e-04
7.882324166388975746e-04
5.743952668530659085e-04
4.584930661237902297e-04
4.689608986437734722e-04
5.731564149674442084e-04
6.795881590288546052e-04
9.223789907991886356e-04
8.726801115295125403e-04
5.818215545473826760e-04
5.730973732554249999e-04
5.977560052027304591e-04
6.677843938167724210e-04
5.888889714454611591e-04
5.029684029674778671e-04
4.597969344144479985e-04
4.301276853463301803e-04
4.075361149282091030e-04
4.188875613423685327e-04
5.027808887987500735e-04
4.277566789338986325e-04
4.665753391519602568e-04
5.750205087113297682e-04
4.233911176884754056e-04
4.341126592933303857e-04
4.785978030930790566e-04
4.231823812652793049e-04
4.263086585948864431e-04
5.644221254624425975e-04
5.285678136472900289e-04
4.620303342946701719e-04
5.652819188415176806e-04
6.203178053773525944e-04
6.216099340882565768e-04
7.580473623238503673e-04
6.508246312538783131e-04
5.719798803329467513e-04
6.564869234959284537e-04
6.479299192627271334e-04
4.612609692331817355e-04
5.796157496256960570e-04
6.238202460938029699e-04
1.104567095430360971e-03
8.841678665743933456e-04
5.788494770725567933e-04
4.266059763419131185e-04
4.474085148993051553e-04
6.327693552399674733e-04
4.985566049193342845e-04
3.828511216367284377e-04
3.802649045570029264e-04
4.252939025819715466e-04
4.537179266723493894e-04
4.086403322354372858e-04
4.362942899266879031e-04
3.521933761011395380e-04
4.024857177864760421e-04
3.861556660073499152e-04
3.690706987658308848e-04
4.650161746475431801e-04
6.174261112593941881e-04
5.778444004762503527e-04
5.895854742266237909e-04
6.041635893699195221e-04
7.521764139851762343e-04
5.212667690486543414e-04
4.883367235824051696e-04
4.098679822507418006e-04
6.615285753893355557e-04
4.908941877591941174e-04
5.314822976167002779e-04
5.304971759000586245e-04
4.359449799327800613e-04
4.434644425701763835e-04
3.402425000806235441e-04
3.901425842195749044e-04
8.522956225917571044e-04
5.536092634105848394e-04
4.167925036098394081e-04
4.498033171209196148e-04
4.012024032676385463e-04
3.747571500328679959e-04
4.262357880361378236e-04
3.580515269034852707e-04
3.597026698601742665e-04
4.041276525499092379e-04
5.467998836603429717e-04
5.286757669980741460e-04
3.702027143703566828e-04
4.081354525664614196e-04
6.469065934005711286e-04
4.496545367874205178e-04
4.040931581726504959e-04
5.663234534828612667e-04
1.004402484589566767e-03
6.287631459741128536e-04
4.369991565019720075e-04
3.596365261667718656e-04
3.250559589489259468e-04
3.234482970502641579e-04
4.270963132795360120e-04
5.019402426357070807e-04
5.461676470521424067e-04
6.451057772048645776e-04
5.397460195753309587e-04
4.590328374049729523e-04
4.297398532637291494e-04
3.700413531623780749e-04
3.829021380645119318e-04
3.262859568672461883e-04
3.080286048094017380e-04
3.529200382116768264e-04
7.117556591725183318e-04
7.032158269753886488e-04
4.412545904051512285e-04
3.868618905026879819e-04
5.489389820852213142e-04
5.430337903089821599e-04
5.168016534298658805e-04
3.550133598037064119e-04
3.188281472668879788e-04
3.337704378645867088e-04
3.028049534704122122e-04
3.590441378764808351e-04
4.850554864646659911e-04
4.334213452724119215e-04
4.449751453163723397e-04
5.461736659829814940e-04
5.655612449886069986e-04
4.939664292356206595e-04
5.427450712563263282e-04
6.513260051401125426e-04
4.883330345102068412e-04
3.513818910707616132e-04
3.343469023497568321e-04
4.317106585949659152e-04
4.296655695523238965e-04
3.408459095387822825e-04
4.583592244630886668e-04
4.345996756779236907e-04
4.170952442412575122e-04
4.860253890769349050e-04
3.735665177615980076e-04
3.584363942758904821e-04
3.940385179076757679e-04
4.384557967488136561e-04
5.968671563702324665e-04
4.522764989330123006e-04
3.910740772779616888e-04
3.402000178013824677e-04
4.004260237949590091e-04
4.325594269256624689e-04
5.678147540634704464e-04
4.498539782232708370e-04
4.560129212525983471e-04
3.352648925243152450e-04
3.248137586180948515e-04
2.974738234964509646e-04
3.091169159031576376e-04
3.707491779803401798e-04
3.838166559580713749e-04
3.226078754394418415e-04
6.302026672185295124e-04
4.489306325558573029e-04
3.021514541210813570e-04
3.029026373082564826e-04
4.282527045708977784e-04
4.520439113386803104e-04
3.239964786916971272e-04
3.574550653704338505e-04
3.860331770394825023e-04
3.356310412184231777e-04
3.809728243181275211e-04
4.043043808390696684e-04
3.790104482322931246e-04
3.938061498209006030e-04
4.166089842975553609e-04
4.071563929836783031e-04
3.927486004411346395e-04
3.982959651491708238e-04
6.920621280247966174e-04
5.166140851926886079e-04
3.736220701183709568e-04
4.343201284710731646e-04
3.654759020234147628e-04
3.534683753322395835e-04
3.781592126728759826e-04
5.209591607045796187e-04
5.789773789648380766e-04
5.636304441011614130e-04
4.462922951723966589e-04
3.873825174135466583e-04
3.124306745465017061e-04
2.941360807098034416e-04
3.136937581520113654e-04
3.444686400083203843e-04
3.443496419479035592e-04
2.872731505582729874e-04
3.011364502728813429e-04
3.456645174365904579e-04
3.036362886066651823e-04
3.082710226428591487e-04
4.477012126396099690e-04
3.564724940547926669e-04
3.358553461213078595e-04
3.225357036313249051e-04
3.197485133488145361e-04
3.290114062838256316e-04
3.033618478932314675e-04
4.582365606135378462e-04
3.514918237407174554e-04
3.907434563411192802e-04
3.556633078389697419e-04
4.043507804938902645e-04
5.517176845266173182e-04
3.822492466618617585e-04
4.298479345420168720e-04
4.320782044022861319e-04
3.181795713802178563e-04
3.692960366606712124e-04
4.064068869532396389e-04
3.623121676759587261e-04
4.049333836883306265e-04
3.511134471692558992e-04
2.817395395444085345e-04
3.068858044894619318e-04
3.032711679245241976e-04
4.089594521145853792e-04
5.161108542233706041e-04
5.534721222809618887e-04
3.391032655619912839e-04
3.025760425306442468e-04
2.759679569216031097e-04
2.605385447127951518e-04
2.505329265517906748e-04
2.708254557930761162e-04
3.504929088780449732e-04
3.436704800050291810e-04
3.362823216917200050e-04
2.996045173818452385e-04
4.771630305589900835e-04
6.095288071729656424e-04
3.409321295718352029e-04
3.569543115898138851e-04
3.558235193809701556e-04
4.094790628490348693e-04
4.150359446389807663e-04
3.181224431480384482e-04
3.090049852875785606e-04
2.995405599681867236e-04
2.918741360513700577e-04
5.391896184947756084e-04
3.848580044642504962e-04
2.892628872197949017e-04
2.935476395456741369e-04
2.768391350077258344e-04
2.974925792983009018e-04
3.470758509097827591e-04
8.171881649953623671e-04
4.324133052594132144e-04
4.892935133021738972e-04
3.614839872655769160e-04
3.178209715729786076e-04
3.215083682961348264e-04
3.069575415510270131e-04
3.569268453348842089e-04
4.402847769152786806e-04
6.701306884901391502e-04
3.993389711508320652e-04
3.249258198775351091e-04
2.939026394031114234e-04
2.766605572671525866e-04
2.773168207042747213e-04
2.782027219008240213e-04
3.051985392812639735e-04
4.433470568619668722e-04
3.119144075187957766e-04
3.562666909096555445e-04
3.267263336521056207e-04
2.830557760575579443e-04
2.696018069723828060e-04
2.635739671273364050e-04
3.083926177997555786e-04
4.128961322001285014e-04
4.543591523543000113e-04
4.536078769403199167e-04
3.356296794178585024e-04
4.353605941610618011e-04
3.240700835724257597e-04
2.961342940883090243e-04
3.015428861706620999e-04
2.710689850048058703e-04
2.725400998153620197e-04
3.225861163809895667e-04
2.904485393729474641e-04
2.819894410721543996e-04
3.405441193737917464e-04
2.903247071016165789e-04
3.327789074844783959e-04
4.848300484526488533e-04
3.222023999680661568e-04
3.256430560981647682e-04
2.960375025739065617e-04
2.464248404915755052e-04
2.614452361336184788e-04
2.575411099112696130e-04
2.707516229970173744e-04
2.676033954291294286e-04
2.837176708918478889e-04
4.315585337139458857e-04
3.689673625760608020e-04
4.172998418410619114e-04
3.187787310323781623e-04
3.615454152329928552e-04
7.789222920675658050e-04
6.086345422469700232e-04
3.030583370451090915e-04
2.596347390984495582e-04
2.724542109192245676e-04
2.574325284351491384e-04
2.939044808348019846e-04
2.838082786183804057e-04
3.641809217838777699e-04
3.057302493188116237e-04
3.265790332160476068e-04
2.663446626522474828e-04
3.128199538655785793e-04
2.577111773684413721e-04
3.046055932322310270e-04
2.842948995789305921e-04
3.456236595391399169e-04
3.185481349161515879e-04
4.004551490975750798e-04
3.352071096499760743e-04
4.979401317218111857e-04
2.767318101703292654e-04
2.877380918814904280e-04
2.641717041842639620e-04
2.460847049951553366e-04
2.848389581777155421e-04
5.360789648774597765e-04
4.911172255459758922e-04
3.306927306888004245e-04
3.695571625656965940e-04
3.230820915713492254e-04
3.259838312967783887e-04
2.669427715267778966e-04
2.404966462765716832e-04
2.447119604847911435e-04
2.523650781303230124e-04
3.106166585348546266e-04
2.625465611668510550e-04
3.328953891630388067e-04
3.135692625720467664e-04
3.618658665153715601e-04
3.327860854591967480e-04
3.185789090477757733e-04
2.527831033674172415e-04
2.606093166913423377e-04
4.449456203211513009e-04
4.771534596673316676e-04
3.880330389882955325e-04
3.130326241565247304e-04
2.949780527140117518e-04
2.482992496031026204e-04
2.621056546922773318e-04
2.377821020005891760e-04
2.385155440101193033e-04
2.620155220696081841e-04
2.667024209060602858e-04
2.647598655635698107e-04
2.291811240785237820e-04
3.375779858065975779e-04
3.285249221759537776e-04
2.821093716192990325e-04
2.735320946926043939e-04
2.710456188975109084e-04
3.005119845167630323e-04
3.487913370028966056e-04
3.247968166963094015e-04
2.929325599042284837e-04
3.870227508660819800e-04
8.360885140589541719e-04
3.936478733602497416e-04
2.805084100044849581e-04
3.127564924458662828e-04
4.499397390625543228e-04
3.297591098170313349e-04
2.610688729004727576e-04
2.404079458210617336e-04
2.536870870325300532e-04
2.834654852308126131e-04
2.712438744492828998e-04
3.072432212583306801e-04
2.556577738788392748e-04
2.421523952701439355e-04
2.542735775285917999e-04
2.344095111928052471e-04
2.781487247234003582e-04
2.786652763218929276e-04
3.043746654616875957e-04
3.128976431778735597e-04
3.581621486227959590e-04
3.493452352833830918e-04
3.958288008450634200e-04
3.508458889296485516e-04
3.079166483237511681e-04
2.793420702477710025e-04
2.422021383083321905e-04
2.633093420364376750e-04
2.654953223342696594e-04
2.685216770300434910e-04
2.467707853712555483e-04
2.827881770725879465e-04
2.592476026620716073e-04
2.444739912041566645e-04
2.417949359450075411e-04
2.322435581461630011e-04
2.402517202103303666e-04
2.675094137278695937e-04
2.797236746280557353e-04
3.134311142558645637e-04
2.790711194069849356e-04
2.981453419973453052e-04
3.711336134519014176e-04
3.471437033214088775e-04
4.095833727882967987e-04
4.378106967649526035e-04
2.764946682792570861e-04
2.597514693883971968e-04
2.613273244221798216e-04
2.557165386517428547e-04
2.703791109120680033e-04
2.637588036143117642e-04
2.224791890734599683e-04
3.168749048685033979e-04
3.415817608280728333e-04
2.521194802183243915e-04
2.254643619784878282e-04
2.606509701581672007e-04
2.690977603197097952e-04
3.368343881124423521e-04
3.747541341646056781e-04
2.464737610555150322e-04
2.394954373853074123e-04
2.616267695298625127e-04
2.348074734780109657e-04
2.182773593813180913e-04
2.272869623266160369e-04
2.744312269432056038e-04
2.851338998880237124e-04
2.973826730158179955e-04
2.298255925739390985e-04
2.958108119977017453e-04
3.545424428820195860e-04
3.795212773709661616e-04
3.385544484222514504e-04
3.529187185146535617e-04
3.105573078048311990e-04
2.338500336433450464e-04
2.769059669743809170e-04
3.096353172117637456e-04
2.785992953512403522e-04
2.291166314130856009e-04
2.596136886212561099e-04
2.602034667506813743e-04
2.668503027719755765e-04
2.541385636949497658e-04
2.494482620386406649e-04
3.379881058612631186e-04
2.710411537231670310e-04
3.878870717663731801e-04
3.173641694916619089e-04
3.071283067887028311e-04
3.955623089698039703e-04
3.497744998377230394e-04
5.059489611691484921e-04
3.241255098126000992e-04
2.908150149354090156e-04
2.819075932105382233e-04
2.905026958453365291e-04
2.572488202713429971e-04
2.949002387726472286e-04
2.358666906366124825e-04
2.127493810581250282e-04
2.709694444719287993e-04
2.586357843958669508e-04
2.723002999037918014e-04
3.620990826230909899e-04
2.599103008267573001e-04
2.281902797727121271e-04
2.226821556299303907e-04
2.876937485093043951e-04
2.779001113958656549e-04
2.945402549165818573e-04
2.467924873862001561e-04
4.539117791379491300e-04
3.781086428272020512e-04
2.424949500709772121e-04
2.116399198227251598e-04
2.105956453467822782e-04
2.058074537975092711e-04
2.716455032997247511e-04
2.412284037563949780e-04
2.280103226399256072e-04
2.113967995521508941e-04
2.670377943043907324e-04
2.365239361016493601e-04
2.638973179273307540e-04
2.374457992199394433e-04
3.134047390065259329e-04
3.058717190288007324e-04
7.349077788078122158e-04
7.879275337068571443e-04
5.195533850282016679e-04
2.942392980265948438e-04
2.631502378628485851e-04
2.648053523282416786e-04
2.251729200361296567e-04
2.227926132036373128e-04
2.734905666309512379e-04
2.257412485131580018e-04
2.718281592630470865e-04
2.623974013840779814e-04
2.365252626542415802e-04
2.945379017748766572e-04
3.379098192736920258e-04
2.972019792327450509e-04
2.291806193534284863e-04
2.330197547821121092e-04
2.224533651153453532e-04
2.183691242761496155e-04
2.473909877395878221e-04
2.567920161204205812e-04
3.143314036747647811e-04
2.701988131997899809e-04
2.630580557484386763e-04
2.391691624911295062e-04
2.614197321236133467e-04
2.627025883541338788e-04
2.465991264519592162e-04
3.171408327762037255e-04
2.828789349748856243e-04
3.149051295541640898e-04
3.010368565770073180e-04
3.038666826776332489e-04
2.684093255084007762e-04
2.684817284656067856e-04
2.211707175916267703e-04
2.377688990802400717e-04
3.290892816666099777e-04
3.479149332270026229e-04
3.508726303051743303e-04
6.149652173432210893e-04
3.493980598351401025e-04
2.194760137677399564e-04
2.160577476024627599e-04
2.159311746557553700e-04
3.563748970110383238e-04
4.109945306037035280e-04
2.780544169298890689e-04
2.366157433587229894e-04
2.448871760215196275e-04
2.264417043059236366e-04
2.224203549687647243e-04
1.998628612555977419e-04
2.158272838116520012e-04
2.339290329513864274e-04
2.095320119729472501e-04
2.303014978274910119e-04
2.456822763714525213e-04
2.401286276936945090e-04
3.188210196741339065e-04
2.319500464687330771e-04
2.075285113985753788e-04
2.091389294299814529e-04
2.372807984809494693e-04
3.624070170594172213e-04
3.444612233175171553e-04
2.998606733874314197e-04
3.076099529345002184e-04
2.345554905736611817e-04
2.328385584728999197e-04
2.250502050285124191e-04
2.082245495532535887e-04
2.361687433828289328e-04
2.651093765679332745e-04
2.146234034767581294e-04
2.088221876571575819e-04
2.225506781703895983e-04
3.041792911891308209e-04
2.997886824111143755e-04
2.148913819756772842e-04
2.147740459380050417e-04
2.147650725156482793e-04
2.082432129342729886e-04
2.251274943895017100e-04
2.391370208028497019e-04
2.195775007001227901e-04
2.242902340367436344e-04
2.611561420296008265e-04
2.822082458038089941e-04
2.261814920671491205e-04
2.456520228750175934e-04
2.195086083116216827e-04
2.335339655918586559e-04
2.678797307372507127e-04
2.549912276703657265e-04
2.386010775161493032e-04
2.924749283637437681e-04
4.847532989353769257e-04
4.396550799719989170e-04
5.732537606834537487e-04
3.475286239861614035e-04
2.926056500938203366e-04
2.473307192041021216e-04
2.270901492900318571e-04
2.558115151219276921e-04
2.566436802347501220e-04
2.205593400867655797e-04
2.433793107047677159e-04
2.271906146132904628e-04
2.470903803542670108e-04
2.136286067414200948e-04
2.245845794419033706e-04
2.618298019903401758e-04
5.008566009605096986e-04
2.783693677176618119e-04
2.584444020046956260e-04
2.148894686251878717e-04
2.711018247322903737e-04
2.100306626461032381e-04
2.072391535491786201e-04
2.261831780843850742e-04
2.109934863013525710e-04
2.465984055824163926e-04
2.327563082023213358e-04
2.619021338048494710e-04
2.144642458167961838e-04
2.372360775350696631e-04
2.841057681426819941e-04
2.337959195331980864e-04
2.121540060680773441e-04
2.614011361988054618e-04
2.555927313450309917e-04
2.291116697273941436e-04
2.192900434602051843e-04
2.741924678492877192e-04
4.209248007585605173e-04
3.272747011053272342e-04
3.001089413495113553e-04
3.391789868732707496e-04
2.445658562808400980e-04
3.024187740973300633e-04
2.735039099611134860e-04
2.894773721669075960e-04
2.219628785193587415e-04
2.411973838590913380e-04
2.306406485796388625e-04
2.241657366458740396e-04
4.411661345511675141e-04
4.347098078061309347e-04
2.686312229424301116e-04
1.988521156858445976e-04
1.989634254197072732e-04
2.253797079255390429e-04
2.167806604928854499e-04
2.330002579320636185e-04
2.387113478552136130e-04
2.411337527963850261e-04
2.637847038244621792e-04
2.376783463276094775e-04
2.196231822664332096e-04
2.422046762270232034e-04
2.472365488453457608e-04
2.008687810868852635e-04
2.083709208656930379e-04
3.587171233569582079e-04
2.867123280237945980e-04
2.663277444015774479e-04
3.072320281838377526e-04
2.768387000024732578e-04
2.522366574137575217e-04
2.447119898473223217e-04
2.391999473588334144e-04
2.429404471250664927e-04
2.108394474877665328e-04
1.914085392167584642e-04
2.185201774247818587e-04
2.878797614377819666e-04
3.599115008384817208e-04
3.144371474627405167e-04
2.897114009182486373e-04
2.049643665345178773e-04
2.308649505074653291e-04
2.420003462531086509e-04
2.172510514760182831e-04
2.558217401383444819e-04
3.062064899131655932e-04
2.783950100031991901e-04
2.314367424696683862e-04
2.701476190446151435e-04
2.111655557786839004e-04
2.547737379144463118e-04
2.301059931050985976e-04
2.126319624302494733e-04
2.146142358995146190e-04
2.706664712685677627e-04
2.507101938438912052e-04
2.247201229652596955e-04
2.835108800920554408e-04
3.120495691998965331e-04
2.640242632737176240e-04
2.140309336957418255e-04
2.440516363518933376e-04
2.213690675691598088e-04
2.419722065355421885e-04
2.179321628581318466e-04
2.124589051689124847e-04
2.045243025188230707e-04
2.012339024804532593e-04
2.508532145940181113e-04
2.474823324397827195e-04
2.058440159049092016e-04
2.097371698538255452e-04
2.403578764965964561e-04
2.386568641910950274e-04
2.157715731300413554e-04
2.391543951428805684e-04
2.270056320250862238e-04
2.168234846451216359e-04
2.019309070116529989e-04
1.988670732437943357e-04
2.341459070642789143e-04
2.289856251122223112e-04
3.056356104530601279e-04
2.928034758790292792e-04
2.571549460602303165e-04
2.233947483667482871e-04
2.145153959281742540e-04
2.435240069300764212e-04
2.714300069621660544e-04
2.833211929019954366e-04
2.556630371448894270e-04
2.057792821950796508e-04
2.175528701627627069e-04
3.702999298952312779e-04
2.390319512536128355e-04
4.791809690909253484e-04
4.730237676348123107e-04
3.064089697242403988e-04
2.292012973015920938e-04
2.091529968634454613e-04
2.175230378957672373e-04
1.947868451760667889e-04
1.923657147886438613e-04
1.926893454381368195e-04
1.856191194383427468e-04
1.893117131354908221e-04
1.966253734038521861e-04
1.995721871369621691e-04
1.910085379818661391e-04
2.125187895985113313e-04
2.755429455363709191e-04
2.759406947168625054e-04
2.122531267943688434e-04
2.179747874227662972e-04
2.124923908074075919e-04
2.721866719528204790e-04
1.876841178939988176e-04
2.006676692205170776e-04
2.063987415749579603e-04
2.300923342894141757e-04
3.129232162609696345e-04
4.307579911417431509e-04
3.182866167561668441e-04
2.435002688111530342e-04
2.549710757254312378e-04
2.815536505982486480e-04
2.158262064525236592e-04
2.116545817504326607e-04
1.819811736802674112e-04
1.936248148558661472e-04
2.406643504380351968e-04
3.553757910978876697e-04
2.541365043725818612e-04
2.191775539864061523e-04
1.973355774922917326e-04
2.195372023076439807e-04
1.873000558569199456e-04
1.944012059700778779e-04
2.283799413514013056e-04
