1.200531362824969889e-01
1.030255762736002612e-01
9.820383075210782631e-02
8.704471531841490028e-02
7.399997832046614765e-02
3.731442110406028162e-02
2.278969990710417309e-02
1.862287383112642622e-02
1.662839805086453737e-02
1.538620118465688566e-02
1.320326316273874763e-02
1.117408038013511205e-02
1.063442416075203144e-02
9.867731576992406356e-03
7.957912778688801952e-03
7.402951146165529829e-03
7.469380264066987317e-03
7.256564698699448195e-03
6.112728592836194630e-03
5.584961616744597498e-03
4.722632883737484279e-03
4.300799373951223400e-03
4.186671249982383200e-03
4.585364378160900790e-03
5.152811999950143718e-03
4.309368348783916731e-03
3.492879466050200984e-03
3.528006542474031604e-03
3.415502237362994225e-03
3.172032491614421024e-03
3.465675688866111815e-03
3.758440594085388567e-03
3.706359505239460294e-03
3.074423356188668143e-03
3.323175449752145509e-03
2.660403810441493849e-03
3.114731322146124370e-03
3.059103526175022039e-03
4.242275945014423698e-03
2.679465004863838297e-03
2.136076556311713483e-03
2.543708660329381446e-03
2.289585711227522854e-03
2.088326802994641858e-03
2.155602540199955466e-03
2.433628839337163320e-03
2.208924613272150207e-03
2.433082318554321850e-03
2.331705573532316580e-03
2.162846602085564084e-03
2.359692290839221669e-03
2.404227043088111738e-03
2.351767195699115600e-03
1.922411451944046595e-03
2.136265765875577840e-03
2.244770915971861826e-03
2.365748867806461223e-03
2.667703034563196924e-03
2.358349844192465100e-03
2.885519918054342201e-03
2.535975635465648626e-03
2.748120822426345505e-03
2.455786007146040437e-03
2.066884907997316827e-03
1.783155465188125677e-03
2.021305200954278108e-03
2.024892701043023036e-03
1.927819120594196842e-03
2.225972335371706207e-03
3.036367249571614996e-03
2.772905146703124029e-03
4.073483642811576676e-03
3.009037027756373151e-03
2.488430825372537052e-03
4.344353215355012052e-03
2.764800130907032159e-03
2.262514970368809369e-03
2.812268097574511985e-03
2.614387118568023156e-03
2.125384168078502199e-03
1.780987301220496397e-03
1.771127455350425496e-03
1.908534573805001052e-03
2.003605731038583717e-03
2.156198812234732826e-03
1.698141046282317839e-03
1.720793373468849355e-03
1.769015439268615490e-03
2.019684238152371410e-03
1.985792321049504802e-03
1.597835949311653733e-03
1.761191975739267220e-03
1.658096129799054713e-03
1.651538115822606635e-03
1.538087235142787234e-03
1.702219720722900455e-03
1.789963447695805008e-03
2.001210565471814567e-03
2.106391776146160355e-03
1.720288037839863126e-03
1.970143064132167179e-03
1.592073062848713702e-03
1.885120202269819061e-03
2.366174895109401932e-03
2.879712270158860544e-03
2.777210120111704011e-03
2.431216278216905176e-03
1.689426565232376260e-03
1.550637852504021695e-03
1.571122884957326703e-03
1.771041776777969529e-03
1.710531095870667035e-03
1.826609509169227485e-03
1.874739437674482643e-03
1.721269338288241050e-03
1.793069164786073892e-03
1.733013539471560133e-03
1.862199280617965642e-03
2.490802610086070065e-03
2.446016527505384501e-03
1.821707469514674636e-03
1.598996623005304128e-03
1.486161284459133931e-03
1.604742072522640168e-03
2.098232757093177869e-03
1.892487556259665272e-03
1.784678666541973787e-03
1.389857478853729006e-03
1.391711332835257088e-03
1.487498544156551274e-03
2.064083299289147262e-03
1.690137310264011291e-03
1.498576424395044659e-03
1.435202596088250380e-03
1.437724850450952749e-03
1.564193140301439484e-03
1.855507763620052120e-03
1.543576824478805169e-03
1.388648981745872237e-03
1.358873870534201391e-03
1.929155041774114005e-03
2.345700695489843710e-03
3.358171660867002254e-03
2.721714444665445168e-03
1.624878381585909311e-03
1.496004195262988501e-03
1.325756273128920072e-03
1.667381340844763552e-03
1.632387973368167869e-03
1.658250076903237252e-03
1.436503639755149679e-03
1.510782988948954422e-03
1.960483295843005319e-03
1.628339790428678154e-03
1.779109008817209188e-03
1.671915805070764557e-03
1.970297153004341596e-03
2.513871807605027979e-03
1.487127156514260517e-03
1.287348086221350597e-03
1.288081071236067340e-03
1.312032781748308100e-03
1.194210380522741158e-03
1.200335395729376208e-03
1.204468457856111953e-03
1.233790703117847382e-03
1.412055731440583833e-03
1.477010639177428388e-03
1.851744813223679806e-03
2.020235181682639852e-03
2.089348815174566290e-03
1.656629393498102766e-03
1.781920970210598481e-03
1.471747583709657244e-03
1.373071115877893232e-03
1.158968686747054210e-03
1.074545960873365350e-03
1.093939991874827216e-03
1.144896235006550959e-03
1.118305228754050201e-03
1.123055333478583263e-03
1.262935679405927753e-03
1.207200341547528828e-03
1.505295961267418339e-03
1.473685812412036701e-03
1.569025369568003521e-03
2.068459181011551157e-03
1.861660340800881447e-03
2.541103704522053395e-03
1.836537289329701105e-03
1.804529076649082943e-03
1.923842653632164062e-03
1.624592584557831183e-03
1.638933534526990565e-03
1.320693161752488961e-03
1.136090580580963053e-03
1.107278203384743894e-03
1.206906179690526559e-03
1.202193385300536974e-03
1.300797138570083597e-03
1.223841517801500063e-03
1.108531842215193693e-03
1.177844529350598668e-03
1.162416315120127358e-03
1.161780325799352618e-03
1.231518252235319893e-03
1.306490154109067299e-03
1.300804434965054232e-03
1.563097523111436167e-03
1.744973035529255893e-03
1.774757923558354430e-03
1.615517655801441922e-03
1.539931487705972421e-03
1.518147051748302331e-03
1.334389248448941386e-03
1.291886644644869723e-03
1.198357306420803165e-03
1.228954383275575107e-03
1.397057325682706224e-03
1.701379012730386449e-03
1.706590919444958337e-03
1.530142042578922336e-03
1.617214540537032733e-03
1.140371888048119032e-03
1.148731505187849293e-03
1.051816052188061937e-03
1.049933354370295984e-03
1.182380101333061753e-03
1.533960158833198991e-03
1.623986177146434680e-03
1.345143065684371603e-03
1.262265803913275404e-03
1.317531991129120223e-03
1.438577281725075471e-03
1.100021815962261588e-03
1.280965772974822182e-03
1.585281239822506922e-03
1.176519908735321586e-03
1.185252189429269933e-03
1.094876981288608582e-03
1.069840198486215598e-03
1.113735146613584583e-03
2.070638709184196256e-03
2.536426739146311910e-03
1.969869653176930038e-03
1.530956938448879354e-03
1.508533783877889301e-03
1.330704401350683635e-03
2.177091803298228205e-03
1.553518859048684444e-03
1.589539314930637614e-03
1.283473030974467601e-03
1.110026911935872588e-03
1.069753247106240961e-03
1.241783515239755368e-03
1.708161847458945391e-03
3.310204400784439675e-03
1.880283104255795574e-03
1.330547558350695606e-03
1.373126239308880342e-03
1.147561461354295329e-03
1.137793578931854937e-03
1.065205527831696811e-03
1.114596562563545260e-03
1.088192918751802697e-03
1.211338113579485181e-03
1.087679247785773486e-03
1.107971384707424466e-03
1.194977422969208765e-03
1.269473275169730230e-03
1.271004498315354099e-03
1.039091455750167439e-03
1.037239625843034861e-03
9.353432002373867227e-04
1.029969794520487316e-03
9.844215234948530159e-04
1.520557081740763535e-03
1.434495285567310074e-03
1.541021538691388212e-03
1.479353057220578194e-03
1.020890576764941137e-03
1.116606219050784912e-03
1.061157350324922139e-03
1.084086798234946188e-03
1.076001951264010529e-03
1.138122316656841248e-03
1.123554618097841705e-03
1.183856773293680666e-03
1.358413446901572978e-03
1.142490965624650247e-03
1.484032971784472483e-03
1.526045803394582593e-03
1.469484068867233165e-03
1.136859933742218574e-03
1.088589893447028216e-03
1.087406212981376422e-03
1.037769804501699001e-03
1.032167065164281156e-03
1.128301076177093670e-03
1.194413706867231270e-03
9.797647507447334626e-04
1.073935075352589223e-03
1.370891194997562318e-03
1.423170566041436456e-03
1.050309061279727308e-03
1.032301323591834977e-03
1.033787120961480619e-03
9.993019601744082634e-04
1.126482876845531994e-03
1.002845975001239072e-03
1.064106493722647394e-03
9.404832973248429019e-04
1.097597670741379174e-03
1.123138510415123666e-03
1.071797437551948867e-03
1.017274153160138304e-03
9.388453953175081128e-04
1.071474976941115239e-03
1.045281138374573636e-03
1.278120753251843923e-03
1.263690610002312373e-03
1.052864397772484365e-03
1.121766506694257251e-03
1.110554403211507510e-03
1.471141343936324111e-03
1.355043104332354391e-03
1.264800284471776816e-03
1.346950901465283467e-03
1.498463330272999062e-03
1.246135744473172557e-03
1.086409900647898477e-03
8.641912829544809655e-04
9.927754797455336580e-04
1.102694453568094307e-03
8.996744629823498788e-04
8.742100812701715214e-04
9.185532501174343721e-04
9.824067594793935588e-04
1.080277767032384803e-03
1.239330704944829149e-03
1.355501146883600393e-03
1.060874969439788056e-03
9.716331389629178457e-04
1.127293113515608937e-03
1.056741524953395137e-03
1.097364981865717399e-03
1.391588406016429271e-03
1.123666861094534380e-03
1.299375858571794355e-03
1.158131226483318605e-03
1.329927338908116043e-03
1.707134080222911339e-03
1.615397610391179628e-03
1.229936061944398662e-03
1.151009159576561747e-03
1.135645547053880074e-03
1.117988342626227184e-03
9.869111774282323009e-04
9.242931955183546211e-04
9.720810828730463895e-04
1.165857857300175472e-03
1.192755465809669686e-03
1.177208234245578347e-03
1.151960609066817430e-03
1.149984606438212960e-03
1.011212046982513631e-03
1.284084410096208301e-03
1.225185402565532287e-03
1.269085056717610951e-03
1.068142538941982628e-03
1.003308921741942602e-03
1.045518834143877073e-03
8.477840391505095212e-04
8.486699059398637376e-04
8.531514938092893754e-04
8.489638057330415894e-04
8.530897874799040024e-04
9.258744674217369826e-04
9.668148748783601636e-04
1.013814035492638811e-03
9.120567828520304444e-04
1.017582744049529185e-03
9.872032683860096792e-04
1.082030503700176938e-03
1.293133051238126285e-03
1.342529841802186409e-03
1.275352409833835268e-03
9.826749247602291175e-04
1.094015974344478628e-03
1.032908200545029501e-03
9.612792766549520902e-04
9.505889727734028859e-04
9.469725745212701027e-04
8.988315731080041967e-04
9.470479697402980597e-04
1.326890597637328788e-03
1.019438846657673555e-03
1.002142048544354003e-03
1.099622197345726969e-03
9.833999624889757079e-04
9.193909033719036136e-04
9.753848208735386690e-04
9.584931279015210118e-04
8.864170209401183668e-04
1.339037280995398777e-03
1.006559848578439907e-03
1.615384023429619013e-03
1.246162860964735363e-03
9.757583973825805813e-04
1.006722723961704213e-03
9.684300433016485585e-04
9.631812727699677655e-04
1.045178121162785440e-03
1.075542762668596324e-03
1.108259120956063201e-03
1.123864139275004533e-03
1.067699838119248561e-03
1.024703160445723186e-03
9.214212916170557658e-04
1.034476180664367249e-03
1.101906201802194032e-03
1.212604373900426835e-03
1.100934898066851814e-03
1.264139009225699693e-03
1.199065426674981831e-03
9.868183318111631644e-04
9.612580740617380701e-04
1.075242744862205460e-03
1.130562056269910493e-03
9.317384732680188391e-04
1.104131950479414741e-03
9.929527601020204583e-04
9.002054700007041050e-04
1.104788464597529930e-03
9.504861832182440228e-04
8.457360173472099670e-04
9.002857929509546983e-04
1.280762628755635624e-03
1.111165979463193173e-03
9.500194356466333230e-04
8.907200786699023083e-04
8.336320115874210762e-04
9.082689136266707897e-04
1.039022780540916745e-03
8.589702412589556545e-04
7.535522625160713788e-04
9.289612439978454320e-04
9.264679835177957882e-04
9.702606923464271753e-04
1.297949738800525596e-03
1.096092591372628934e-03
8.703507058736350286e-04
1.025312033792336779e-03
9.674022274298800690e-04
1.038892279999951420e-03
8.768921966354052168e-04
8.840904007148411110e-04
9.708217316721048148e-04
8.645345803557170699e-04
1.186134494427177732e-03
1.067682427302416893e-03
8.734386812688575523e-04
1.040829331872777800e-03
9.673491309189961819e-04
8.749374338529175696e-04
8.642083985937966308e-04
9.737831364489263602e-04
1.113565177656710044e-03
1.229886753588087028e-03
1.104834561443163296e-03
1.086221129840446832e-03
1.096831810039778461e-03
1.139022780892749720e-03
1.122683121098412302e-03
1.074232636536988968e-03
1.312822173866960707e-03
8.352278594651983560e-04
7.565228672077258009e-04
7.606424194657140751e-04
1.039179272742734965e-03
1.008063410926196297e-03
9.566252168992327425e-04
9.723842454453309088e-04
9.547053450822002565e-04
9.226925655578574036e-04
8.545256768249803606e-04
9.772982334511147017e-04
1.010504333405858870e-03
9.654552918962306480e-04
1.060594077635970342e-03
9.624318142111102379e-04
1.089724780370791672e-03
1.304855381862984757e-03
1.492803084353605926e-03
1.122729108254942598e-03
9.675124714461465691e-04
8.932055993419554026e-04
7.509260133115781442e-04
8.368131792586711113e-04
8.640332199219200298e-04
9.237208460561103151e-04
8.245536457333299844e-04
8.674666109598344870e-04
1.048678596400552361e-03
1.263834584711326587e-03
1.361065082148545406e-03
1.288423208881997331e-03
8.891960745677352082e-04
8.163445168692204813e-04
7.552887726989057377e-04
9.027451967510084340e-04
8.470816778329511888e-04
9.470037588228782032e-04
8.337641512561175163e-04
9.104248237175245921e-04
1.099131384657488957e-03
1.403818293474614655e-03
1.202335674833092524e-03
1.059811663710408811e-03
9.029231287745965919e-04
9.492158677635921006e-04
7.969208118609256075e-04
8.524928800761699763e-04
7.771714388703307051e-04
7.587106189587050414e-04
7.793849085768063921e-04
6.886654290267162602e-04
7.794156083319750622e-04
8.453224288920561155e-04
1.141261360608041226e-03
1.220814998572071356e-03
1.006967902390493380e-03
8.604487342139085148e-04
9.610408870503306779e-04
1.289979085429674962e-03
1.095707580033275768e-03
1.006948329094383386e-03
1.081837908778753628e-03
9.201734818311200744e-04
8.294740676259000720e-04
8.395270020183589641e-04
7.677708716235226829e-04
9.213539838997854021e-04
9.218147505695620898e-04
7.783921761438250412e-04
7.389596539239089157e-04
7.976754692693551136e-04
7.515946201359232585e-04
9.532848921500973851e-04
9.208815829414460042e-04
8.013379175422919842e-04
8.372307108301255607e-04
9.591500331751174691e-04
9.381189062777492904e-04
9.957824254201517577e-04
8.492867136374116291e-04
7.749612003357873565e-04
8.097145230405860010e-04
7.786797230235404559e-04
8.160314998692936835e-04
9.826541712714565585e-04
9.400708466354343838e-04
1.224949138445986579e-03
1.071542517230328643e-03
8.354259944624370859e-04
7.154638289163509817e-04
8.217692799452278865e-04
8.279895854906903305e-04
9.229754522028896409e-04
1.207147282548248681e-03
1.006569907897048467e-03
9.330115927797225268e-04
8.687832276336848302e-04
9.900948366460700888e-04
9.866718502922189587e-04
9.992822218272421134e-04
1.133845465050803284e-03
1.190055941438509374e-03
9.336860690058933166e-04
8.555965164365867716e-04
8.204459554205338623e-04
7.624742435291409362e-04
8.270250027999281536e-04
7.771124326003094659e-04
7.165362980837623567e-04
7.662792421049541671e-04
8.634253485231763777e-04
8.347292143541077975e-04
9.211314381617638708e-04
7.874922710470854802e-04
8.464967811273203455e-04
6.981486615000499383e-04
7.377959772323568503e-04
7.966310417072640631e-04
9.544644696224067462e-04
1.266073170635435407e-03
9.582308255549934180e-04
9.125699723760286649e-04
8.644598856982257376e-04
8.466866726262701429e-04
8.178309273595610720e-04
8.573402065990699383e-04
9.505753912445572039e-04
1.243198576072851794e-03
1.205612468636698244e-03
1.051197666157450842e-03
8.503198530524969014e-04
7.527888245466682511e-04
8.145199038295282412e-04
9.485154071201880744e-04
1.011399034565935466e-03
8.908634022292163902e-04
1.137874993081721981e-03
1.008491137375434193e-03
8.556542204072078561e-04
7.677482534199953383e-04
7.661907462817099668e-04
8.750840266131692819e-04
8.001153802292214866e-04
9.429349988285038288e-04
8.746157151957353448e-04
7.680683482127884706e-04
7.541191518410212367e-04
8.562362119038072379e-04
8.907035702011651063e-04
7.645356414529184486e-04
7.215423801810377314e-04
8.427009092540376682e-04
8.917653643422656512e-04
7.812438724148604470e-04
7.238275035180978968e-04
7.734285864151186620e-04
9.266345994547009034e-04
8.006196820901500134e-04
1.048621752609809341e-03
1.277432093500263091e-03
9.244001248023576024e-04
1.190212496504601493e-03
8.456602294204963038e-04
7.212312892079352899e-04
9.098041999257272918e-04
7.830644023811651538e-04
7.256009302929871405e-04
8.015017353722618185e-04
8.195424289442599210e-04
9.495289044247732938e-04
9.556502600510915005e-04
1.006840422956479901e-03
9.162872670114868183e-04
8.716149113347960867e-04
8.047458343207836238e-04
7.341681343192855069e-04
7.261132637763189485e-04
9.759633470740583430e-04
7.805837501978708966e-04
7.298113930866950531e-04
7.377805835050013162e-04
1.729905073168791019e-03
1.442253189937521985e-03
1.063759913668036470e-03
9.695438417192134371e-04
7.637116701031724207e-04
8.024675629308654010e-04
8.342710127019220155e-04
8.134915364078349875e-04
7.704028290592961504e-04
8.980299827332298120e-04
9.034480739177929483e-04
9.644790255050692679e-04
1.115038077760901721e-03
7.940431182376212187e-04
6.937452723893026887e-04
7.880714727151724502e-04
8.287968031234210905e-04
9.071117937047448818e-04
9.110868859311772395e-04
9.918906327543986195e-04
1.109083564952015799e-03
1.622670869756903970e-03
1.403172152220375033e-03
9.334772437190016255e-04
7.724514890772600896e-04
8.076959170608056420e-04
7.809695945535269183e-04
7.112217632432778778e-04
8.114296505745086660e-04
9.085616014069980992e-04
1.218162270573278257e-03
9.107251801631516827e-04
8.713727498737474384e-04
8.557476067087716734e-04
7.670770818367600398e-04
7.375781848612759364e-04
7.443885717334018486e-04
6.902801827527582776e-04
6.599986325535509533e-04
6.717248824942443014e-04
8.654086974759896351e-04
7.389557664282620170e-04
7.539436091772383584e-04
7.832130029176672444e-04
9.540062123495671566e-04
8.783979307756655799e-04
7.251595351327624981e-04
7.863974995497200436e-04
9.703301227030655240e-04
9.932512034558588308e-04
8.465801526067984976e-04
8.458783800920678404e-04
8.442726664038167558e-04
8.352981769065890389e-04
7.209997831119431847e-04
7.368183555081487222e-04
7.085497998115089556e-04
6.875293947652809943e-04
6.703581086670358947e-04
6.400010059587657755e-04
7.063298123992151805e-04
7.599229057733383925e-04
8.247525964139236672e-04
9.560217027966347314e-04
8.857704173877007075e-04
7.791974824956721330e-04
8.910397331540782914e-04
9.733649798565441021e-04
9.941942524164914651e-04
9.348131410984529587e-04
1.023110269258419632e-03
1.047541537684285040e-03
8.978294017207291092e-04
8.081534085795283231e-04
9.097948996350168835e-04
9.250434312141603667e-04
9.432097032873167043e-04
7.839068907520009262e-04
7.983534472684065747e-04
1.044084340747859644e-03
8.661299674875206408e-04
7.036091076831022407e-04
6.882251636125146952e-04
7.994983435815407628e-04
7.470881447402967068e-04
9.395066410717037514e-04
1.028347113169729649e-03
9.894780317942302415e-04
9.544213121342989868e-04
9.582244051206443127e-04
8.120810613036155918e-04
8.137362083006236197e-04
8.051091616248918885e-04
7.199269892751343231e-04
7.248103980802827074e-04
8.068238961924281260e-04
9.137289298491345834e-04
1.049312084602812981e-03
8.458516917501887090e-04
8.714874707058899552e-04
7.111374345711536172e-04
7.103331904444429344e-04
7.665820988929934309e-04
6.705898512154817538e-04
6.563557376567688518e-04
8.330132512168751712e-04
1.006859357261823346e-03
8.013431541621685332e-04
7.912982177610198946e-04
7.651955028995871891e-04
7.224098916372490888e-04
8.172198325499063993e-04
8.242403558041486861e-04
7.009577663201425326e-04
7.412207672475940251e-04
7.099016272048983478e-04
7.905694775076375696e-04
8.991908602830436022e-04
9.853208577260375804e-04
8.290285342890355317e-04
7.401159995545943246e-04
7.841518919708000308e-04
8.308755619347923341e-04
1.050907753459695256e-03
8.208683151234354722e-04
7.530616125505831381e-04
8.689429973148637661e-04
1.029067105717129107e-03
8.052004296849998768e-04
8.834928646683692845e-04
1.011114205337232917e-03
1.186469791767497811e-03
8.848933720340331236e-04
1.106109502725303095e-03
9.281177376396954233e-04
8.293155505735840764e-04
7.644266642940541340e-04
7.570216098489860636e-04
7.218165338660280069e-04
6.870097677326864874e-04
7.382702395423418719e-04
7.169125767217741745e-04
7.354346647237738335e-04
7.349396973020500771e-04
7.537824650191598305e-04
8.388068653746611359e-04
7.241194902194870303e-04
7.507187764470775763e-04
8.260397095647123086e-04
7.886209737302528637e-04
7.838513515889644449e-04
7.467032102350559634e-04
8.060769400455885430e-04
7.784174393034643718e-04
8.177191107016470225e-04
8.237406872730288496e-04
7.563761034463014482e-04
8.165873553500407542e-04
7.157703835724128858e-04
6.958733121347096366e-04
7.152852917917900235e-04
6.927397241815924558e-04
6.768332962464127661e-04
7.052391275970472688e-04
7.746805043684112154e-04
7.114205323159694498e-04
7.986416773767107116e-04
1.028281463724043570e-03
1.102630665215353131e-03
1.109938037892182648e-03
9.930970669827527547e-04
1.047169290379517661e-03
9.917333127102917565e-04
7.604406667976743982e-04
6.913068101534413333e-04
7.415615094618665300e-04
8.245876718622943127e-04
7.668135242743625082e-04
8.116002898249360725e-04
7.583988558811445742e-04
7.301956673877106315e-04
7.668543348295821108e-04
6.666357150404817432e-04
6.685207266774442682e-04
7.062178312076463097e-04
6.479881507241063224e-04
8.028710116114881699e-04
7.740421800149811793e-04
6.894845950106779633e-04
7.039273597507013673e-04
6.999910100259714406e-04
7.578235859465267841e-04
6.430310424831178978e-04
7.267759502347972403e-04
8.071328197709388584e-04
8.750970387417409627e-04
9.455863370870550965e-04
9.717587045290404426e-04
8.423938783299592028e-04
8.626557969384722859e-04
9.262117914234598882e-04
7.785631160044835996e-04
8.448582230549719343e-04
1.135366537297765373e-03
1.073671442766984318e-03
1.244394556722707226e-03
1.080709452119966258e-03
8.328120325071116346e-04
8.122414629906415983e-04
7.223205377037325960e-04
6.560951647245222024e-04
6.584444367844197220e-04
7.973398371703095200e-04
7.436328978898624348e-04
6.928072321332163315e-04
6.179487079174981676e-04
6.413770586045251451e-04
7.580747450184491341e-04
7.440672475948101631e-04
6.956526011021600718e-04
6.570782903064456169e-04
7.280760610269175958e-04
8.176898933015763976e-04
8.134920367350181002e-04
9.221364221432143144e-04
8.364155919601519787e-04
8.828703246803747172e-04
9.768279719476898569e-04
1.084020108036283037e-03
8.992702829548053934e-04
7.804574030968878173e-04
7.461051301409800775e-04
6.692286736021439090e-04
7.383938195804754835e-04
7.143184591809080596e-04
6.747937197279598766e-04
6.668098477853669518e-04
6.615833575940794405e-04
8.091244326593974995e-04
7.339482366417845105e-04
7.305863556555576045e-04
6.651628705569439821e-04
7.023106991416878378e-04
7.369326044701867253e-04
7.883154119675358671e-04
1.064709194728897775e-03
9.528543655243184359e-04
7.620783910776177898e-04
8.189674466848373196e-04
7.654308134482966722e-04
8.529021927259034875e-04
8.200790231219596757e-04
7.978686762766705942e-04
6.939040336550937561e-04
7.748683896433148548e-04
7.592646327490607753e-04
7.711314787674281414e-04
8.695189551346831558e-04
9.258751405609978941e-04
1.419306203671213745e-03
1.023570379863182698e-03
9.032648874239788961e-04
7.132481837955614379e-04
7.576332942375706841e-04
8.743377485209041008e-04
9.060845601682861400e-04
7.027359420640601293e-04
6.000811469534204912e-04
6.019198979871968848e-04
5.923696697896553044e-04
7.442215643823146343e-04
7.743456719132760626e-04
6.782247079536318649e-04
7.589801315528650920e-04
8.461532671935856039e-04
8.642030292604532381e-04
7.435783112628591845e-04
6.309372533319725128e-04
6.961335992026660389e-04
7.085984195065167177e-04
6.891626137722697701e-04
7.585516794481211335e-04
6.489506224170327620e-04
6.267931255408458946e-04
7.498124096956518443e-04
6.726618369834290326e-04
7.368365212136672145e-04
7.135134226539069195e-04
8.146442271148165385e-04
8.812689354332785188e-04
8.044147646675506736e-04
8.004653953119284697e-04
8.074351074174046256e-04
8.916032614393366862e-04
8.377373125404119188e-04
7.766071249110002850e-04
6.931221050520738197e-04
6.274795377006133238e-04
6.671536845775942384e-04
7.295987038459214634e-04
8.606134303328063714e-04
7.050472658334507254e-04
7.261384410473207141e-04
6.621625848735371821e-04
7.139032259066072214e-04
7.035579754867487233e-04
7.228819354592511646e-04
6.422218287156687905e-04
6.656357977125379856e-04
6.324303659817411298e-04
6.746013012404243571e-04
7.898719049990177155e-04
8.020046301600006113e-04
8.056658723702033158e-04
7.001455919817089861e-04
6.976711556004981662e-04
6.844758599375684550e-04
7.660378991729682990e-04
7.655395401848687090e-04
9.086384567328624918e-04
6.562135937727160001e-04
7.112847796330849402e-04
7.127826153818104171e-04
9.179867379781272594e-04
1.206179248789946258e-03
1.050926926545798839e-03
7.463834791754682787e-04
6.923778122290969025e-04
7.706471866307159366e-04
7.398537189389268976e-04
6.784912033213508914e-04
6.149184589998589511e-04
6.395150780574315090e-04
6.115820142440497875e-04
6.764967734408047382e-04
6.683503722565041147e-04
6.779176573682990040e-04
7.022911517156494449e-04
8.175856920166148147e-04
9.067380681840910006e-04
8.195065360309349272e-04
9.326944893432988172e-04
8.902353115586770409e-04
