1.196736319859822567e-01
8.154870635933346434e-02
7.049122270610597152e-02
5.030720448742310308e-02
1.128931952433453664e-02
6.666495800018310859e-03
4.631877930627928408e-03
3.635631899038950770e-03
2.955165470225943301e-03
2.738095165954696018e-03
2.349005577464898312e-03
2.291632884492476700e-03
2.334251209265655880e-03
2.320881087539924427e-03
2.009372002341681257e-03
1.892007319256663227e-03
2.307209332163135274e-03
2.004586783134274918e-03
1.704537136894133291e-03
1.895111995852655868e-03
1.727460114699271021e-03
1.943932727186216186e-03
1.443750984552833730e-03
1.729607202319635197e-03
1.674667246536248356e-03
2.022646760774983281e-03
1.508948121012912771e-03
2.329606341405047153e-03
1.824015033327870856e-03
1.685462708895405035e-03
1.532027104662524349e-03
1.382677768253617748e-03
1.167433806177642711e-03
1.234312647332747731e-03
1.312115182065301403e-03
1.332029538849989567e-03
1.469429172058072395e-03
2.227304758917954351e-03
1.920360225356287530e-03
1.939404046990805168e-03
1.616343833092186285e-03
1.884470726880762247e-03
1.316178058170609918e-03
1.289108920221527415e-03
1.142767608269221278e-03
1.122097319198979166e-03
1.053160149604082194e-03
1.020930843013856176e-03
1.064401313972969778e-03
1.220348212454054138e-03
1.567113130456871404e-03
1.422797163120574507e-03
1.167109131606088816e-03
1.099688826491021379e-03
1.096794613533549814e-03
1.199768373949660228e-03
1.258453199019034631e-03
9.622284125847121398e-04
8.974841172392997992e-04
8.759318046375280881e-04
9.926178740958372694e-04
9.330715663317176852e-04
1.194416966496242424e-03
3.192030899226665566e-03
2.223773285125692657e-03
1.577433172820342936e-03
1.137225059274998059e-03
9.203179811851845650e-04
1.006278485680619844e-03
9.712024850563870946e-04
8.950555008939571318e-04
1.581157588710387649e-03
1.576741141163640449e-03
1.155814020377066370e-03
1.310279361075825186e-03
9.469595494576626754e-04
9.428426933785279303e-04
9.695352681188119763e-04
9.107690770179033063e-04
1.080011122911754638e-03
8.770209292156828625e-04
8.883675544833143393e-04
9.368324541072878698e-04
1.078770267259743579e-03
1.014065284592409943e-03
8.468931758155425014e-04
7.526242660565508370e-04
9.723860827378100896e-04
1.433995371270510837e-03
1.649745534070663983e-03
1.443397861181033946e-03
8.953235939972930364e-04
9.161618424372540426e-04
9.579809925829370527e-04
9.029343729424808103e-04
8.944838297449880576e-04
1.163052017800509904e-03
1.702708894024706522e-03
9.594054106209013019e-04
9.963613526067800069e-04
8.045287104323506355e-04
7.258125376473698173e-04
9.025551425293087569e-04
1.813614557290242884e-03
1.534397595872481626e-03
9.362644311558041129e-04
8.765141653000480676e-04
6.842718413099646959e-04
6.931871602622170737e-04
9.252647646806306343e-04
7.407371172060569185e-04
7.892608052740494439e-04
8.641946248503194761e-04
8.057070285495784075e-04
7.865959085110160514e-04
7.145844560323490234e-04
8.924895059317350908e-04
1.122159251374089039e-03
8.615685538906189735e-04
8.215026660925812615e-04
1.016937417702542352e-03
1.257005214380721349e-03
9.592425067805581806e-04
7.653039119516810013e-04
6.419097373469008451e-04
6.355680411474572784e-04
6.880572640026609349e-04
9.542829336391554437e-04
1.391945720339814825e-03
1.221124202323456680e-03
1.896969724653495715e-03
1.469153896388080468e-03
1.183134779954949983e-03
7.646245351578626753e-04
6.199652957729995077e-04
5.817863753893308832e-04
5.688267048551804393e-04
7.146379659469756810e-04
6.119051518746548238e-04
5.789003184893064648e-04
6.596977610347999534e-04
6.808366905897855368e-04
7.352774207376771209e-04
6.662732609806374870e-04
6.815123195863432865e-04
7.881891598097151693e-04
7.702994747604760550e-04
1.120067637206779510e-03
1.196366934002273666e-03
1.042345659807324305e-03
1.154731418937444618e-03
8.148456734812094086e-04
6.464254369752274378e-04
6.450527122554679466e-04
6.800867979311280660e-04
7.633277683311866018e-04
6.094855261552664877e-04
9.763038104089597543e-04
8.476239882616533241e-04
7.990654966690474226e-04
6.260489949232174141e-04
5.598477419051858675e-04
5.616395721315509647e-04
5.761493808434655717e-04
5.500288664673765125e-04
8.118316337155799577e-04
6.862607562086648662e-04
1.027463462410701687e-03
1.849039824058612167e-03
1.194036175859057233e-03
7.259643921214672989e-04
8.627623966377642901e-04
9.638709497327605609e-04
1.127313308728237866e-03
9.604417858645320069e-04
8.895736433462135984e-04
5.792832317658596405e-04
5.597303554208741920e-04
6.665131408307287857e-04
6.354161760666304348e-04
5.731451706702096836e-04
5.150189832784235347e-04
5.849929485056135688e-04
5.332072775086594500e-04
5.547862802632153425e-04
5.724121081746286590e-04
6.577533721509906499e-04
6.123979638020197319e-04
5.514661671542045625e-04
5.181456512461105534e-04
5.254619472867084551e-04
5.834258296009566620e-04
7.523082980575660763e-04
9.690065084335704312e-04
1.085543676486445865e-03
8.835209640932993862e-04
5.700327186948723254e-04
5.289265252132382272e-04
5.257968627847731287e-04
5.388285074796941030e-04
5.515267718065944291e-04
5.047347461287345982e-04
5.017769711816476904e-04
6.010059419915907922e-04
6.546908472147253306e-04
7.578154239389631522e-04
6.254971375326729994e-04
5.961482550224496760e-04
6.198014872562554282e-04
6.601284030410978438e-04
8.157388198499878002e-04
9.877244947064255012e-04
8.645858043908245284e-04
7.017344797754453654e-04
6.442664178191787787e-04
5.142857719005809562e-04
5.133126531210210593e-04
5.001816179396377602e-04
6.880911462940276146e-04
7.327674381020996821e-04
1.312507109768274848e-03
8.527501107245269787e-04
6.424910011183883937e-04
6.069321908418916830e-04
5.902574133748809395e-04
5.175038504724701130e-04
4.818777401103741583e-04
5.209363603757487205e-04
6.434198833691576625e-04
5.409046751447022265e-04
5.547282882293479329e-04
4.430724217349456609e-04
4.494654307038419699e-04
4.081697473561184532e-04
4.597550446891950039e-04
4.924870660114619245e-04
5.115422929844094411e-04
4.965842892933222631e-04
6.228977560790048204e-04
5.682344419053859085e-04
8.257694969264169679e-04
9.235509808382226862e-04
8.851981313071317437e-04
7.056350545543763455e-04
1.086375001404020447e-03
7.942588816189931388e-04
5.505721082186533716e-04
5.022043217387464490e-04
5.267678708251980098e-04
4.311293307950513293e-04
4.782827767646974978e-04
5.373052311026387277e-04
5.449275492638763069e-04
6.950114465629060557e-04
1.670493789845042777e-03
1.076609220148788595e-03
7.614366338950478812e-04
5.351570887594587394e-04
4.966757128325601477e-04
5.247864466057055016e-04
5.642023185888926564e-04
4.812412956056909491e-04
4.528679547365754691e-04
4.373969142842623918e-04
4.622654391763111013e-04
4.309668084089126943e-04
4.811364200173152625e-04
5.350310073441101773e-04
4.278617556620803019e-04
4.924426763318478931e-04
5.100244200891918206e-04
4.645866326366861611e-04
4.744375202183922060e-04
4.625769416129009567e-04
4.529617891077780244e-04
4.511879656153420549e-04
4.504138629676567376e-04
4.786763397148913993e-04
6.523117679171264085e-04
4.665633404834402956e-04
4.164294298324320242e-04
4.469305139759348431e-04
5.155869035257233755e-04
8.515775483101606846e-04
7.202810499196250988e-04
8.516197783562044332e-04
8.111177348635262383e-04
7.904385335536466550e-04
5.566019300992289644e-04
5.808999107426239582e-04
4.434777386227829548e-04
4.071704290496806506e-04
4.560395670382098865e-04
4.765263471441964294e-04
5.003035107317070455e-04
4.163341632940702978e-04
4.062146776252322498e-04
6.386239578326542840e-04
8.387379037837187521e-04
5.842227884568274065e-04
4.680930841196742176e-04
5.051802631674541218e-04
4.506128188222646865e-04
5.832430201634350485e-04
5.754846256847182505e-04
6.114816011136604574e-04
6.529840175062417984e-04
4.435832687239679890e-04
4.630673468475126828e-04
4.563829351940916772e-04
4.076574186587499375e-04
4.699632339179515774e-04
5.627169079768161268e-04
6.963081207747260238e-04
5.840068036276433588e-04
7.695972205450137948e-04
6.180484244962118926e-04
4.659668911093225118e-04
5.254052341398266152e-04
5.200051980662263222e-04
4.880141263775941468e-04
4.759899475094344777e-04
7.438026391901075320e-04
5.877069123865415494e-04
5.465410338042096458e-04
5.509081068966123484e-04
4.368949497842954371e-04
8.769234828650951776e-04
7.297193913513587470e-04
5.649826352277563610e-04
4.931084261948449551e-04
4.223042334585139961e-04
3.604703536257147529e-04
3.826789622608986322e-04
4.393871701581196498e-04
4.006756040164166036e-04
3.904896612382597254e-04
3.587161087327533503e-04
3.748513429632617327e-04
4.442729539651837619e-04
4.819044356958733814e-04
4.169326047930452467e-04
4.186545012311802794e-04
4.578872286300692245e-04
4.356211912818253084e-04
4.808519620241390288e-04
5.089189585608740359e-04
4.066464435567872563e-04
3.937582317222323514e-04
6.120496494178142644e-04
7.096920998042655949e-04
5.103620943716830928e-04
4.639501422126259813e-04
6.641205909868909667e-04
4.600622429926362264e-04
4.574547519182993135e-04
4.030735050845477485e-04
4.099220345314178284e-04
3.815152709527561852e-04
3.868069090983933624e-04
4.365834530391212906e-04
4.021166711269567396e-04
4.754277142799563085e-04
4.300674585263348083e-04
5.484790168702602256e-04
4.275782121759321699e-04
4.900644898104170684e-04
3.957756469026207837e-04
5.399762877884010286e-04
4.750994485544247632e-04
3.978153825220134528e-04
3.835960171030213558e-04
4.088893719017505602e-04
4.388613000305162447e-04
4.311320136508180298e-04
4.450934732125864956e-04
4.569787219063275508e-04
4.362319955705768566e-04
4.921942356870405736e-04
6.465881364420056126e-04
7.120555568124270701e-04
5.625790525745186406e-04
4.680802321268452562e-04
5.250612664450374266e-04
5.297774296357400095e-04
3.958659573820316356e-04
3.550334841323395650e-04
3.953808214929368527e-04
3.602167759608063602e-04
3.892878701703415866e-04
4.790482923595441650e-04
7.824730174615979238e-04
5.866185999992820426e-04
4.346655340244372874e-04
4.633285645912918970e-04
4.497662727307114310e-04
4.529056400578055047e-04
4.040493993347303971e-04
4.033406735915276865e-04
5.621008106714321662e-04
4.346266756248143097e-04
6.735397176817059647e-04
4.027795217310388789e-04
3.997162475975023352e-04
3.604364464990794659e-04
3.500408449003265983e-04
3.486798188856078283e-04
5.346521761061416491e-04
7.220944141348203515e-04
4.688559909765091407e-04
4.507767207299669815e-04
4.347513566931916784e-04
4.923116838714728478e-04
4.327362720181958627e-04
3.520159793293310734e-04
4.023714880976411896e-04
4.032829697502570169e-04
3.556138556450605132e-04
5.467175084373188890e-04
5.580511924603747320e-04
5.555802256438053610e-04
4.323217673744592202e-04
3.623356351939340512e-04
4.986216029566195107e-04
3.820099358239935415e-04
5.410480540659692861e-04
4.478854667912754721e-04
3.789159052798317428e-04
4.344047948769811274e-04
3.566076045131517719e-04
4.049063065192765563e-04
3.616378132978247508e-04
5.814864523967520947e-04
4.208462069638901470e-04
3.494022728409618053e-04
3.408427091522349276e-04
4.036147525120112561e-04
4.358120655847920401e-04
4.253659172294040600e-04
4.021734658939142950e-04
4.159641070550100430e-04
3.978063651205351035e-04
3.502607888852556474e-04
3.502644701964325495e-04
3.150206694327708839e-04
3.008231660351156993e-04
3.327928951734469734e-04
4.520088949033783431e-04
3.473891542914013010e-04
4.230519604041344472e-04
4.019429917550749499e-04
8.846613697500692319e-04
6.139999405584401068e-04
4.986030939552519138e-04
4.320383439254429610e-04
4.692088388320472640e-04
3.787365519545144430e-04
4.326937096710833995e-04
4.048382347294439735e-04
3.686235861904505070e-04
3.094012905947036290e-04
4.326532180938455745e-04
3.632075719845791607e-04
3.841528291296627856e-04
5.088834993592980657e-04
3.583963884092453340e-04
3.780734800319704826e-04
3.507935872767120838e-04
3.334639116656035120e-04
3.588908778813977856e-04
3.325301838210887109e-04
3.535996962131725220e-04
3.356539703802102065e-04
3.326460951939225414e-04
6.952024970410599107e-04
4.560411995690729844e-04
3.845517277821070522e-04
3.550452006877296315e-04
3.513275888851947505e-04
3.303398854202694614e-04
3.579387055813438136e-04
3.675133719419439626e-04
4.485177504830062541e-04
5.176485042708615057e-04
5.798746311726669456e-04
4.771189743445979048e-04
4.073263003697826044e-04
3.808770220105846586e-04
3.895369441144996381e-04
4.235579257106615245e-04
4.117326672551118892e-04
3.564101273918317682e-04
3.321823098748508617e-04
3.787899788262115799e-04
5.035422201682296199e-04
3.962551457031319394e-04
4.581257562515222157e-04
3.612482051054636406e-04
3.892896640011005963e-04
5.336740894967482692e-04
4.646011656667623510e-04
3.969180353710220939e-04
3.743226549381183446e-04
3.551679262374010508e-04
3.676588085686994991e-04
3.973300232448511858e-04
4.581193791495429208e-04
6.059435320397218040e-04
8.869210211560129642e-04
7.526381862246327463e-04
5.295423912401828626e-04
5.974807002995576608e-04
7.400498817312634167e-04
4.513114375165767087e-04
4.030696403545637940e-04
3.359495491410295154e-04
3.250424821291946907e-04
3.320224712499313981e-04
3.115624371760835113e-04
3.277174162212759170e-04
2.885545645323064835e-04
3.416385659430589750e-04
4.321811110195186256e-04
3.459210022507856145e-04
2.914437193733950622e-04
3.031521031839980217e-04
3.244003291345304730e-04
3.871681999104718201e-04
3.643628957474397286e-04
3.239577506772346087e-04
3.069919227467228918e-04
2.834504100933877744e-04
2.934922495235999310e-04
4.060229987630413701e-04
4.499968954931116627e-04
4.133102894088046589e-04
3.570510710900028561e-04
3.287558806025319400e-04
3.881622625825305903e-04
4.190319283710171533e-04
4.144257038003868431e-04
4.412853078813188832e-04
3.365367453079670538e-04
4.114780026591486240e-04
5.468890003653036546e-04
4.169602917196849946e-04
3.870538381549219276e-04
3.315723030310537846e-04
2.988968300633132696e-04
3.104029472969058352e-04
3.303734251918892008e-04
2.863180771883990969e-04
2.948797724416686323e-04
2.962257772580616818e-04
3.556296400104959820e-04
3.753396532394819626e-04
3.565092198550701011e-04
3.789673096293376506e-04
3.470561635266575392e-04
3.165956964302394055e-04
4.339219598720471158e-04
8.243487592941770416e-04
5.060507124289869742e-04
5.581728506108953134e-04
4.141477833036333453e-04
3.264189464324671508e-04
2.937534404918551272e-04
3.006556873313254684e-04
2.700354005598152554e-04
2.969809599582933770e-04
2.886131022953324792e-04
2.786380694144302019e-04
3.073789789858791493e-04
3.201173540825645093e-04
3.378123550727549413e-04
3.213549946020874707e-04
3.044074540957808625e-04
3.071853724153091698e-04
3.577510800419582068e-04
3.480689100817673681e-04
3.269511991594400459e-04
3.034699110624690692e-04
3.236787766218185446e-04
4.339312411482549323e-04
5.201343387468821116e-04
6.168292690482404458e-04
5.933615792956617192e-04
4.731155329176949171e-04
3.616389586952411497e-04
4.095530279705093726e-04
4.876251464399198633e-04
4.654744307562294690e-04
3.226342748126221770e-04
3.340626019053161036e-04
3.417456592433154431e-04
3.113688569929864676e-04
4.758738338326414180e-04
3.964948880537930479e-04
3.771801124740805766e-04
3.134106919040075814e-04
2.667666155482745563e-04
2.788527144326104082e-04
3.757288136209050561e-04
3.393267017478744196e-04
3.354531606762773386e-04
3.325808548834174915e-04
3.669573025157054150e-04
3.336689957521028066e-04
2.989828690058655221e-04
3.982797218486666419e-04
4.759443274492191158e-04
3.452746937465336506e-04
2.992059269713030810e-04
3.576583596360352092e-04
3.263194613262183192e-04
3.298365586023363884e-04
3.719724692766451400e-04
4.382532765157520749e-04
5.401914075223936303e-04
5.613579637267523308e-04
4.984787111687990959e-04
3.823610194700045547e-04
3.304430107689566160e-04
3.403298164873073441e-04
3.365273213583148352e-04
3.247988392185005764e-04
3.111276818284143845e-04
3.117309279170714939e-04
3.562727619686888083e-04
3.365681414854609140e-04
4.790857176865554465e-04
6.009270276667343699e-04
5.559174442249867213e-04
4.006550102753357904e-04
3.434878786922329207e-04
3.366635178422762334e-04
2.882167845705731072e-04
2.896522339950832899e-04
3.237858089333814251e-04
3.078894648287031359e-04
2.898331400420930764e-04
3.780874992824263163e-04
3.799649153370410226e-04
3.560791936858246796e-04
3.851447101785904930e-04
6.146718789305951995e-04
4.779786885612540719e-04
3.209771499192962834e-04
2.966240380838927539e-04
2.849613787192437618e-04
3.206284163105819216e-04
2.993705154707034227e-04
3.242674945957130630e-04
2.904901217617508204e-04
3.970472871636350834e-04
3.185736323939636393e-04
3.111585581468211516e-04
2.840629194138778409e-04
3.084680673459337902e-04
2.902127802371978543e-04
3.347242241984026297e-04
3.506795117735034663e-04
3.591775537158052155e-04
3.473451456779407280e-04
3.226273722894903865e-04
3.027598026932941497e-04
3.144784758074416035e-04
3.144367049551672353e-04
3.120553912594914328e-04
2.964455572267373526e-04
3.019735512013236559e-04
2.983066156351318215e-04
4.811600375817053879e-04
3.891134475513051113e-04
3.019983000639411873e-04
3.361566845948497201e-04
2.967040398572054374e-04
2.843730363787876059e-04
2.693477867999010777e-04
2.951870152416328575e-04
3.707005099082986478e-04
3.640900653166075562e-04
5.542458531757196109e-04
4.167291604810290876e-04
3.636787958546644885e-04
2.824600127577367643e-04
3.394634106532774137e-04
2.746205514348629378e-04
2.855336605312509845e-04
3.700477182347741483e-04
3.508802981943720013e-04
3.467289172112941980e-04
3.462375793606043035e-04
3.205991905027379585e-04
3.616143879480659897e-04
2.764909085817634864e-04
3.004039047906796383e-04
3.524802224193182196e-04
3.045545890927314758e-04
3.596058508588208290e-04
3.617552200901425711e-04
3.493067558803078011e-04
3.385038020658410248e-04
3.803135613755633470e-04
2.989946367193220328e-04
2.646170156852652383e-04
2.581906833478974121e-04
4.163786233402788791e-04
4.428376465673661776e-04
4.566302266903221369e-04
4.156764036613620089e-04
3.908775634934297922e-04
3.049320763804846198e-04
2.803063274930334744e-04
2.837233721382088057e-04
3.129620243433034856e-04
3.089271465109454302e-04
2.866469270601454942e-04
2.708326880302694070e-04
2.651124219280771312e-04
3.338088819550143367e-04
3.057212382555007870e-04
3.400136844720691508e-04
3.244734648615121668e-04
3.200591250788420656e-04
3.046150281766636355e-04
3.056195560687531934e-04
2.788653942601134286e-04
2.592863225274615632e-04
2.658556555656509265e-04
2.952919247198021848e-04
2.622975747928850952e-04
3.263060960711704444e-04
3.811143469324128623e-04
4.786312225688662560e-04
6.352662150230672759e-04
4.237749045973436719e-04
4.450439113295740347e-04
3.047810409528513612e-04
3.526534512639045802e-04
3.910805654918981839e-04
3.110338927298370503e-04
2.657930687483813989e-04
2.507626755525254551e-04
2.512816471668581435e-04
2.510393280277235751e-04
3.032936763742731566e-04
3.155575908668753395e-04
3.505781605943209802e-04
3.711008389169970895e-04
3.312306778712404884e-04
3.386607331534226967e-04
3.164805627117554527e-04
3.392254266267021381e-04
4.543363251205947886e-04
4.945688917198115151e-04
3.487609952895177824e-04
2.863140969485458405e-04
2.879193836512664961e-04
2.808363726621286604e-04
2.725386138384540912e-04
3.718372571489049505e-04
3.371778807033681174e-04
3.074368267940978281e-04
3.401562695701916767e-04
3.479927832571168647e-04
3.059657048692720018e-04
3.079280759751175920e-04
2.931070116917706232e-04
3.345854430355959305e-04
2.913256904058572063e-04
3.025652879538635268e-04
3.030704080851541666e-04
2.523665205161604633e-04
3.275466919876635248e-04
3.942509047273132640e-04
3.904918128521078064e-04
3.022149939917855585e-04
3.076819668058306217e-04
2.818625757936388081e-04
2.732386222083328458e-04
2.994783584209572964e-04
3.227644189933521817e-04
3.958141519170668460e-04
3.797249983633971737e-04
3.415833995677530831e-04
2.821995563701623026e-04
3.249529061011142126e-04
2.788882702589035034e-04
2.651368926227506886e-04
2.730007227768914738e-04
3.637084793040736117e-04
3.223569510090682497e-04
3.131786583819323082e-04
2.940379370961131405e-04
2.932986216102209209e-04
2.858363300199723745e-04
3.675309739386042169e-04
3.134379608349667804e-04
3.178887180466619003e-04
3.067628731433715982e-04
2.562215734117974809e-04
2.537936990201059462e-04
2.637977935632483933e-04
2.832286481538580651e-04
3.168228329418020352e-04
3.318996934427155500e-04
3.515252085506087956e-04
2.995226126060717559e-04
3.001840958475238716e-04
3.406758884537137294e-04
3.166930574095911310e-04
2.863764092843565931e-04
2.704700214477876959e-04
3.072720581096493437e-04
2.867110492661595518e-04
3.142423985991626870e-04
3.476467966619464930e-04
3.063684986490342326e-04
2.694194696636663736e-04
3.984769746764666365e-04
3.255675276482684704e-04
3.604972026207381008e-04
3.269790547589461038e-04
3.227822899094058627e-04
3.336887123684088440e-04
3.463791021042400054e-04
4.005608032457530607e-04
4.389904518353028389e-04
2.935983993423482014e-04
2.749551412934023381e-04
2.561221084195292800e-04
4.613515920937061310e-04
4.706389374203152030e-04
3.701793839637604116e-04
3.460606311758359114e-04
2.757770086949070439e-04
3.929077949012733419e-04
3.452824708074331110e-04
3.062209285821558893e-04
2.595827171656613390e-04
2.620877848110265366e-04
2.750811870080522095e-04
2.632373669702145653e-04
2.827315882313996662e-04
2.927322208415716756e-04
3.035515174269676404e-04
2.751166815869509957e-04
2.804981081539557994e-04
3.374587625472082186e-04
3.610404266510158669e-04
3.028779905677462712e-04
2.522750778330696804e-04
2.485751169863053655e-04
2.817835763562470935e-04
2.637820468387669717e-04
3.035922598145488253e-04
2.694003219302329487e-04
2.518230261436353026e-04
2.529833279550075791e-04
3.404167527332902106e-04
2.709610584942209787e-04
2.650942461979058189e-04
3.113258891325030209e-04
3.868929470061427834e-04
3.173029790115025552e-04
2.995061419076389619e-04
3.116121184494760415e-04
2.789759528564496045e-04
3.158233340622650077e-04
3.246332068617145054e-04
3.487890266761597730e-04
2.846299004482312251e-04
3.116615665041738356e-04
3.405573741636342246e-04
3.264182622337506961e-04
3.479526577413909801e-04
3.086796314972970173e-04
2.988071625845299868e-04
2.960996512815149096e-04
2.941911524006476193e-04
2.731001175319154855e-04
2.717248567690451846e-04
2.648110420624208167e-04
2.620021746649096547e-04
2.224138121689773345e-04
2.600359388290801100e-04
2.907656327200432546e-04
2.687041401966578659e-04
2.788192464504390781e-04
2.831976511515676758e-04
3.196140482193893847e-04
3.287626041047688884e-04
2.878859969011197451e-04
2.775050302605248194e-04
3.685899862709144975e-04
2.716410082454482526e-04
2.966058686272137466e-04
2.805170805529794728e-04
2.604196880323191216e-04
2.613005249036682827e-04
2.673740968263397708e-04
2.500462022403048229e-04
3.063451194126780102e-04
3.196038655005395196e-04
2.900112997223105679e-04
2.536659570695418684e-04
2.445900119427177441e-04
2.673334817195104421e-04
2.660608105361461596e-04
2.545248675677511509e-04
2.537125856098201436e-04
3.568305538242889843e-04
3.654182420319153466e-04
3.300541390975316510e-04
2.720572128115843007e-04
3.088691546064284356e-04
2.943609797188805337e-04
3.335686043525735349e-04
2.878153471586605101e-04
3.020352370933526319e-04
2.931899132413996723e-04
2.484308787906128755e-04
2.442582811798072666e-04
2.425989980757650309e-04
2.269247898625002867e-04
2.369337658941124978e-04
2.505470816201220093e-04
3.528805778154896515e-04
4.507900324339668202e-04
3.867074483746869569e-04
2.546324630060957275e-04
2.528772900243186190e-04
3.473522367938938911e-04
2.788925959935618882e-04
2.773650941930504523e-04
2.509682569911496743e-04
2.389303589653637722e-04
2.766632922511134095e-04
3.103964266160296132e-04
2.388600780007739985e-04
2.370259041587511803e-04
2.620239744687245798e-04
2.728264760743412919e-04
2.569383116335504660e-04
2.487183592489196067e-04
2.830464996966636725e-04
3.224759503629886278e-04
2.966047185731844702e-04
2.787581058995177146e-04
2.720970511695163310e-04
3.045285244782765461e-04
2.797040651138458242e-04
2.985122542466140685e-04
2.770777165682779437e-04
2.943673447912766071e-04
3.044884817467795692e-04
3.347471688822325651e-04
3.792665407268537656e-04
4.675021594286793078e-04
3.959177067089411747e-04
4.252052213996648832e-04
3.168587587101177839e-04
2.769888251916402099e-04
2.837494246584053065e-04
2.320916057538448144e-04
2.198235266324546715e-04
3.053583729261946308e-04
2.679291364943815821e-04
2.581248494486013947e-04
2.281775859753704745e-04
2.330270851962268266e-04
3.073561781396468625e-04
3.058468218013230358e-04
3.030936604934848224e-04
3.854341287579801179e-04
2.792082437210612641e-04
2.760086033958941806e-04
2.914490094149692324e-04
2.960752009595227045e-04
2.599456766620278207e-04
2.619059430435299787e-04
2.327306745832579088e-04
2.747043560440134632e-04
2.526082026047838931e-04
2.831705181031591309e-04
2.432483993470668890e-04
2.215502127849807346e-04
2.433108587542341726e-04
2.504081442020833579e-04
2.511525048046476106e-04
3.093798312410298186e-04
3.214811512993441815e-04
3.163331128760344421e-04
2.652802827974988596e-04
2.451914078038599804e-04
2.906403017954694158e-04
3.740951592206127299e-04
3.537993050283855983e-04
2.508906076481151799e-04
