1.369732820656564543e-01
9.750525865289899619e-02
8.867763525909848343e-02
3.757065762248304464e-02
1.356898825201723231e-02
8.629816708465416764e-03
6.390928872343566887e-03
4.794887551623914362e-03
3.650930836382839436e-03
3.420142627631624337e-03
2.971330349230103928e-03
2.944726450368762190e-03
3.597179016926222404e-03
2.771562132984399952e-03
2.498429082334041422e-03
3.639617038683758826e-03
2.943024311421646097e-03
2.682468377881580112e-03
2.322615702740020351e-03
2.259591820960243393e-03
2.252800230764680483e-03
2.200176492333412188e-03
2.221285042663415261e-03
2.502536998233861540e-03
2.287607097791300760e-03
2.029079422354698129e-03
1.729849988801611871e-03
2.191470621360673034e-03
2.480990053671929506e-03
2.418602079980903142e-03
2.315873729272021220e-03
1.960231240114404267e-03
2.014062059525814456e-03
2.092037201445135896e-03
2.319771100042594854e-03
2.555567302430669391e-03
2.250613970164623383e-03
1.861948245722386654e-03
1.607578513729903368e-03
1.460010370550056218e-03
1.512240495325790565e-03
1.986969538653890477e-03
1.631047132735451155e-03
1.487563997507095276e-03
1.437820990362929062e-03
1.418206863001816908e-03
1.407845444563362268e-03
1.564630643568105071e-03
1.532240685903363655e-03
1.985835295377506339e-03
3.041868941444489730e-03
2.612103256914350639e-03
2.757078136524392532e-03
1.917530348420970867e-03
1.313724216694633212e-03
1.423357842076155861e-03
1.384247897399796309e-03
1.422011640129817794e-03
1.405678772264056789e-03
1.305537713277671145e-03
1.408100127139025239e-03
1.452102654406593838e-03
1.314753470942378079e-03
1.282281945459544555e-03
1.303178113367822397e-03
1.416894595345689119e-03
1.959361777537398791e-03
2.046388557387722896e-03
1.543735412673817716e-03
1.178854724599255393e-03
9.847807708299822962e-04
1.485282370510200740e-03
1.720282613403267260e-03
1.591987431877189179e-03
1.676406646147370278e-03
1.382192706482278030e-03
1.139457643601215478e-03
1.142879528407421408e-03
1.400575884100463669e-03
1.350369303383760957e-03
1.289465968083176395e-03
1.215064630119336991e-03
1.904421959900193728e-03
1.725231925956904932e-03
1.489761629038386954e-03
1.388453555086420618e-03
1.184863978479471468e-03
1.249117830561267007e-03
2.165553312127789076e-03
2.281972491182387031e-03
1.495958254155185536e-03
1.760533416850699247e-03
1.210149985789838855e-03
1.286523557371563320e-03
1.118471940668920583e-03
1.014494148807393173e-03
1.090782764367759184e-03
1.075040538691812058e-03
1.142094721241543667e-03
9.507352483665777081e-04
1.148875098054607776e-03
1.046130073049830007e-03
1.145505489160617181e-03
1.082545431951681750e-03
1.180670461100008853e-03
1.001735741479529377e-03
9.630520383103026785e-04
7.907012128271162727e-04
9.997322544869448931e-04
1.250730283661849029e-03
1.058557172202401761e-03
1.140844010644488779e-03
1.348952701729204959e-03
1.115817477305730164e-03
9.741473787774642236e-04
1.109548391670816571e-03
9.853699658479955943e-04
8.603312716715865805e-04
9.089496793846288912e-04
8.613077064769136034e-04
9.151805590631232994e-04
8.631501957360240970e-04
1.063048810853312477e-03
1.335270682142840424e-03
2.036650025596221415e-03
1.056452983110729152e-03
9.598957237580583654e-04
7.538892139887644166e-04
8.184498703728119735e-04
8.411714144878917497e-04
1.241919977797402257e-03
1.103054218304653881e-03
8.289877793544696283e-04
1.188005228630370502e-03
1.086659448531766652e-03
9.384957913102375156e-04
9.712246557076771982e-04
8.806039268771807859e-04
9.897829514617720315e-04
9.558746394597822209e-04
8.197002086995376071e-04
8.660827271847261781e-04
1.447537195247908378e-03
1.472265358186430331e-03
9.622021547208229600e-04
8.705430591685904811e-04
9.607949909857578128e-04
1.040390668333404656e-03
1.447035138909187483e-03
1.619142862036824148e-03
1.045733958793183165e-03
1.310326359752151792e-03
1.045179243923889363e-03
8.184911797030104685e-04
9.145203752753635652e-04
7.125723224857614772e-04
8.593393021470143106e-04
8.699564527099330888e-04
1.021642421061794061e-03
1.690584812313318357e-03
1.018598708324134272e-03
8.585678579078780603e-04
7.945430444346534248e-04
9.067151084956196015e-04
1.561057446007099335e-03
1.302217623839775672e-03
1.169061911188893754e-03
1.167840656513969124e-03
8.435983668702343695e-04
6.913411658671167470e-04
6.865876297362976180e-04
6.865283717504806022e-04
7.038278639730480204e-04
7.798923293335569733e-04
7.255511298879153709e-04
7.878350383705562659e-04
8.302555041801598732e-04
8.010117083580957234e-04
7.072780503787928124e-04
6.540295287656287034e-04
7.366346104794906438e-04
7.144434051588177811e-04
5.945879438271125389e-04
7.030387623752984297e-04
7.280792588264578449e-04
7.430306656493081271e-04
8.419582190819912279e-04
8.398515586223867036e-04
8.754057737274302141e-04
1.247567188822560876e-03
1.457196186400122129e-03
2.830161217393146762e-03
1.879011629045837430e-03
1.168498484314315885e-03
7.734606787562369910e-04
6.766991555276843798e-04
6.139101931411358520e-04
6.114720858426557406e-04
6.092316740088992658e-04
7.500598295074369917e-04
6.407664529979228887e-04
6.324051111005246683e-04
7.620292175043787706e-04
6.944328173995018526e-04
6.924067820525831854e-04
7.093446820767389379e-04
6.996205190403593848e-04
7.932220285551415439e-04
1.041249976389938036e-03
1.050367454170352986e-03
1.048864054286645538e-03
8.330115939800937725e-04
7.602884558339913440e-04
7.849378040474322415e-04
8.504051725483602981e-04
1.138052048368586337e-03
1.135176425903207777e-03
1.096311328518721762e-03
8.355814265087246678e-04
9.297841657987899674e-04
8.052676828164193187e-04
7.168277508268753500e-04
8.864527632896270631e-04
7.157471584570076909e-04
6.643351809018187542e-04
6.959055897055400680e-04
5.808313912712037737e-04
6.009347095257706189e-04
8.464979499371514922e-04
9.273657626989815356e-04
9.399450497908724616e-04
7.136084123825033780e-04
7.533725550294750536e-04
8.752294655682312571e-04
6.882635602313611324e-04
8.403135202307667525e-04
8.560148569651776333e-04
6.912756266279352886e-04
6.125683239143755402e-04
7.405327850331862609e-04
6.171675186811222038e-04
6.967090636802216862e-04
8.727173918547729810e-04
8.621091297310259525e-04
7.997858482930395594e-04
6.814014301117923096e-04
9.093825436300701339e-04
9.691971064441733379e-04
7.281546098076635207e-04
6.838346691802144137e-04
1.146584627632465719e-03
9.379847171819871883e-04
6.701137963682412754e-04
5.324374020306600359e-04
5.871436977759003596e-04
6.180731918559305730e-04
6.574292905214759730e-04
5.879284425949056437e-04
9.223861697440345576e-04
1.202709312654203899e-03
1.032761598212851312e-03
8.554728637035521714e-04
7.244699412128991151e-04
5.737977006679607396e-04
5.882627343655460073e-04
6.603471376001834566e-04
5.556972769813404945e-04
6.124923352359069222e-04
7.684716222704284991e-04
6.973699200898408890e-04
6.661523319780826525e-04
6.928697551807595431e-04
7.109778012252516250e-04
5.896086579499145320e-04
7.443853897146052818e-04
6.768183430863751026e-04
7.847477319753832191e-04
7.898608719309170925e-04
9.050990522114767079e-04
8.440862130373716745e-04
6.539768642849392048e-04
6.390037576461003385e-04
8.206134087716539889e-04
6.753258192394342692e-04
5.899842197282447083e-04
6.683727534901764793e-04
6.515562166977260277e-04
7.173378506882322793e-04
7.588419597595929883e-04
8.094401631711257289e-04
8.819399846510755057e-04
7.209596542331079758e-04
7.561805937439203089e-04
6.237613088968727276e-04
1.065025241372899792e-03
8.447254847528206214e-04
6.376217266855140628e-04
6.852572240556279890e-04
1.305370699717766725e-03
8.513134663614133806e-04
6.339116448846955805e-04
7.115429112066824942e-04
1.526509627648111765e-03
9.390800451445910964e-04
7.760637388047244428e-04
6.321927116045521471e-04
5.344936662974457452e-04
5.150799580021864698e-04
5.202352333193024318e-04
6.951920005182425340e-04
6.568286483848674237e-04
5.859202012005779820e-04
5.826839667537974223e-04
8.857890461674995100e-04
7.836107446605132792e-04
6.101123823059929636e-04
6.309205505789981750e-04
5.536861614220671846e-04
5.675556158853901825e-04
6.190259713265630626e-04
5.624110393950508806e-04
4.949492263969861808e-04
5.051602544780406856e-04
4.880448692064318517e-04
6.292572141521506936e-04
6.477534095756709489e-04
6.786348261973924097e-04
6.122356399686799738e-04
6.132316558311383089e-04
7.301137539454632518e-04
7.596060822510884453e-04
4.829595796763897159e-04
7.245035001283718070e-04
5.777499325469964524e-04
5.721442422105206451e-04
5.627409565365977008e-04
5.431215860880911784e-04
5.549401771794591157e-04
7.095454565973745038e-04
8.163154270086023798e-04
1.485546257139908023e-03
9.992811637413170304e-04
8.575493857885400960e-04
7.071640963355699814e-04
6.199968939957519300e-04
5.362294831623633544e-04
5.060075466624564542e-04
5.004664228504730359e-04
5.519434796749717780e-04
5.555329674906614446e-04
5.214455382277567892e-04
5.699358013872470735e-04
5.025829335985084042e-04
4.590512299910187765e-04
5.974685537835789772e-04
5.403087921958002558e-04
5.197562230750918345e-04
4.992121671481678825e-04
5.346847789931214248e-04
5.407802556227478321e-04
6.884917213271061782e-04
6.276058110718925288e-04
7.439082967013948373e-04
7.194172751365436212e-04
7.775779503087202780e-04
6.489360412686235235e-04
5.852211282278100158e-04
5.276701074197060999e-04
4.775882853815952901e-04
7.002811845288508304e-04
6.939883975105153729e-04
7.640409200555748140e-04
6.093402739821208352e-04
5.933126269115342145e-04
6.457426455906696127e-04
5.482153524644672350e-04
5.498765734955668233e-04
6.419831421226263263e-04
7.747420751386218090e-04
6.593391206115484151e-04
6.339721630016962413e-04
7.272057643988065955e-04
6.579295574273500693e-04
7.269446251706944938e-04
6.289084307435486481e-04
6.188462922970453363e-04
5.772507129909677705e-04
4.978796627579464050e-04
6.504063949816756961e-04
6.205309844679302413e-04
5.446115273257924822e-04
5.399432734379338390e-04
5.582907801080081627e-04
5.317474862871071021e-04
5.244971514265570197e-04
6.436321413558390280e-04
5.857081496570673345e-04
5.290089599374268306e-04
4.746617094820572251e-04
4.743827294765247306e-04
5.423598488171895663e-04
5.673045173494352389e-04
5.281547304346329973e-04
4.603124955772525681e-04
4.670144574871907877e-04
4.110366312993897573e-04
4.468997619632217441e-04
5.496495134300655346e-04
5.142580671235919172e-04
5.989518735764754994e-04
9.080297719790703798e-04
7.307910344873865286e-04
7.471847523831658816e-04
7.059279159228835096e-04
6.136893157640265243e-04
7.332613132894038850e-04
7.683200973810421028e-04
5.659334853084551156e-04
5.336766113113197794e-04
5.328262465385099006e-04
5.913370340648624150e-04
8.144514811121754882e-04
7.234319907406137548e-04
7.290187064144346574e-04
6.561085462777150939e-04
6.423985171649191500e-04
5.421630761379169546e-04
5.193938833609637422e-04
5.613987460835940559e-04
5.922163827603476238e-04
7.137763898612724473e-04
6.737835055941509199e-04
5.153104616329074079e-04
7.930518482397827962e-04
7.139614964317944797e-04
6.179296326202651183e-04
7.175636488116449814e-04
5.731142384724484959e-04
5.050167215004977518e-04
4.457589616585108899e-04
4.541127967079066838e-04
5.189080732978052163e-04
4.761061845864686805e-04
4.747618148879458348e-04
4.911665322207327830e-04
4.612249116568515597e-04
4.333060574976520403e-04
4.202584108699940744e-04
4.336439455962843204e-04
4.631870842745734805e-04
4.671648125319430972e-04
4.394815386169486520e-04
6.917864534383018869e-04
6.673299246985050842e-04
6.614096250592006428e-04
5.305884393035537354e-04
5.308997925991813154e-04
4.454624769277870698e-04
4.819997746704353207e-04
8.149960665549668476e-04
7.123171113845375158e-04
5.381059773369795607e-04
5.340721416804525452e-04
5.266546840882963074e-04
4.523102314366648472e-04
6.199752084083026997e-04
6.734046451230016285e-04
5.715458555560973394e-04
7.297279395990901576e-04
6.665762410395675332e-04
6.587392213340435235e-04
5.159222872720824627e-04
4.610182321630418257e-04
4.436332414237161687e-04
5.308558046817779151e-04
6.227534437655574823e-04
6.561476792881472614e-04
4.567172400291181480e-04
4.045236916539983463e-04
5.058804422151297504e-04
4.821689644207557079e-04
4.549258067790004981e-04
5.474181312860714604e-04
5.354318687588804308e-04
4.564359107623911665e-04
4.099291024936570194e-04
4.798900804275439799e-04
4.531873188291986885e-04
5.820367795725662997e-04
5.918054098987744717e-04
6.527515469739834930e-04
5.977383900123337370e-04
5.127268808428198229e-04
4.795395149590654248e-04
4.165072664101090766e-04
4.104189718297372486e-04
4.343753908243444322e-04
5.044772931271128890e-04
1.084738574508163720e-03
9.789805548886458368e-04
6.530278555065807591e-04
6.173213788618644006e-04
4.998992348555475994e-04
6.196478707715868603e-04
7.119953285695777845e-04
5.295166194749375502e-04
5.245078406814072036e-04
5.563065304886549668e-04
5.048479843470785652e-04
5.001832110186417608e-04
4.503592520227862688e-04
4.423780992834104304e-04
4.439035468062179214e-04
4.670184359161389941e-04
5.457235122513440099e-04
5.618472855227689237e-04
4.712238444739745786e-04
4.105946900219552840e-04
4.145981778856366851e-04
5.236097661933551478e-04
5.753415098620786022e-04
4.851374076679349054e-04
5.643735101653469914e-04
5.007153451960119584e-04
5.462431560994849764e-04
5.308800574857741291e-04
4.669154412113130201e-04
4.204413261161082070e-04
4.710274598457746872e-04
7.992460050930579041e-04
6.977544755985339454e-04
8.368459367193282041e-04
6.278613533100320127e-04
5.613872398518854204e-04
5.738548220445712465e-04
6.025339957947532278e-04
6.633944411037697060e-04
6.743760075834062022e-04
4.702681378047499560e-04
4.379928660475545295e-04
3.856126144010987573e-04
3.926697523436612782e-04
4.562055812372515801e-04
4.271498892921954242e-04
4.378267686762329545e-04
4.116190152449740155e-04
4.867189070985962940e-04
3.825449920259416060e-04
4.420643272654463927e-04
4.889302105746335184e-04
4.817182348213261867e-04
4.273637529048654547e-04
4.396030725911259803e-04
4.385330719459388008e-04
6.013829359370801396e-04
5.195124687937399070e-04
4.668167316251330872e-04
4.611783248320635588e-04
4.235460122840272162e-04
4.496183988845182879e-04
7.853914460995130992e-04
9.631432551476690153e-04
1.102624779774082943e-03
7.697755069885816454e-04
4.729195962297833488e-04
4.379241575952619444e-04
4.729534752873910649e-04
5.477551929652691191e-04
5.692838005618088655e-04
4.927190726933379722e-04
4.269426328957908758e-04
4.478944355570193842e-04
4.642250695421050065e-04
4.659591100385619775e-04
4.625446230380071536e-04
4.659344875512437772e-04
4.064795312782128385e-04
4.447519591647303996e-04
5.183114558975729803e-04
5.649041886337929095e-04
5.006394280482911368e-04
4.821764883430053696e-04
4.197790255097465575e-04
4.164689303272300458e-04
4.086572265562911843e-04
3.733691816321677709e-04
4.405097966082393950e-04
3.979224916030135490e-04
4.215266772856314710e-04
4.094911853058470557e-04
4.615499456930491611e-04
4.950998816639184518e-04
5.045923352655437306e-04
5.443458916205498599e-04
5.038772057741880677e-04
4.460673578756137159e-04
3.990571471189873192e-04
4.720955864629811636e-04
4.893985499317447200e-04
4.673400236707594795e-04
5.451113704798950590e-04
4.502341958383719264e-04
5.267537095480494692e-04
5.134203265576313055e-04
5.322297499515116475e-04
4.839277511928230502e-04
4.728098044223669671e-04
5.702466623754136885e-04
5.361435596003300431e-04
5.137808756747592976e-04
4.682881582994013916e-04
4.775529251330428836e-04
1.095279101799759595e-03
5.956138551442159007e-04
4.625050555397239066e-04
3.786873082733816496e-04
4.028597911302414362e-04
3.978861363915105719e-04
3.646544638710717172e-04
4.036968677408165306e-04
4.820559678288797610e-04
5.270435567945241581e-04
4.918774688202474281e-04
4.412041467407511143e-04
6.328076087973184263e-04
4.512976623502456403e-04
4.186688658470908808e-04
3.966903805525766455e-04
4.656911061869727455e-04
5.639644976084430810e-04
4.776096364690197819e-04
4.615047041119800433e-04
4.585145922222484899e-04
4.642432058850924290e-04
4.638026318409376727e-04
7.975010853260755712e-04
5.587348282440669387e-04
4.551445403032832794e-04
4.347048761943975853e-04
3.913002912627740150e-04
3.997294734128647173e-04
4.003938287496566556e-04
4.369164612661633157e-04
3.978013950917455967e-04
3.558362252078950297e-04
3.923285276525550602e-04
3.996780535413159028e-04
4.155255535927911592e-04
4.746754301918877325e-04
5.273347967562990292e-04
4.557641413218031594e-04
4.163151772485839210e-04
7.032517072123786175e-04
5.306846363883879671e-04
4.508900572545826544e-04
3.853852066418363164e-04
3.644315673348804308e-04
4.808338325367205617e-04
4.573180073768728362e-04
4.206519387662410888e-04
4.380247933376166486e-04
3.911627018048117674e-04
4.126857419032603264e-04
4.001765229946209436e-04
3.704026871774759823e-04
5.696466086535817864e-04
5.610314332362678538e-04
7.010777077327171947e-04
7.321237679570913618e-04
6.885782179112235907e-04
5.155857486857308609e-04
4.741151368297222453e-04
4.120766707799500750e-04
4.244460323308077172e-04
4.152954999719643157e-04
3.735682233754131763e-04
4.306265595369040944e-04
4.236016166396439271e-04
4.846500887328552003e-04
6.572984919572870356e-04
6.074600126076903786e-04
4.694571216694183027e-04
4.039035424486630264e-04
4.195488883285886962e-04
5.197775955053253027e-04
4.232178762969043264e-04
4.514356221382816777e-04
9.117973082336700312e-04
5.450683348398241684e-04
4.436473404833426136e-04
3.913704740504423893e-04
3.720285533927380974e-04
3.828299327546523826e-04
3.904799514243172055e-04
3.956632927939709630e-04
3.541732544545084065e-04
3.755651786923408313e-04
4.247407386234651277e-04
4.240140295587479830e-04
4.779687598865065305e-04
4.037851175396806633e-04
3.938770483040975349e-04
3.689492204123073099e-04
4.803971108049154021e-04
6.740787612377769624e-04
6.569187006809645716e-04
4.485503933392465158e-04
4.547641875170584927e-04
5.646573829775054874e-04
5.639619501825007993e-04
5.010427356076737780e-04
4.204953359698670036e-04
3.786953335576173098e-04
3.404871693864050704e-04
3.596910322085022861e-04
3.512981426643414372e-04
3.626087918463680388e-04
4.501787433400750117e-04
4.124285417815877486e-04
3.930213524856501143e-04
7.551401667296886054e-04
5.156232654634449472e-04
5.230619486731787624e-04
5.187597689736220133e-04
6.115708109508785802e-04
4.767650565029018378e-04
4.094421897187001014e-04
5.040737514435830952e-04
5.227505265631609069e-04
4.038398353279464828e-04
3.572511696256697373e-04
4.014175271408425283e-04
4.180566557786530974e-04
4.775081458501518033e-04
4.220425257355802555e-04
3.861707719301597916e-04
3.344976506195962364e-04
4.001930912232233334e-04
3.716627601534127972e-04
3.591608962354560447e-04
3.921929596819811559e-04
3.379174744865546718e-04
3.696790451390875453e-04
4.322052011007650142e-04
3.655174167619810901e-04
4.262189126004361562e-04
4.299657667676607927e-04
4.436522530805733712e-04
4.469141170072058692e-04
4.133247723802923896e-04
4.221054497692319882e-04
4.771065832270930131e-04
3.790633939206599929e-04
4.120601154863834316e-04
4.666701466259029095e-04
5.333870869233376354e-04
4.505572462868359532e-04
4.575420372808973002e-04
4.005415619920111138e-04
3.792461636476218961e-04
3.760980253314806228e-04
4.059360614822556720e-04
3.576341633581452736e-04
3.932736544973320638e-04
4.330315619396666823e-04
4.729340034019615963e-04
4.004748168194459585e-04
3.923271575735675157e-04
3.726937993067420008e-04
4.789839674615197960e-04
4.293680850726862676e-04
4.197687006348537332e-04
5.148077141752259488e-04
4.245960533929367853e-04
4.594750241893861046e-04
5.196831440035667255e-04
3.646755575512846152e-04
3.874745613170994742e-04
3.814155794680118431e-04
3.827977559477504566e-04
3.795382256309191241e-04
4.242505981690353938e-04
4.189712841374178829e-04
4.223710937528974254e-04
4.372089413098163000e-04
3.816470858227047781e-04
3.753577038231823435e-04
4.107935731816622985e-04
3.832000512112345705e-04
3.440295400408406958e-04
4.606217628396633789e-04
3.681241982202562908e-04
4.276656644004914708e-04
4.464919197683533091e-04
3.845289543581505869e-04
3.676050466795762351e-04
3.874207787319189833e-04
3.898432737009392603e-04
3.941445114711920319e-04
4.974358235227151464e-04
3.773957216698262617e-04
3.530029582584069702e-04
3.449763626688056705e-04
3.726070855433742017e-04
3.614301729895588624e-04
3.501669755981614012e-04
3.714672445009152275e-04
4.904879515783654295e-04
5.508221253856188451e-04
4.145523349547551735e-04
4.631324364648510745e-04
3.856411863428851222e-04
4.746896494179964109e-04
6.199371023103594953e-04
6.320050410512420948e-04
4.579458152875304331e-04
3.790534517934752621e-04
3.348635351802739806e-04
3.478410045823289204e-04
3.696311034986542393e-04
4.103051624002142304e-04
3.927123787192006703e-04
4.185620819528897683e-04
5.033564541695846953e-04
5.038517100426058047e-04
4.246149240579042208e-04
4.782135553088867207e-04
5.349134076904091348e-04
4.762441939156916259e-04
4.789547940405706767e-04
3.711193823255598784e-04
3.176646630486680534e-04
3.176085299087895225e-04
3.899633043652607576e-04
4.259735723543498507e-04
3.682589406768480987e-04
3.455277920390168790e-04
3.309423525610731944e-04
3.931391847112940350e-04
3.897884689892331528e-04
3.984888764615688054e-04
3.650570624611443955e-04
4.329832958885365029e-04
4.479033230907387172e-04
4.243768461876445486e-04
4.409220284368428914e-04
3.743640872805069006e-04
3.477036921928326079e-04
3.870593759024308547e-04
3.522763236994958642e-04
4.206390187351240163e-04
3.933210952931808142e-04
3.513952975885735810e-04
3.773027042754822122e-04
3.679538450928197986e-04
4.215957656399243222e-04
4.830587942463656389e-04
5.011263722553848960e-04
5.958631448447704792e-04
4.248929344531562490e-04
3.555342035057643926e-04
4.120209533721208616e-04
3.774543419583803894e-04
3.404748124173945950e-04
3.394324249691433432e-04
4.517485731695261358e-04
3.944385998571912563e-04
3.762986658451457920e-04
4.583121243760817525e-04
6.483714590366515887e-04
4.506563302129506956e-04
4.154580398204012139e-04
3.657771319720066376e-04
3.359343508620643093e-04
3.387039219443168823e-04
3.724597219843417298e-04
4.402365902852680844e-04
7.164393378318184308e-04
6.583456451901130999e-04
4.985182602993316631e-04
4.740856723704685587e-04
4.578727505738950385e-04
3.802374613264368616e-04
3.383623535693105859e-04
3.186893195379525597e-04
3.346555611480855181e-04
3.416788854843212739e-04
4.215756016007314046e-04
4.626157430983665738e-04
4.770993026128659523e-04
4.933102038275036542e-04
5.371023669269763467e-04
3.745080546165506074e-04
3.545992527829690201e-04
3.511978802271187110e-04
3.750620814712925027e-04
3.377420347856564852e-04
4.091032935927311435e-04
3.196123410533699958e-04
2.868820416430632064e-04
3.084884441664649383e-04
3.015865430805004469e-04
3.108727634470495713e-04
3.359414181775516968e-04
3.940738367641137747e-04
4.496620507496926753e-04
3.935526668404539245e-04
3.242365852929651802e-04
3.285986143681738345e-04
3.335219049929744745e-04
3.356408325230909981e-04
3.868730844826333802e-04
3.318791028060432855e-04
3.616369331979917326e-04
4.378410979794959473e-04
5.754606311933861554e-04
5.491156246150947573e-04
5.223887903978012863e-04
4.271117247278905307e-04
3.629001455071071617e-04
2.971044559186945279e-04
3.137129956545929056e-04
3.155468549165460750e-04
3.287688606522149760e-04
3.171480162483122727e-04
3.533248313599162598e-04
3.520503364658604008e-04
3.398331584564099912e-04
3.258383056769768469e-04
3.276659501716494647e-04
3.186386170434868837e-04
3.441715292218658698e-04
4.290409060195088191e-04
4.417955152328229668e-04
4.719194971645871740e-04
4.351963979812959750e-04
5.418205143521643077e-04
4.447736288420855869e-04
4.227535954366127722e-04
3.501484708653555995e-04
3.455450393569966107e-04
4.476662765308800558e-04
4.020089182692269643e-04
4.135629859390772020e-04
4.613791084072242123e-04
4.890577748624814602e-04
8.010140863350695851e-04
6.761648984522454758e-04
5.310917088192783657e-04
4.048784472979605068e-04
3.697751009733312886e-04
3.276293075436519119e-04
3.089808310485548282e-04
3.173730720300227599e-04
3.309559317616124919e-04
3.507381122714529464e-04
3.777399775572121360e-04
4.865104288587139515e-04
4.139724567842980219e-04
3.322414019041591425e-04
3.161416016519069867e-04
3.264212480280548247e-04
3.207050400993062132e-04
3.083222729360891824e-04
2.997141652223136651e-04
3.088403718235591968e-04
3.470648982976046052e-04
4.043700182551725262e-04
3.348973045487784643e-04
3.077334870532569136e-04
3.142464347183704181e-04
3.548722205838809678e-04
3.460697687437964943e-04
3.666683483040994907e-04
4.389470210298896053e-04
3.531200024816724811e-04
3.833975228998395867e-04
3.358001201154870862e-04
3.626197933529814055e-04
3.693980471386263927e-04
4.190908693191078022e-04
5.101377452309761298e-04
5.738587584346533038e-04
4.547698222773356811e-04
3.645957654549016134e-04
3.748054172481513676e-04
4.426047883720861799e-04
4.417463154014613725e-04
3.405879739309764453e-04
3.265047539025545099e-04
3.994727659867041867e-04
3.682511765509843848e-04
3.524687368836667569e-04
3.368068196707301484e-04
3.889623975070814169e-04
3.411528349129690045e-04
3.338505907191170784e-04
3.935413357491294724e-04
3.571007042450623377e-04
4.366036342819118042e-04
