1.123648778597513831e-01
8.024664660294850149e-02
6.961478978395461981e-02
5.767158137427436104e-02
5.567671461237801156e-02
5.494059493144353573e-02
5.265231145752800879e-02
5.082801606920030191e-02
4.221237695051564126e-02
2.388687761293517217e-02
2.006565527783499975e-02
1.868432840539349313e-02
1.770856060087680831e-02
1.573242049664258860e-02
1.444764064417945054e-02
1.379999317228794084e-02
1.341489711983336400e-02
1.292528798596726501e-02
1.133399100353320484e-02
1.045830643425385217e-02
1.076390460961394908e-02
9.775996684200233267e-03
8.920406889584328591e-03
8.907251896129713548e-03
8.516100696805450551e-03
7.485207666953404629e-03
6.902813414732615269e-03
7.371708893527587243e-03
7.011720248394541846e-03
6.651239359958304245e-03
6.001451292799578514e-03
5.030683558434247832e-03
4.887850446005662097e-03
5.445173320670922308e-03
5.133915121356646266e-03
5.290430003984106927e-03
6.745868759850661041e-03
5.825911474724610774e-03
4.670316320326593253e-03
6.580185246550374414e-03
6.140778546945916024e-03
4.547054668267568045e-03
3.975820663488573679e-03
5.219119907253317973e-03
5.471300617274310781e-03
5.106293737060493831e-03
4.566643202884329567e-03
4.223172374897533020e-03
3.470674456200665767e-03
4.257732958843310489e-03
3.885839229656590493e-03
3.270692742533153844e-03
4.074623303280936262e-03
3.554476199464665694e-03
3.462122741879688527e-03
3.531828537169429908e-03
3.517526967657936838e-03
4.124139810187949472e-03
3.804937518305248536e-03
3.728883076045248334e-03
2.768446974870231343e-03
2.669513407680723475e-03
2.665217243548896435e-03
2.889495438171757729e-03
2.692213184717628504e-03
2.865056240310271621e-03
3.149422182598047605e-03
3.183302678581740978e-03
3.366704999158779896e-03
2.900332878861162488e-03
2.811249509039852410e-03
2.746491256273454924e-03
2.770484721081124205e-03
2.838232295794619262e-03
2.958411872386932425e-03
3.286034197856982711e-03
3.423354037933879542e-03
3.202193172441588666e-03
3.900242807964483891e-03
4.316949299019243874e-03
2.866946745456920576e-03
2.612516083237197573e-03
2.357184087029761885e-03
2.515146842019425327e-03
2.734257259095708350e-03
2.693520729533500045e-03
2.335915130873521262e-03
2.423903211537334779e-03
2.957748236755530172e-03
2.812276632628507144e-03
3.208033570812807937e-03
2.591788758420282123e-03
2.582938844958941257e-03
2.570596219350894298e-03
2.519289950529734427e-03
2.414738588655988578e-03
2.691064096159405047e-03
2.666960597659150806e-03
2.486370994398991435e-03
2.887273575696680094e-03
2.523898418164915568e-03
2.541754781785938305e-03
2.768930253676242514e-03
2.582785717936025936e-03
2.561230906802746884e-03
2.528317164008816054e-03
2.210517754364344813e-03
2.686925820178455698e-03
2.965759902985559693e-03
2.874403608342011949e-03
2.765655799044502983e-03
2.480570828128191973e-03
2.092783563356432654e-03
2.342003016836113286e-03
2.888432622680233569e-03
2.460887923629747481e-03
2.280742925488286367e-03
2.449094185398684436e-03
2.351848005006710891e-03
2.158029510950048874e-03
2.543162533806429901e-03
2.758975447052054979e-03
2.811683633675178019e-03
2.333370097395446718e-03
2.010106827235884179e-03
2.411745147158702186e-03
2.669908044238885041e-03
3.558547733765509303e-03
3.142656451091170242e-03
2.681552117897404754e-03
3.421996157202455546e-03
2.298041577968332715e-03
2.630036216643121504e-03
2.631350594262281926e-03
2.075533520740767413e-03
2.024030426724089671e-03
1.906884987321164895e-03
1.973937975967096029e-03
1.975439500270618175e-03
1.865667696110904269e-03
2.020953354529208754e-03
2.048106985166668788e-03
2.001249076177676663e-03
2.261562583864562982e-03
2.763760638319783837e-03
2.749274982553389247e-03
2.226245870503286602e-03
2.376218197039431899e-03
2.448143532706631691e-03
2.378780866662661385e-03
2.690979523791207050e-03
2.654911403854688223e-03
2.233333533836735774e-03
2.203511939280563062e-03
2.136814064449734079e-03
1.962938892344633524e-03
2.078925375309255592e-03
2.886805230648153454e-03
2.095568811313973379e-03
2.258092876937654175e-03
2.172014009104006934e-03
1.971185064564148597e-03
2.094283476471900732e-03
1.722484349480105700e-03
1.749491275598605506e-03
1.852218234497639933e-03
1.844957809791796704e-03
1.934837263284458053e-03
2.189351116410559982e-03
1.909208862214452742e-03
1.748461453244090028e-03
1.992864219161371350e-03
1.823386589272154700e-03
1.892281057727005682e-03
2.431312079230944431e-03
2.364789657294750266e-03
3.067447252364622311e-03
2.155682993017965076e-03
1.793770169735782591e-03
1.913754305698805395e-03
1.860661591506666563e-03
1.786781888869073704e-03
1.913331414365934029e-03
1.860100664715799929e-03
1.723747301018900427e-03
1.781102515136202260e-03
1.697912254474229221e-03
1.752481690814925623e-03
1.962803958190811795e-03
2.147200583583778674e-03
3.120674417457646940e-03
2.699496073441372788e-03
2.732346163441737655e-03
2.336027244519856255e-03
2.092033038950628834e-03
2.245960315275523540e-03
1.994325222654475070e-03
1.982238801299697917e-03
1.641722429129812387e-03
1.694846226730280453e-03
1.682028052810993551e-03
1.856134613044559947e-03
1.861006078931192647e-03
1.753082152249084641e-03
2.152295489278104393e-03
2.018599280466635854e-03
2.191717101054058928e-03
2.340525313177042443e-03
2.275221251572171963e-03
2.121701507518688676e-03
1.958370407939784893e-03
1.759490491822361972e-03
1.906365799303683930e-03
1.664238576259877882e-03
1.667936250774396762e-03
1.498328738121522830e-03
1.612306130118667993e-03
1.896047655286060537e-03
2.696392763819959251e-03
2.519117410605152280e-03
2.394594763302140567e-03
1.981108508383234469e-03
1.838971749982900011e-03
1.674685926797489424e-03
1.728225092714031448e-03
1.922985637146565644e-03
1.929408163867063009e-03
2.300703678694036164e-03
1.905706695591410059e-03
1.676156709177626606e-03
1.665463847004704928e-03
1.590505587971872666e-03
1.515246857371595202e-03
1.637556403357949553e-03
1.744014641477002053e-03
1.946247289371159320e-03
2.009201274356908241e-03
1.587409896569119639e-03
1.671378458332684362e-03
1.509591468299428547e-03
1.720539193807376710e-03
1.827126590328084039e-03
1.679369054941667536e-03
2.265177915493647200e-03
3.097908207111888315e-03
2.588307697118984261e-03
1.934798590631948674e-03
1.784055994616614432e-03
1.778207973370121665e-03
1.697100250878267810e-03
1.623454252257943136e-03
1.422989253575603161e-03
1.469012343117760341e-03
1.487588239833712543e-03
1.493080011051562154e-03
1.785148505328429999e-03
1.933770843057168801e-03
1.751259359427624184e-03
1.645893947635259811e-03
1.499899808420903204e-03
1.600066815606421841e-03
2.245966077057851701e-03
2.157626311398214668e-03
2.114733046748571745e-03
1.847977853483623832e-03
2.235772114040123285e-03
2.208303615657819432e-03
2.031104920121530773e-03
1.599300105331672535e-03
1.409717014369865325e-03
1.596004426375859358e-03
1.415553137453066023e-03
1.865205464677678268e-03
2.132001887593004425e-03
1.606990911273492627e-03
1.631731842644512740e-03
1.693756460315651302e-03
1.788179291826155455e-03
1.895999304639796454e-03
1.655972326277858593e-03
1.818656282913353643e-03
1.688171595128046048e-03
1.669695952700244118e-03
1.841524226797951495e-03
1.654319140232271557e-03
1.525597494199044165e-03
1.597076353823973166e-03
1.725519572177694992e-03
1.738609686079952516e-03
1.657334253605869051e-03
1.880145035684108830e-03
1.868254783459835601e-03
1.664906631534298232e-03
1.497811047981182763e-03
1.623625901217261910e-03
1.589304260495636280e-03
1.766352262865338116e-03
1.884207533568971714e-03
1.912485388004117560e-03
1.691550037099255523e-03
1.439546008283893201e-03
1.785396401666932645e-03
1.654112407316764202e-03
1.652838341477844489e-03
1.622141834037999376e-03
1.679502319958474897e-03
2.022400428023603258e-03
1.815174394804570457e-03
1.827047225087881106e-03
1.832511536777019527e-03
1.836450167207254224e-03
1.530979363661673278e-03
1.409613948522342583e-03
1.389519562944769877e-03
1.305045751440856274e-03
1.346773502106467842e-03
1.563972231621543621e-03
1.416329948438538452e-03
1.444295782906313734e-03
1.646384380550848080e-03
1.687528184718555977e-03
3.138698111805650771e-03
3.329309067792362783e-03
2.053457080490059348e-03
2.119994511206944876e-03
2.627880881643957466e-03
1.899562726418177385e-03
2.067710315394732847e-03
1.681376259980930281e-03
1.650222325697541220e-03
1.402051046283708715e-03
1.491133274717463359e-03
1.392664239845342209e-03
1.246418968463937522e-03
1.228115322171813859e-03
1.275580863261388488e-03
1.399659604455033915e-03
1.428933073249128187e-03
1.342627519431213636e-03
1.453756187111139358e-03
1.433368924384315806e-03
1.480201174401574562e-03
2.145265230598548869e-03
1.959104820982449698e-03
1.852606294883621992e-03
1.782077906860245501e-03
1.804285645484924282e-03
1.536028338596224889e-03
1.507378715193933997e-03
1.474683820787403392e-03
1.694743494606680339e-03
1.379810643589331112e-03
1.376804012494782688e-03
1.489863173208302860e-03
1.429184338905745057e-03
1.437315156476365275e-03
1.357997487195663914e-03
1.250038905483153058e-03
1.713726302712327912e-03
1.597781803251968570e-03
1.553701961206065260e-03
1.313574963973628213e-03
1.601248887471026783e-03
1.487105829227301909e-03
1.371657903202705853e-03
1.329506142064929095e-03
1.741451131076448503e-03
1.516856494773593210e-03
1.641879449081089758e-03
1.715062848395771441e-03
1.966806699314879205e-03
1.612410262330538687e-03
1.700627471113370448e-03
1.430214016387860001e-03
1.382949692714545518e-03
1.652414880485998184e-03
1.940968886742161417e-03
1.609156304039061113e-03
1.493753684270713016e-03
1.320452293795016047e-03
1.324982583626277020e-03
1.698642663347224363e-03
1.516963577725821037e-03
1.607225403293139438e-03
1.640728314717610631e-03
1.432593758217990364e-03
1.478965674630469814e-03
1.470391905038720979e-03
1.538895206629402150e-03
1.495075007486674481e-03
1.483440443149043435e-03
1.556194101770718916e-03
1.576145662822657154e-03
1.584834091158376880e-03
1.387754344484872209e-03
1.338298414937324002e-03
1.347655319712228166e-03
1.433104533288213868e-03
1.344282490511735208e-03
1.690833627039359764e-03
1.598743374149004656e-03
1.413073940202593881e-03
1.339599139884942083e-03
1.548364988217751110e-03
1.426154733118083825e-03
1.483619296405878397e-03
1.327162083859245072e-03
1.659459746442735160e-03
1.561476902829276193e-03
1.391314484903382036e-03
1.672849314701225923e-03
1.739993687305185430e-03
1.816259134146902326e-03
1.542058019484910661e-03
1.285370034683081799e-03
1.349306716583669125e-03
1.587922365094224676e-03
1.465204467789994356e-03
1.393708383354047954e-03
1.765775741595360885e-03
1.607240012122525003e-03
1.431494612350232105e-03
1.320606786757707587e-03
1.269205686532788764e-03
1.270395733105639680e-03
1.218251981255080935e-03
1.320365810145934489e-03
1.312552071693870708e-03
1.463198203386531981e-03
1.414317438482410325e-03
1.316383973591857487e-03
1.390272093833320576e-03
1.621624579032262137e-03
1.840958964700500217e-03
2.197528940935929674e-03
1.736259205887715059e-03
1.564820060609943249e-03
1.375806368887424547e-03
1.274063956613341901e-03
1.343088899221685272e-03
1.566572854709294025e-03
1.347684302470750304e-03
1.328059766027662450e-03
1.315293390717771219e-03
1.250329907052218819e-03
1.427243586319188210e-03
1.495100885319212980e-03
1.449571537474791212e-03
1.476711847095025978e-03
1.639181704570849768e-03
1.632491318095061596e-03
1.350812990114920670e-03
1.263647931627929219e-03
1.328655622071689933e-03
1.319967062316007187e-03
1.442285844435294440e-03
1.252333322126004478e-03
1.280374937794274666e-03
1.496667389033569167e-03
1.304634252770079435e-03
1.334389266040590010e-03
1.337785586042122788e-03
1.275747751610146552e-03
1.421015514578256389e-03
1.474577222640315608e-03
1.416444512498047682e-03
1.200801828462216619e-03
1.472153200560973778e-03
1.385831543140941206e-03
1.499440409243106738e-03
1.364153137740989515e-03
1.249339302691320494e-03
1.162103880196809803e-03
1.163076034540103500e-03
1.145279169496562751e-03
1.275995665022896380e-03
1.485061915073957774e-03
1.330842229330705300e-03
1.223321707091397674e-03
1.211610961084564481e-03
1.311738787529369201e-03
1.494859573948714368e-03
1.513549077014128465e-03
1.436238268700738797e-03
1.548373424965474292e-03
1.878822666799856477e-03
1.639021882890827125e-03
1.347705274820327776e-03
1.303053648831943665e-03
1.573149949933091854e-03
1.496359507760239944e-03
1.466952431946992813e-03
1.715641275255216577e-03
1.349866763792104130e-03
1.206035931180748661e-03
1.136574651011162300e-03
1.139918757706052813e-03
1.219528762416707129e-03
1.193915973417460823e-03
1.627303862737284690e-03
1.680562949428955621e-03
1.262452259349326365e-03
1.303774646172920892e-03
1.433996821029318632e-03
1.433932978866828915e-03
1.702705423037211051e-03
2.042916335372461228e-03
1.637966091641121372e-03
1.418007672246959479e-03
1.574531866030560523e-03
1.375839119880563604e-03
1.386062183624340530e-03
1.327785216271877306e-03
1.546972003868884570e-03
1.453105392865836542e-03
1.322183014514545594e-03
1.338966580935650307e-03
1.176426515190137677e-03
1.129176226289321881e-03
1.126593655596176691e-03
1.191303665853209051e-03
1.147568335549698990e-03
1.255502250149018173e-03
1.300374045968055725e-03
1.235425353257192443e-03
1.702936045928961752e-03
1.361138219427731211e-03
1.278040914589332255e-03
1.476525112779604031e-03
1.348866082003547179e-03
1.235580200639863893e-03
1.395281929936673842e-03
1.393017275776300100e-03
1.218149811029434117e-03
1.146197198476228349e-03
1.185633608450492203e-03
1.124051917447811992e-03
1.209130099871092399e-03
1.243685803169177666e-03
1.264247954305675308e-03
1.317766690626740421e-03
1.322859852678245950e-03
1.232104735035035366e-03
1.169543367707067153e-03
1.430100765493181117e-03
1.250146031379699776e-03
1.221193857491016319e-03
1.293320279671914029e-03
1.195722458263238312e-03
1.491646714922454688e-03
1.325770981299380499e-03
1.082752145723336369e-03
1.176798952122529423e-03
1.276931615235904786e-03
1.193617434861759348e-03
1.174224967964821332e-03
1.191004010227819307e-03
1.292539097679158049e-03
1.393465008586645048e-03
1.267888044110602758e-03
1.147570200264453992e-03
1.271063085231516083e-03
1.373934016252557509e-03
1.422190706556042015e-03
1.298944942342738357e-03
1.260750546740988789e-03
1.208072478313826836e-03
1.246148300253682685e-03
1.226381719008915903e-03
1.272776289325621389e-03
1.192048735813134187e-03
1.094535307751761570e-03
1.173596968356933759e-03
1.545322419454653968e-03
1.377764648447434058e-03
1.181864725011918258e-03
1.023571776329643178e-03
1.040519853639933863e-03
1.245122869602508040e-03
1.594357986210120969e-03
1.553412350412044325e-03
1.402717433455917583e-03
1.287748473179009230e-03
1.384114466297129689e-03
1.294021159410476589e-03
1.260611519941853050e-03
1.433345378480023729e-03
1.255734497681260022e-03
1.261858204379677712e-03
1.220030814616216482e-03
1.057834658357832127e-03
1.269288382285999007e-03
1.132798805418941792e-03
1.190066103720002679e-03
1.231090621764047372e-03
1.047778422944247627e-03
1.455854549486603920e-03
1.234363709679908196e-03
1.227659634314477548e-03
1.020795068600111608e-03
1.103465395669142503e-03
1.310730229856239479e-03
1.706928549748327941e-03
1.681225430737767019e-03
1.306583467974430958e-03
1.329682148061692680e-03
1.196816131058666376e-03
1.149814374641411731e-03
1.034733085996574799e-03
1.307198098188059113e-03
1.266083582821819547e-03
1.374900657683610994e-03
1.370168213422099822e-03
1.404212422979374784e-03
1.163413627073168859e-03
1.133584295813408254e-03
1.180487191304564450e-03
1.230019969451758618e-03
1.368809202685952135e-03
1.288266402358810049e-03
1.211284479747215884e-03
1.131404325779941352e-03
1.224226738429731775e-03
1.235589442981614109e-03
1.135172293935384977e-03
1.025996726627151183e-03
1.157510423411925579e-03
1.280678172285358010e-03
1.314049577340483657e-03
1.329321321617397923e-03
1.262572910119262072e-03
1.560348766441974370e-03
1.459197179000410816e-03
1.147703773652513715e-03
1.246011617283026337e-03
1.363534995665152769e-03
1.277231146167549835e-03
1.047672803979366948e-03
1.075542155756718582e-03
1.126345908269286121e-03
1.187300346274342824e-03
1.393322765620218489e-03
1.207238395387927711e-03
1.086762566636833823e-03
1.048777876421809127e-03
1.278981987593902489e-03
1.396657501657803772e-03
1.175855348507563259e-03
1.094194423510796467e-03
1.149120380481084142e-03
1.226656086121996267e-03
1.214027902525332148e-03
1.264707887959149249e-03
1.219926772949596339e-03
1.531323795724246276e-03
1.149928785032696115e-03
1.086510315847893579e-03
1.028437833819124524e-03
1.185355642034361789e-03
1.140088595760365342e-03
1.290942224053045215e-03
1.050405544487552616e-03
1.051197455575068797e-03
1.395060185653467909e-03
1.347978239258130345e-03
1.260437544745703509e-03
1.085102252093040351e-03
1.019247029390600015e-03
1.092825109759966483e-03
1.152868868990076980e-03
1.305390304575363867e-03
1.361722638830542608e-03
1.202554171904921497e-03
1.148078247594336602e-03
1.303347459890776125e-03
1.215436909761693791e-03
1.259298184886574641e-03
1.117049691060351038e-03
1.063809403114848772e-03
1.066080602403316315e-03
1.382549296443661129e-03
1.294563017889029544e-03
1.056810154372619329e-03
1.151411984529760206e-03
1.363646869237224342e-03
1.110237012358589225e-03
1.119932997195671005e-03
1.113473397369186190e-03
1.099101678054365807e-03
1.186034866712159597e-03
1.073222129295269564e-03
9.967356175184249618e-04
1.063150165395604233e-03
1.191980869819720627e-03
1.186424102116790009e-03
1.194154328356186647e-03
1.186283317704995557e-03
1.156544426404353685e-03
1.145246801121781264e-03
1.052888912252253860e-03
1.193094016570184039e-03
1.149554550647735639e-03
1.230030754167172734e-03
1.559280236769053710e-03
1.337404353544116012e-03
1.268938059090740167e-03
1.075446252814597466e-03
1.068363559121886935e-03
9.263331337004071867e-04
9.375587059184908824e-04
9.559916777329311929e-04
1.031098429941468752e-03
1.051294060630930758e-03
1.068838367549081571e-03
9.559601793686548594e-04
1.034067261239720670e-03
1.315460132641924854e-03
1.264531720015737732e-03
1.355028088825444487e-03
1.159717800716559026e-03
1.154159715192185510e-03
1.614297468008266470e-03
1.508376555413835658e-03
1.189911022989286350e-03
1.037701425246066473e-03
1.112464837109049254e-03
1.078485987252659302e-03
1.151517252437770462e-03
1.074886736977431496e-03
1.064545676733056603e-03
1.073201149184670666e-03
1.152723354494406081e-03
1.137501888184083753e-03
1.114864472506774725e-03
1.309105221492548772e-03
1.195309869945049243e-03
1.157138880031804203e-03
1.144358266869352839e-03
1.241547077273329192e-03
1.287762302284439471e-03
1.343324079643935017e-03
1.151893182864619685e-03
1.051806958599222968e-03
1.062760990785641731e-03
1.058871507023771566e-03
1.020656909483174529e-03
1.059343866072595067e-03
1.044710462188555133e-03
1.152201125191317649e-03
1.288503752503958105e-03
1.108822348113689110e-03
9.782534687676363618e-04
9.584427552504671969e-04
1.053570222575217572e-03
9.791395963273114966e-04
9.605850181024935906e-04
9.446417876622743501e-04
1.051066815853118810e-03
1.218108336906880080e-03
1.090862432287799041e-03
1.184474079248805899e-03
1.556758843362331460e-03
1.221456929472171642e-03
1.029082022400366024e-03
1.259145520420537970e-03
1.128334651908112930e-03
1.113122855830523663e-03
1.037923032935294740e-03
9.930054967602095026e-04
1.297587931363119009e-03
1.164723850476245088e-03
1.170833289830221051e-03
1.486698171744743916e-03
1.206040172320273088e-03
1.094098338443372015e-03
1.070519400657051184e-03
1.048832487107978929e-03
1.032273317169811900e-03
1.063945322918395100e-03
1.107343319906956610e-03
1.184942107906358138e-03
1.087820451810128132e-03
1.273371184037791438e-03
1.093673738133576264e-03
1.102007542115946651e-03
1.038037205321921258e-03
1.221009457173446782e-03
1.422183778033488371e-03
1.307904380891058201e-03
1.216901658206350368e-03
1.414311184651321921e-03
1.360324561699397059e-03
1.199175715187771442e-03
1.156658403471940181e-03
1.168559108757310453e-03
1.073109400976035403e-03
9.031793806287977339e-04
8.731985345689786526e-04
9.005404206820660264e-04
1.033228945711420601e-03
1.039638185304486012e-03
1.134323571912116422e-03
1.054441211745142833e-03
9.869192400947213954e-04
9.673780277888807547e-04
9.104893496260046916e-04
9.664017453582750793e-04
1.322730651849673891e-03
1.188294096953339133e-03
1.121889649786882983e-03
1.046424792665574246e-03
1.119431276391777679e-03
1.047018830560975501e-03
1.036755763408210443e-03
1.069927558095918685e-03
1.060764589346945225e-03
1.098246228260298671e-03
1.143485954445269421e-03
1.114043982492552917e-03
9.441587018469969244e-04
1.065479964017867955e-03
1.193439605024953663e-03
1.148163963937097031e-03
1.255881040253572969e-03
1.229580168922742196e-03
1.317989651838110494e-03
1.154149935787750604e-03
1.318580563594069820e-03
1.279771595986353011e-03
1.100752646517422478e-03
9.878934487803942444e-04
9.804035117849706563e-04
1.017460166994068292e-03
1.188200913990537268e-03
9.773591054706937207e-04
1.050023868576519925e-03
1.078724602444304384e-03
1.092838173628681150e-03
1.080058283793429571e-03
1.177115818847798657e-03
9.321881421945161714e-04
9.421562403440475984e-04
9.386816279341777657e-04
9.092252504908376496e-04
1.082420296346147878e-03
9.670293519997762242e-04
9.491494047041568400e-04
1.002083622022635406e-03
9.617325027162829630e-04
1.282881395373907264e-03
1.195130479108128365e-03
1.348542039179139633e-03
1.170623994742830618e-03
1.074124072781867424e-03
9.669077867228123612e-04
9.926406589026253151e-04
1.199464675608194518e-03
1.031518593792700054e-03
9.793855249881743951e-04
8.798292584510313506e-04
9.482687861762113118e-04
1.061861971393227673e-03
1.145643502370350840e-03
9.865853821651802535e-04
8.863898082118895714e-04
8.368476951080891903e-04
9.552488972743352486e-04
9.591616446980171266e-04
8.983357266212503621e-04
1.019650811536444582e-03
1.070018098172214336e-03
1.224964140500459401e-03
1.119435445095102056e-03
1.023873259934286349e-03
1.095266814033190369e-03
9.578553023230698682e-04
1.001891953249772283e-03
1.096184785581297326e-03
9.984793902064364231e-04
8.994028986328177818e-04
1.001358706400626297e-03
1.191717560092608050e-03
1.065549720596108228e-03
1.044768072768218056e-03
1.116112188125650091e-03
1.262533288035127795e-03
1.299560052446193173e-03
1.204918492068019278e-03
1.042527646964622840e-03
1.025624474148369592e-03
9.261832360385192616e-04
9.623165966735946000e-04
8.887463187177976421e-04
1.016009470913559242e-03
1.009345880140446886e-03
1.031570897127191211e-03
1.261043825911150988e-03
1.404937428111831341e-03
1.106878969197472003e-03
1.038838103930983222e-03
1.025074126923249855e-03
1.036312316233913141e-03
9.920531293998162848e-04
1.070629448836876328e-03
1.140068487471176430e-03
9.462859455703033149e-04
1.086581935588684308e-03
1.095374371442529816e-03
1.118905240307665593e-03
1.084277361838354012e-03
1.038905172608792834e-03
9.844388644624916303e-04
1.017978538552092140e-03
1.077816398659100193e-03
1.103469564889868106e-03
1.008756253868341472e-03
1.024728675579859123e-03
9.388842534584304232e-04
8.908034731737441260e-04
1.044101588841941540e-03
1.594408662058412933e-03
1.316614463511440406e-03
1.203634533513751274e-03
1.041119793533451044e-03
9.397100807271070331e-04
9.156372527488403730e-04
9.872998576611279574e-04
1.064358578425728596e-03
9.629958924940890683e-04
9.055485146948033222e-04
1.034450703817937217e-03
1.098428331315517373e-03
9.921646878744165218e-04
1.150212102155718629e-03
1.121915705088112050e-03
1.022080295046584467e-03
9.996521607455279620e-04
1.224507142582701401e-03
1.078028162010014101e-03
8.907251199707388357e-04
8.895545129457281845e-04
9.137230614821115768e-04
1.017994782887399153e-03
9.659335084466470723e-04
9.269456974127226068e-04
9.378838021722105253e-04
1.161318182841771180e-03
9.875334804463717798e-04
9.378871259589989691e-04
1.008718555224024553e-03
9.153429010055131243e-04
9.622865661771761283e-04
9.952065902244712926e-04
1.081874999217689089e-03
9.151331850120591072e-04
8.794829647781120079e-04
1.719739807045294168e-03
1.246383885542551610e-03
1.192278293375339821e-03
9.724612655635509525e-04
9.220631167085634790e-04
1.003811755217611824e-03
1.011129383566892808e-03
9.575000229395097930e-04
1.110451127816405609e-03
1.067683417350053865e-03
1.061458720618651923e-03
1.003996196409894263e-03
9.008650859403941665e-04
9.700940678723984694e-04
1.365771042700443007e-03
1.094619187836845704e-03
1.152539720448354787e-03
1.077308284843133583e-03
1.117087362541092747e-03
1.018184219590491726e-03
1.040412478873299195e-03
9.589756388838092862e-04
1.125153406109246973e-03
1.125747668556869013e-03
9.581721858638855621e-04
9.612560323956939427e-04
9.445517706788248650e-04
1.002573872295518679e-03
8.976685152285628425e-04
9.360137762915756972e-04
8.995523039872447418e-04
8.432865701615810915e-04
8.172193397250439913e-04
8.585292142298486156e-04
8.671474974188540146e-04
8.774624997749925180e-04
8.845127723179757985e-04
8.993911660379833115e-04
1.114393187583320602e-03
1.050896199627055069e-03
1.050606616772711182e-03
9.681909621900154465e-04
8.714157373954852263e-04
8.216051061430739225e-04
