1.095003809531529676e-01
7.514391683869892091e-02
7.361420558558570693e-02
7.231877631611294266e-02
7.092694458034302929e-02
6.864461514684888632e-02
5.786795068118307656e-02
5.558259033494525325e-02
5.468630583749876928e-02
5.372767403721809276e-02
5.318816458185513657e-02
5.175163389907942724e-02
4.134110813339551133e-02
2.831137614945570743e-02
2.311322844690746892e-02
2.407631070249610650e-02
2.144358994232283683e-02
2.036339242425229748e-02
1.933798124392827403e-02
1.884511859052711083e-02
1.825275306900342454e-02
1.777862374153402203e-02
1.757532554368177943e-02
1.589094633857409192e-02
1.561948099897967485e-02
1.552912303556998504e-02
1.428011082112789175e-02
1.465131063428190029e-02
1.366649882247050578e-02
1.253540217876434291e-02
1.259315023819605577e-02
1.194393208457364061e-02
1.388606823980808279e-02
1.136367946449253277e-02
1.073460238261355303e-02
1.052953795840342807e-02
1.185940309117237794e-02
1.274231276578373373e-02
1.003272906773620098e-02
9.089076721833811226e-03
8.958630735675493159e-03
8.703349005017015430e-03
8.039270088904433564e-03
7.649717177781793949e-03
7.971911595927343858e-03
9.178815910385714621e-03
8.222207371145486346e-03
7.487108655687835755e-03
6.602638148599200736e-03
7.326646165715323435e-03
8.955098659627966709e-03
7.872526295897033788e-03
6.961374429778920125e-03
7.769841216504574238e-03
6.571641191840171814e-03
5.931204907182190296e-03
6.589859935144583292e-03
7.700425614085462493e-03
6.382379223489099279e-03
7.321296816484795279e-03
5.918538324120971479e-03
5.813249283366733224e-03
5.223029123412238454e-03
5.763062062776751031e-03
5.301001465155018300e-03
5.745076570245954625e-03
7.186142359342839736e-03
6.050217855307790833e-03
5.030398128761185902e-03
5.579656242496437539e-03
4.857577507694562681e-03
5.771797541528940131e-03
4.803612087335851731e-03
4.863606654107570544e-03
7.067369187457693894e-03
5.057944067650371398e-03
4.849653014292319708e-03
4.588649761345651654e-03
4.466466212438212520e-03
4.256909021900759545e-03
5.106463986966344910e-03
4.993463115145762785e-03
5.293322327650255496e-03
5.002559253738985724e-03
5.020820800628927362e-03
5.191113296896219219e-03
4.484756245381302416e-03
4.330748785287141453e-03
5.676757554627127368e-03
4.526394920216666312e-03
4.056543211142221890e-03
3.712000341878996922e-03
4.020133346526158849e-03
4.131954374412695474e-03
3.650380037724971962e-03
3.656270839273929527e-03
3.507812339812517010e-03
3.762894179672002671e-03
4.110346308184994850e-03
4.070880117101802025e-03
4.617741975105471054e-03
3.529246750598152415e-03
3.548957768620716272e-03
3.595572310603327350e-03
3.958274684846401284e-03
3.606555333567990074e-03
3.639392587873670724e-03
3.757563973259594667e-03
3.411471109009451327e-03
3.408527195246683142e-03
3.521403864853911783e-03
3.499757070094347035e-03
3.262194223288032539e-03
3.122434431893957984e-03
3.689739890396595036e-03
3.958330167871382081e-03
3.405305893263882965e-03
3.227111047340764077e-03
4.259659759700298171e-03
3.780558276921510731e-03
3.376392642450001379e-03
3.034710788892374961e-03
2.947049519668022786e-03
3.482594719777504406e-03
4.319341658718055775e-03
3.369267158624198854e-03
3.245072687665621382e-03
3.338121941520108289e-03
4.008383490145206451e-03
4.073252772084540695e-03
3.420967378964026844e-03
2.852575520260466641e-03
2.685650433931085872e-03
3.129324842658307883e-03
3.305017536299096215e-03
3.200679780501458280e-03
3.721635881811380473e-03
3.463891095792253662e-03
3.183523501372999710e-03
3.085138700488540726e-03
2.817562566035323665e-03
3.060353613562054060e-03
4.038094919588830316e-03
4.709700961700744037e-03
3.564540274027320956e-03
2.992629145996438152e-03
3.276217062440183337e-03
3.209720509540703575e-03
3.344763192451662408e-03
3.362520773791604495e-03
3.112600219125548958e-03
2.644215045082900194e-03
2.606846231760250217e-03
2.611367217161589347e-03
3.400699454877111755e-03
2.755450306253300931e-03
2.911453736532065417e-03
2.792846476659178578e-03
2.727304783960183502e-03
2.532729675165480872e-03
2.690247213467955763e-03
3.231905743272768181e-03
3.550577269246180979e-03
3.094190026943882156e-03
3.066789565814865767e-03
3.469722655912240491e-03
3.031266391691234477e-03
4.737117824455102169e-03
3.532414648474918508e-03
3.044012950526343419e-03
2.728682849556207570e-03
3.042448461055755754e-03
2.809807851703630469e-03
2.469181639349294841e-03
2.268114460425244266e-03
2.255178689956665195e-03
2.624736575202809338e-03
2.681297082453965985e-03
2.959373826161027128e-03
2.916128576422731197e-03
3.030157534198628377e-03
2.606564202449387999e-03
2.420919721739159865e-03
3.675960004329681396e-03
3.302901493799355152e-03
2.560096858069300495e-03
2.806709412899282153e-03
2.768057373662789495e-03
3.041773415688011576e-03
3.024943160514036947e-03
3.321718314869536240e-03
2.893187094272838857e-03
2.503704746357268782e-03
2.654460401584704705e-03
2.711612925761275762e-03
2.394527815696265768e-03
2.506134403455588522e-03
2.502131253066989993e-03
2.522920333883828681e-03
2.695061367832951929e-03
2.894969290743271313e-03
2.623747516837385014e-03
3.142509578416744984e-03
4.568764112061924308e-03
3.226854531094431808e-03
2.753610824131303217e-03
2.568433858040306515e-03
2.467707830170790158e-03
2.897198855256041036e-03
3.500718602703677216e-03
3.133391209671066661e-03
2.518999087106850443e-03
2.484233515957991363e-03
2.509177022924025981e-03
2.784576115922795213e-03
2.664566331853469340e-03
2.573719228514366637e-03
2.348506297502252638e-03
2.173343611260254975e-03
2.465814265112082227e-03
2.497083459877305709e-03
2.170452861529257454e-03
2.371545233763754524e-03
2.335431631654501065e-03
2.342977532082133989e-03
3.027553051296207835e-03
2.541422633868124868e-03
2.220603879023757242e-03
2.295438090546263535e-03
2.552459068182441875e-03
2.733844140958455009e-03
2.619809117168188199e-03
2.775558974179956773e-03
2.365120552066299862e-03
2.121670215080181943e-03
2.475340882730152781e-03
3.030590679910447928e-03
2.996445537234345910e-03
2.799722591622008042e-03
2.499262798163625829e-03
2.197576464257306340e-03
2.021962400629288836e-03
2.203735624336533930e-03
2.408509388979938187e-03
2.709673314562274348e-03
2.440413990989327275e-03
2.419882220112615136e-03
2.107303864840004339e-03
2.228004958273635799e-03
2.433761589022146159e-03
3.458430228961838823e-03
2.983818723716669553e-03
2.461735667246911421e-03
2.074217779768837769e-03
2.079655597400334194e-03
2.380199351658423678e-03
3.294494815377725649e-03
2.952720295223924991e-03
3.349168772498766367e-03
2.857594878102342334e-03
2.729428377416398804e-03
2.646908062613672827e-03
2.255460872418350599e-03
1.886108010593387768e-03
2.200742791303330042e-03
2.078004988531271646e-03
1.889986908063292495e-03
1.997076943516731297e-03
2.589005957254105102e-03
2.328203416739900878e-03
2.644635297151075662e-03
2.451023864042427974e-03
2.743222417516841000e-03
2.319856953496734174e-03
2.449150202381942133e-03
2.302821348938677033e-03
2.707372035624252236e-03
2.307606960336367093e-03
2.040829331510596832e-03
2.214880172784129686e-03
2.367520307501157044e-03
2.510421399234069508e-03
2.933078654524352673e-03
2.320986534468829580e-03
2.110527101386752355e-03
2.445072008089886791e-03
2.427815153366989515e-03
2.646701500440637282e-03
2.643695407443576433e-03
2.479366206874450071e-03
2.250932446267041743e-03
2.091931644309726231e-03
2.043428744396401636e-03
1.803117523797684177e-03
2.510385685082939123e-03
2.490268423118524935e-03
2.403626512322161110e-03
2.075212827573219912e-03
2.644691089582111923e-03
2.432823619908756896e-03
2.246299353945586594e-03
2.051156676477856097e-03
2.116096540250711824e-03
1.863127025361690191e-03
1.862706181386278824e-03
1.938589065749612029e-03
2.047678295315967685e-03
1.906379875726997792e-03
1.904257785321937600e-03
2.603913157557447792e-03
2.307540420442819734e-03
2.419097914050022564e-03
2.548426853285895403e-03
2.177869522323210971e-03
1.875913117287887405e-03
2.032496697372860369e-03
2.165306523028347283e-03
2.088421014551487213e-03
2.095029306494527229e-03
2.761352267116308143e-03
2.626825823552078696e-03
2.467392776161432110e-03
2.314781124393145220e-03
1.985028405777282227e-03
2.346328093877269195e-03
2.406004303031497680e-03
2.523750811815261667e-03
2.719685177111791276e-03
2.255818252969119322e-03
2.170010726484987613e-03
2.534512100327345873e-03
2.173149067287643860e-03
3.030660492885443955e-03
2.948770286101434074e-03
2.301093684509396362e-03
2.205281834014587768e-03
2.034976097444693346e-03
2.041941076103183893e-03
2.196164000779390457e-03
2.725790466906295815e-03
2.579779912614159950e-03
2.351496357263790395e-03
1.885278144230445293e-03
1.867899881261918379e-03
1.915234128634134845e-03
1.791603029188182589e-03
2.046331409882340066e-03
2.019988742346564767e-03
1.935914770389596685e-03
1.985887494455609251e-03
2.136454910246862130e-03
2.317483822504679339e-03
2.093127729474670521e-03
1.793924198071989709e-03
1.911798926691214142e-03
1.902309060096740766e-03
1.804289411649935863e-03
1.837693594603074946e-03
1.743841501366760922e-03
2.327272036216325099e-03
2.251903708092868172e-03
1.968414448201656272e-03
1.957318830407327962e-03
2.102226976098285974e-03
2.579474641631046908e-03
2.272232864052057232e-03
1.946824640035629307e-03
2.050356886660059316e-03
1.935376890210641684e-03
1.888520421667231382e-03
1.975928145046863468e-03
1.866387882166438590e-03
1.874911577130357332e-03
1.836307198844022324e-03
1.759017534140083598e-03
1.679838351491424846e-03
2.036548116140895516e-03
2.298485908864272755e-03
2.460532584745022885e-03
1.952630577401982467e-03
1.855579355938567028e-03
1.929306774917576061e-03
1.897969725024369102e-03
1.995164222187466134e-03
1.916368015938334961e-03
2.226926069706678529e-03
2.373598066882954671e-03
1.990940625675850610e-03
2.520630384484926802e-03
2.331859530467126317e-03
2.579847832934723927e-03
2.341242051269445176e-03
1.805643601756956769e-03
1.956853967987828933e-03
1.983044156804680998e-03
1.970260723804434077e-03
1.868039039481017355e-03
1.820561972757180633e-03
2.024994306266307900e-03
2.073849532753229124e-03
2.076428592618968609e-03
2.119929482125573836e-03
2.107862752551833627e-03
2.046334052251444838e-03
1.946832351386547149e-03
1.977304735531409691e-03
2.185265355639987549e-03
2.045324935267369033e-03
1.859813551935884674e-03
1.716118284190694399e-03
1.839492708030674101e-03
1.871162965997225786e-03
1.932149075178636512e-03
1.878097974177863824e-03
1.916555474615759362e-03
1.768155808353589565e-03
1.603158462999595621e-03
1.760772646715243715e-03
1.842025388032197909e-03
1.739211519145303407e-03
2.014552470193141116e-03
2.901674526640110347e-03
2.303276742912000949e-03
1.941859440671072972e-03
2.263837489816877477e-03
2.245566841318375698e-03
1.952916650722424149e-03
1.756945716010199689e-03
1.886888548938764430e-03
2.027381854131817766e-03
1.832289149363835719e-03
2.009607466558615153e-03
2.063302197493612974e-03
2.503664950943655480e-03
1.990546807646751282e-03
1.670923408948712940e-03
1.600799410500460202e-03
1.588360076356265310e-03
1.648434845523701672e-03
1.849892261024150544e-03
2.058452709784938401e-03
2.018806827771994772e-03
2.249019684063063677e-03
2.403166152329908652e-03
2.174574972854720258e-03
2.016134291059441027e-03
1.868124261705411768e-03
1.686749595941768780e-03
1.598752028205328423e-03
1.788084083236753975e-03
1.907274263600508427e-03
1.785390541578332508e-03
1.875612379776106856e-03
1.801169526038898456e-03
1.769017559579676982e-03
1.796967890113592217e-03
1.806466051687796899e-03
1.627727288545833748e-03
1.704938638334472980e-03
2.156865718877977976e-03
2.044358510110113464e-03
1.655133272417717545e-03
1.710758103678623786e-03
2.363687608804967543e-03
2.202739866657389516e-03
2.349342892153395354e-03
2.038878519088029983e-03
1.854035461114512647e-03
2.011559978644880849e-03
2.155643144829405469e-03
1.945762050648530261e-03
1.977328422168890543e-03
2.143677543434831939e-03
1.959279328584671159e-03
2.422251832774943887e-03
3.013699173720346593e-03
1.991056367341014974e-03
1.531432075425982406e-03
1.601888912005556892e-03
2.023469184318350475e-03
1.718469339733322450e-03
1.594807048224740559e-03
2.163548008538782475e-03
1.729597298738857038e-03
1.701576996387706934e-03
1.695946566243138574e-03
1.875273566693067473e-03
2.081605219799611498e-03
2.097772525416480207e-03
1.907005990958876183e-03
1.764197414740920110e-03
1.766260131779644237e-03
1.748686159650484620e-03
1.726235637648238039e-03
1.696641840454604817e-03
2.045934741488761571e-03
1.658658707100484206e-03
1.601131075165337925e-03
1.809425057015485137e-03
1.857792092487216057e-03
1.983133578259084050e-03
2.179715177044272510e-03
1.998626291751861694e-03
1.969371320058902267e-03
2.340586961557467732e-03
1.981747218718131563e-03
1.676078828362127056e-03
1.705213493357102044e-03
1.577554217332767126e-03
1.551558754096428504e-03
1.667082951300673938e-03
1.627203369927075110e-03
1.669157304697566546e-03
1.783130805318554205e-03
1.951663583103153401e-03
1.938100928026768822e-03
1.814048665886123981e-03
1.650454221396810374e-03
1.620940317710240679e-03
1.615931904978222273e-03
1.581090418104496177e-03
1.495396975531346206e-03
1.886115896825989180e-03
1.756730701567398110e-03
1.716118521160549595e-03
1.674370802938938106e-03
1.667755195457074286e-03
1.509000504803326452e-03
1.685402342635724388e-03
1.863150242716074068e-03
1.873648408800363463e-03
1.760244044578737621e-03
1.573796707929836416e-03
1.521724994397825707e-03
1.633235512611766645e-03
1.833330623081160871e-03
2.056104796421196791e-03
1.985309347510337986e-03
2.223806211000515284e-03
2.055096353093783124e-03
1.745293616420692893e-03
1.766804937376744225e-03
1.772960714168018851e-03
1.789957222839196537e-03
1.681298851552936796e-03
2.077555987570021013e-03
1.968122919917934463e-03
1.685193423699173597e-03
1.705838001022736252e-03
1.648433924549155697e-03
1.872853596384326533e-03
1.726462051479352904e-03
1.818155852249926999e-03
1.779752573412325548e-03
1.563532527329193188e-03
1.592246392327878153e-03
1.676819454878568589e-03
2.171518216944403300e-03
1.943947258922788931e-03
1.710337451141741511e-03
1.629834486585524404e-03
1.637652675207290328e-03
1.904482818208634836e-03
1.724682578092647921e-03
1.558417856900228384e-03
1.527874258657296565e-03
1.548151394559277392e-03
1.591519287063015726e-03
1.664310962789588514e-03
1.747820206607381566e-03
1.713778266890181399e-03
1.696268319048815270e-03
1.741280972233248984e-03
1.751701052611072873e-03
1.755418487721019296e-03
1.557964528393414316e-03
1.603704154905345779e-03
1.783172469586134052e-03
1.665505392269955734e-03
1.570941183923019353e-03
1.753447613575392309e-03
1.711085414927866798e-03
1.670701247122552587e-03
1.591814890917804580e-03
1.576124683229459698e-03
1.449055630299780125e-03
1.638938444149163134e-03
1.695192444345189429e-03
1.503108482186992986e-03
1.476063073302308782e-03
1.901369192120101704e-03
1.527012998445166506e-03
1.506218974375062546e-03
1.500877935646308765e-03
1.812707256629235214e-03
1.792822137681974234e-03
2.446727162847916245e-03
2.207319237188332464e-03
2.035521834881769392e-03
1.697769504454400792e-03
1.635217156468166339e-03
2.237639392001761381e-03
1.896609110343787331e-03
1.763881359559794177e-03
1.565682959949804640e-03
1.429976077957285712e-03
1.427337812880674975e-03
1.657008840185072735e-03
1.718086538215478224e-03
1.734599408486651052e-03
2.056588751988278323e-03
2.617807980212900204e-03
2.135133630492620782e-03
1.564111049907902871e-03
1.489383692646192078e-03
1.437526008424659576e-03
1.394739651845561127e-03
1.428643885689477111e-03
1.701519053636325711e-03
1.864944700565603032e-03
1.651885593309998426e-03
1.608130191970202688e-03
1.486070596406029306e-03
1.498808149869243229e-03
1.539854780356917112e-03
1.569819797037376279e-03
1.443457870951129346e-03
1.471350908589859775e-03
1.740327177362309581e-03
1.698999388867782241e-03
1.633469188171956339e-03
1.603211277267999144e-03
1.550614584961699160e-03
1.600212468248274518e-03
1.673715356737375199e-03
1.638776719984081027e-03
1.627853097290628531e-03
1.646101796068251107e-03
1.515270623688896520e-03
1.566077977832820711e-03
1.503639606138070482e-03
1.758156085593832888e-03
1.892314509799083132e-03
1.685150234132177247e-03
1.452534140294624776e-03
1.623149295854899553e-03
1.454129645911355836e-03
1.331236402814586989e-03
1.396714816283848529e-03
1.409705826598736970e-03
1.541603587878247065e-03
1.481988871884014911e-03
1.898110130180915255e-03
1.806116839870810457e-03
1.703646726285417941e-03
1.569470022287633654e-03
1.471388445546229591e-03
3.472140996406475853e-03
2.784689288172457165e-03
2.464802045789029998e-03
2.525933831930160349e-03
2.021854221820831247e-03
2.023963667452335306e-03
1.754634837723440671e-03
1.927076381527715243e-03
2.073459840483135499e-03
1.892231570867200594e-03
1.933939815498888441e-03
1.714245489177604548e-03
1.745236399583518453e-03
1.750465879837671997e-03
1.555545257094005781e-03
1.430957377370860751e-03
1.540974521906011540e-03
1.584454479420350755e-03
1.563802632606691844e-03
1.659514348333080650e-03
1.604579106594125528e-03
1.690212881399525595e-03
2.110918458137247145e-03
1.589167395399676379e-03
1.707587411834134063e-03
2.338411800252894641e-03
2.048573314936624670e-03
1.714138490561809740e-03
1.718529138403634146e-03
1.810154684094919184e-03
1.796660871348447226e-03
1.493005852939354068e-03
1.483787132634057033e-03
1.751400466180509955e-03
1.579319579630262226e-03
1.670952707322107423e-03
1.607554533208409905e-03
1.505668317485186732e-03
1.307424476059774457e-03
1.422691307444539244e-03
1.813281140186720443e-03
1.770715747132069499e-03
1.752904370013210616e-03
1.532670405382911350e-03
1.454152719945543291e-03
1.309529963052935174e-03
1.378540684365563932e-03
1.412769162820445195e-03
1.446091966289613038e-03
1.364334952086210251e-03
1.759561434802081907e-03
1.730823300571905296e-03
2.054905677214264800e-03
1.758386901476317009e-03
1.636607355127731901e-03
1.623766106656856101e-03
1.494432721390492446e-03
1.388209882295793991e-03
1.393580132991903463e-03
1.358206538069579384e-03
1.409996668290760787e-03
1.432131643200086190e-03
1.583854033508234590e-03
1.915105031803250417e-03
1.678409846499562350e-03
1.720005033744705959e-03
1.752789076417684503e-03
1.582672657031151953e-03
1.619555218559172449e-03
1.602684395491248961e-03
1.754702583162321078e-03
1.556643108940786863e-03
1.802102147808505323e-03
1.647284076963033981e-03
1.698224531072709377e-03
1.561642113762597237e-03
1.935812407690617673e-03
1.654788836215933222e-03
1.399884033534261850e-03
1.467631769677003178e-03
1.348141425082253000e-03
1.314696524188750312e-03
1.449433587905433508e-03
1.804124675173726438e-03
1.949731321591469937e-03
1.643468169495463380e-03
1.375393668810526637e-03
1.342220159454478139e-03
1.481039050138659033e-03
1.870304184655348454e-03
1.794376292576392454e-03
1.563506440466476757e-03
1.562802706741624496e-03
1.484328422488437717e-03
1.371681306304203167e-03
1.377487757967577964e-03
1.303994957254164767e-03
1.283908343563477201e-03
1.373382786599298315e-03
1.359732503381868305e-03
1.272497517574164554e-03
1.299206686930523980e-03
1.446776231750845822e-03
1.382894604466855439e-03
1.536011163973145929e-03
1.511098667979240496e-03
1.613228508374757193e-03
1.771344345890813387e-03
1.575125227164890984e-03
1.822470339636007982e-03
1.767474556238286983e-03
1.638773493468761349e-03
1.724436858461962738e-03
1.496858659924732264e-03
1.609408667104111857e-03
1.458783405315544970e-03
1.641742825094196596e-03
1.438721175719466549e-03
1.349700000654492204e-03
1.295079326050149098e-03
1.279796861215598113e-03
1.183635441896816170e-03
1.762742586433887430e-03
1.787582306812206950e-03
1.593417517530421480e-03
1.506006510721312735e-03
1.465431346247593643e-03
1.456937982390324200e-03
1.430902288605769446e-03
1.861184732988476658e-03
1.876615746360686026e-03
1.831961383836136926e-03
1.443726570448941550e-03
1.708981578445268939e-03
1.523571640460027500e-03
1.442507736695309564e-03
1.362975849252608118e-03
1.334199764662318812e-03
1.416216648908125023e-03
1.327615574830108298e-03
1.432696162826485164e-03
1.442776249928606888e-03
1.741789845335814683e-03
1.692170500755310050e-03
2.023352590493029870e-03
1.678992760264211206e-03
1.570598157122731148e-03
1.634353680743111468e-03
1.606507078330550019e-03
1.461885168941484507e-03
1.330945549739731646e-03
1.335361196349064581e-03
1.344932670084138639e-03
1.590240486483607014e-03
1.429631245426005691e-03
1.480045084738069137e-03
1.382320908208688193e-03
1.434990256610843822e-03
1.372631141501996343e-03
1.526615727278921378e-03
1.743307820417814777e-03
1.531510472608109364e-03
1.587653902048866009e-03
1.985045263750685740e-03
1.812380500034325732e-03
1.533467051469617360e-03
1.456736675981018265e-03
1.316225213102168584e-03
1.562480280796686889e-03
1.531847729865047766e-03
1.762999933626916566e-03
1.583025490658150885e-03
1.465896464263399378e-03
1.498507507559325999e-03
1.321276401480039019e-03
1.331814861235519273e-03
1.389340575163563020e-03
1.413873829361465308e-03
1.471377782420151730e-03
1.443649502471089450e-03
1.368534430447551978e-03
1.439484611360563075e-03
1.344397755132781171e-03
1.337088841117090639e-03
1.347870137025084783e-03
1.241407468914985761e-03
1.352872793666190466e-03
1.330680738513668289e-03
1.510079741064045090e-03
1.499507689538101280e-03
1.364244471511079230e-03
1.354616254361139466e-03
1.346904873951441711e-03
1.449208315461874078e-03
1.510064120714863217e-03
1.445251977485087274e-03
1.435338062648144029e-03
1.391360200941562557e-03
1.589281467927826808e-03
1.455766134377982964e-03
1.313413428142666756e-03
1.374302275168399123e-03
1.413956854699386419e-03
1.472631756009327043e-03
1.647094008512795058e-03
1.529374504979285829e-03
1.785351667139265181e-03
1.815307730187972314e-03
1.652086240549882189e-03
1.910831433617406509e-03
1.730520173700319467e-03
1.464806795637640761e-03
1.260394911902646244e-03
1.217868101990057447e-03
1.239376621734764733e-03
1.422495293534464279e-03
1.536290013334817460e-03
1.371150696132746082e-03
1.461823764774534398e-03
1.369981471863057892e-03
1.437030797824263633e-03
1.340004683782656907e-03
1.369753170551525189e-03
1.322426983258790387e-03
1.331377475936379624e-03
1.317356609118481561e-03
1.419881496371494479e-03
1.441374557713667607e-03
1.737915404761831073e-03
1.632469699511097591e-03
1.367370985034439346e-03
1.266291229985654337e-03
1.274684213826225926e-03
1.447197368575466915e-03
1.398131284448835519e-03
1.432351147135098703e-03
1.339545290296276312e-03
1.357985977083444673e-03
1.456413735739059022e-03
1.403847010288801446e-03
1.512391146065460374e-03
1.392854237411585193e-03
1.400258952441314764e-03
1.540100472047925030e-03
1.435820793526040211e-03
1.364879700769152824e-03
1.326324330228898299e-03
1.264925687056448703e-03
1.481936557425393057e-03
1.546236415290170186e-03
1.272770346452792561e-03
1.276599778276350707e-03
1.418412942439317747e-03
1.309573313014374910e-03
1.308669662103056994e-03
1.240338399592373197e-03
1.290908911161952645e-03
1.562154218554496826e-03
1.543811896505455127e-03
1.588227109362681669e-03
1.543692966612676774e-03
1.255038850423362577e-03
1.333138746105962374e-03
1.526014372292492207e-03
1.956722883300648919e-03
1.649577005559371484e-03
1.534782662573787879e-03
1.546813200952278219e-03
1.316468582178155619e-03
1.318883250674439834e-03
1.302258821928666769e-03
1.197761148731741644e-03
1.226754170945949058e-03
1.273100025330980685e-03
1.247756883708967153e-03
1.552122059381670334e-03
1.407467930888136242e-03
1.442663362249732009e-03
1.427007536921236306e-03
1.413870082857708122e-03
1.406329472859700613e-03
1.490691727958619534e-03
1.345853747593031904e-03
1.260393679969840476e-03
1.374562557062341097e-03
1.342283875371019048e-03
1.241558268666267430e-03
1.166582765678564814e-03
1.199972715435756532e-03
1.379568377095791946e-03
1.367796877813008162e-03
1.387727825591961606e-03
1.343980883765551887e-03
1.644820396064056297e-03
1.621308211858073960e-03
1.442543439981010299e-03
1.386997998795575599e-03
1.395536379681693159e-03
1.398725115383664831e-03
1.293959312347902225e-03
1.348966878528396352e-03
1.243282428218258663e-03
1.317142062923974503e-03
1.383170385120643464e-03
1.434902424096233227e-03
1.405767874999178839e-03
1.304392386227846068e-03
1.225580601539048809e-03
1.331591314325729965e-03
1.448750623191396442e-03
1.321152320338620130e-03
1.278316049526135190e-03
1.256572699381245479e-03
1.374873335783680355e-03
1.225661343584458045e-03
1.256022668547100577e-03
1.218960217924581644e-03
1.244435365725722609e-03
1.321689612232148682e-03
1.407350640123089221e-03
1.403174653338889371e-03
1.345099660878380224e-03
1.310018388968374903e-03
1.236661455283562380e-03
1.612359589586655380e-03
1.859415244931976073e-03
1.990110553387138426e-03
1.521358826301163992e-03
1.467374063407381364e-03
1.516068517747852593e-03
1.479568386760850675e-03
1.410601551954944900e-03
1.382468124955064720e-03
1.454923886598812272e-03
1.518458463251590824e-03
1.430115590078963154e-03
1.191641996200713946e-03
1.309952755562133336e-03
1.334346501260168065e-03
1.295861424878239727e-03
1.308057482043902030e-03
1.381970460837086100e-03
1.244978762956129147e-03
