2.301596955789459997e-01
3.223735077927510073e-02
1.815231590635246750e-02
5.325389316098557736e-03
1.950464921279086066e-03
1.314913222773207453e-03
1.176822771473477226e-03
1.084503516710052899e-03
1.335564045908136472e-03
1.088585869357403760e-03
8.213819873829682899e-04
7.327607408579852547e-04
7.230072072707116734e-04
6.198195008457535113e-04
6.598200214405855078e-04
8.183180157923036161e-04
8.600677270442246870e-04
1.931545207690861478e-03
1.071847872808575535e-03
7.110651911029384695e-04
6.064545244185461093e-04
6.326405189207030258e-04
5.746972022785080611e-04
6.897084342522753373e-04
7.437713449406955319e-04
5.067520927534334765e-04
4.713110987924866977e-04
9.556075343344774082e-04
7.173808488166994292e-04
8.740791184310283757e-04
1.189957578511287870e-03
8.786527610694369128e-04
8.087821822199556731e-04
6.420170689105160087e-04
5.331104106476736854e-04
4.366323165595531507e-04
9.221688042291337119e-04
5.241605618761645963e-04
4.382974936419890832e-04
3.906620234354502572e-04
3.829041951232486050e-04
7.452103164460923681e-04
6.314767659124400885e-04
7.423016868738664936e-04
6.810314560102092131e-04
7.093446960465775702e-04
4.585910950683884922e-04
3.749633143242034599e-04
4.248780224265323721e-04
4.030989516629940772e-04
3.723822962234003419e-04
3.642393935782214259e-04
3.782700602379110086e-04
3.708395314040697057e-04
3.627862059511244059e-04
3.389560806358026261e-04
3.733511776145961641e-04
4.192385061954458569e-04
7.892735934971520893e-04
5.502164544951584869e-04
7.733928101758162166e-04
5.810642728788984650e-04
1.182775414652294547e-03
6.013448197498090161e-04
4.104229031751553463e-04
1.113055921159684719e-03
9.883991199442082598e-04
1.827936834759182408e-03
9.135768065849940358e-04
4.623787293934987757e-04
4.720676969736814651e-04
3.755687280661529999e-04
3.611632283880479057e-04
3.546751039620075021e-04
3.036840259382087492e-04
2.507003012578934366e-04
2.705831999062664208e-04
2.430759625147200392e-04
2.938285797265254582e-04
3.039076303442319054e-04
2.772000137095650203e-04
1.304642144435395890e-03
1.579229782542420756e-03
9.055314981378614729e-04
7.008411214661060609e-04
4.152609651080435907e-04
3.150232687282065666e-04
5.252147326245904186e-04
5.931338926570282931e-04
3.111137659288942705e-04
2.852666732441220209e-04
2.697699567458281770e-04
2.431544168697049170e-04
2.514685840449399322e-04
2.643896370298332542e-04
3.734467727028661444e-04
7.284451648592949261e-04
3.765299816667619435e-04
3.848637139890342821e-04
2.806690132193681380e-04
3.241323470138013536e-04
2.789182585224302038e-04
2.882590975301961241e-04
2.900662313267174494e-04
2.723913950224717386e-04
2.376507380459871486e-04
2.134526656785359097e-04
2.252824388496163846e-04
2.929510878554234649e-04
2.872570534236728928e-04
2.949493149450669585e-04
3.784664081306093235e-04
2.838726654752260947e-04
2.490304517171655911e-04
2.832735823338023372e-04
2.411234152451571496e-04
2.016153402574774264e-04
2.361588566175972339e-04
3.072945623555117150e-04
2.427134778635162322e-04
4.054528241977095864e-04
2.611643130270143386e-04
5.314405726838029344e-04
5.005426231461266922e-04
3.204015724542033411e-04
2.448429720890190871e-04
2.431615194978399401e-04
2.750177004943705301e-04
5.148077988997102131e-04
1.113894530054595740e-03
6.275347673929192963e-04
5.185103550967242901e-04
2.967818404108078702e-04
2.502813293702072536e-04
2.279906127498381645e-04
2.351016994927906327e-04
2.877724075612301483e-04
4.024295151207802788e-04
3.116179293849401905e-04
2.312537139773161829e-04
2.062840978356285338e-04
2.641254960326477733e-04
2.468239073641598463e-04
3.115126190500127029e-04
2.184286418034591499e-04
1.818190587477551434e-04
1.989599861877245995e-04
3.476011020959251466e-04
2.983393847373210536e-04
3.561191472949253446e-04
1.037872837235530267e-03
1.194998481466124415e-03
5.575207884733875347e-04
3.128458771647678674e-04
3.329135143818954786e-04
2.647807658649980979e-04
2.340985107649531667e-04
2.042210648586559709e-04
2.024699435828046534e-04
1.715930755664076999e-04
2.124211362873514584e-04
2.328266326286312536e-04
4.075568096919191972e-04
2.814393821043066103e-04
2.194891489731768785e-04
3.866899340775691550e-04
3.528976712065438697e-04
3.316762062927914841e-04
2.361382064150853227e-04
1.759097112032274402e-04
1.824755455729448164e-04
1.919506852411561660e-04
2.478106515223367327e-04
2.399559175440420765e-04
2.745648367433912453e-04
2.017781227025099958e-04
1.900668821245845793e-04
2.076028392184525793e-04
2.181034991776363823e-04
2.718593732505622941e-04
2.298739925026893681e-04
2.012283922845704604e-04
2.065973846604012834e-04
2.807246056747519339e-04
3.209507664562099368e-04
3.800635893518726255e-04
5.063668201263580573e-04
4.288091674809240881e-04
3.086348977457318253e-04
4.453559914448608687e-04
2.247044291450745607e-04
1.930134579177117957e-04
1.819012230003459643e-04
3.348413435742259286e-04
3.033024807357126082e-04
3.016911033127042934e-04
4.075936701459189401e-04
2.298890061986943025e-04
1.924110369549857276e-04
2.179911083334849851e-04
1.925684930109936325e-04
1.598531517407132587e-04
2.098429369895408482e-04
1.951498104931993674e-04
2.238862318659408260e-04
2.333434117544028500e-04
3.200132138509717214e-04
2.370065766283207490e-04
2.693869422526202063e-04
2.537218238123589253e-04
4.108703920307258902e-04
3.173465786191324595e-04
4.527093661535117313e-04
3.246319718245002975e-04
2.982344878061363906e-04
3.226221259683370547e-04
2.045374437390516306e-04
2.240783087391820115e-04
2.148832238486243654e-04
1.970980234909802545e-04
2.179163135588168968e-04
2.088774986785008633e-04
2.405353610326225534e-04
2.213775384653773534e-04
4.291647826580124005e-04
2.569329610560089436e-04
3.546542911014209458e-04
5.019402216809490782e-04
2.711776063855116776e-04
2.497717524723460205e-04
3.224047841245515698e-04
2.919820864270958783e-04
4.541604169127014127e-04
2.062554200852496770e-04
1.758334810923163974e-04
1.583206376138453643e-04
1.696679173296110625e-04
1.805846056150686371e-04
1.910324032521910215e-04
1.798431903848217645e-04
1.869237494085811970e-04
1.526389974040082869e-04
2.170672086584899145e-04
1.732844055449176107e-04
2.647423666591445547e-04
3.346615364878541819e-04
2.006528829224407554e-04
3.563852296469526286e-04
2.468915252635876215e-04
1.805721908911234836e-04
2.450509576333893824e-04
2.038311231363978547e-04
1.775837543472233687e-04
2.253718575876619977e-04
2.027936849562037296e-04
2.279099431406292776e-04
8.744437635565797560e-04
5.535798889791799897e-04
3.603929814158214552e-04
6.141540661661160994e-04
2.378594732403548225e-04
1.849828318356432934e-04
1.709633980903567634e-04
1.454378211120557329e-04
1.638673148894061573e-04
1.550313353072851929e-04
1.318985515455197897e-04
1.750188522661725763e-04
1.891611046287127579e-04
1.986640263607518592e-04
1.987953299734120485e-04
2.225420538646479560e-04
2.632378438849829845e-04
3.111664948260618345e-04
1.922479648298273513e-04
1.624696347345080559e-04
2.197373196637878855e-04
1.596415026061650730e-04
2.480106587366511157e-04
2.186276647262275317e-04
1.806614011163926886e-04
3.939504572190344507e-04
5.043216190663063134e-04
1.952564927826946027e-04
2.549845304909265607e-04
3.050692958964242138e-04
2.235021226159814305e-04
1.949207364426304944e-04
1.916523545514792139e-04
1.679716119542717836e-04
2.548980516278081328e-04
1.608727830979559206e-04
1.592295853576312524e-04
1.474253676133230209e-04
3.199858130473229420e-04
3.076280492435520017e-04
3.770508738752040550e-04
8.082213005723638995e-04
8.588433953829937911e-04
3.023513219603854549e-04
1.746971039877583706e-04
1.750433239956489923e-04
1.999469929271274272e-04
1.606150527691675549e-04
1.318097074464377326e-04
1.552352663646969417e-04
1.430880765999770763e-04
1.370956482585623099e-04
1.736487061457915408e-04
2.566618953197676934e-04
1.726943063032295898e-04
1.368832595310070339e-04
1.605312915570619931e-04
3.071241264438463693e-04
1.939237684321900104e-04
1.819101978455566675e-04
2.425791949240697876e-04
1.536765305920400552e-04
1.275466621801671190e-04
1.478034789518763495e-04
1.518679146991214874e-04
1.300282861080227672e-04
1.240540315888615062e-04
1.473934560393293767e-04
3.738515295683302909e-04
2.800134145137336307e-04
1.568968476365423736e-04
1.617814612109213981e-04
1.649630921828146714e-04
1.338370558935114034e-04
1.554287945489502508e-04
1.558388804551214023e-04
1.988998011478947364e-04
1.977416763030406452e-04
1.647294595992813634e-04
2.083232256376908818e-04
1.778039417048502262e-04
1.537895030600743246e-04
1.827760646766465522e-04
3.517208551056683215e-04
2.547540630783058104e-04
1.628114857400457169e-04
3.758993015314142177e-04
2.507181879546907456e-04
2.386086308656053506e-04
1.799869377605824107e-04
1.403775601647794312e-04
1.496791331252704115e-04
1.363806190460713403e-04
1.368165796156972614e-04
2.150327689014375123e-04
1.566795380009959214e-04
1.353620224916893473e-04
1.688406939825250002e-04
1.786400662321183520e-04
1.333330146735534072e-04
1.390092596476380222e-04
1.505547065365438794e-04
1.724785207382713759e-04
1.443410532859464620e-04
2.240003557461831322e-04
3.840984871041857435e-04
3.413202993882199360e-04
2.671015111910593205e-04
1.581497698013360179e-04
1.663951517225036286e-04
1.592594717577513813e-04
1.501611095025307690e-04
1.489225857787662135e-04
1.811875624763262021e-04
1.423221647079723692e-04
1.724281030086179621e-04
1.541108410391542544e-04
1.552091558308650956e-04
3.258663299493491606e-04
2.173997809101517117e-04
1.841230576650963974e-04
1.389000528595513866e-04
1.305101493037202345e-04
2.198572169678906542e-04
2.220078055850333639e-04
1.576363733814408440e-04
1.326528296987008603e-04
1.297605473599914021e-04
1.419024905448572414e-04
2.315445449979354844e-04
1.972961672193681161e-04
2.208617239052222908e-04
2.544536507209866141e-04
1.653012080997642494e-04
1.976639789710235172e-04
1.613974918533737576e-04
2.499098723961247232e-04
2.201353259927903714e-04
1.416878525762715316e-04
1.305867542719675567e-04
1.517084530011440205e-04
1.422829965465805576e-04
1.553123792271233160e-04
1.443391336619646902e-04
1.546487847938098948e-04
1.158251385721895403e-04
1.566625798134029771e-04
1.782141830254760123e-04
2.794853431017448758e-04
2.988937266895340676e-04
3.479510519860519544e-04
2.422270152924789228e-04
1.916275823411221421e-04
1.439072680659592173e-04
1.359184294576860018e-04
1.202338045954497267e-04
1.378966619894426017e-04
1.287979379736093938e-04
1.473892373420919108e-04
1.364437356500679429e-04
1.625347297845615164e-04
1.929755572928115769e-04
1.451977728154613774e-04
1.412228663038048529e-04
2.081969403661787618e-04
2.549130064694003772e-04
3.963477723300456936e-04
2.025611767183161424e-04
2.818870642739865575e-04
2.581121622481279761e-04
2.771918280308859192e-04
3.653025493905362312e-04
2.225705528528326108e-04
1.711295127946262681e-04
1.922389260855399986e-04
2.342161313734120761e-04
1.432040730206709644e-04
1.406398550089862660e-04
1.519612987047164697e-04
1.272128966714565956e-04
1.941733826404540839e-04
1.629975074966852041e-04
2.093075399494005598e-04
2.068769458370904146e-04
2.039370496964289204e-04
1.860760875408434150e-04
1.354296520973245234e-04
1.223687480928169462e-04
1.603921581732316250e-04
1.727849594317376614e-04
1.211064734121060143e-04
1.114730738724271453e-04
1.279041572060022041e-04
1.139728564562068978e-04
1.152303450766743948e-04
1.231777850383271810e-04
1.052164362691756692e-04
1.583765910214020149e-04
3.608876796594510635e-04
2.018533455621864979e-04
1.783822834194223855e-04
1.334892108570784428e-04
2.350073588442885342e-04
2.896956374428959094e-04
1.408566441386938214e-04
1.255174433915979442e-04
1.443247847944601674e-04
1.326178033680965420e-04
1.427146684404255721e-04
1.346201092625657735e-04
1.169888064679172260e-04
1.216715638939705203e-04
1.133813889464363418e-04
1.493613996232549335e-04
2.412075568766643661e-04
2.211697695828560288e-04
2.169685638768391561e-04
1.929907302837818861e-04
2.011141171290849541e-04
1.859671094765265754e-04
1.629565064407264218e-04
1.170711552387931247e-04
1.233673314951981125e-04
1.813353293497736338e-04
2.056107835637198541e-04
2.416485704533341886e-04
1.664769655326381456e-04
3.218350044658614619e-04
2.759048117635150700e-04
1.770625872692714001e-04
1.216351524150619863e-04
1.003627161197881694e-04
1.356573130599119704e-04
1.508180073061440439e-04
1.712310106571142843e-04
2.167688351538446219e-04
1.599510199674922598e-04
1.062812206024924851e-04
1.107230079489656674e-04
1.076842309945883874e-04
1.138188330999885994e-04
1.468002871196303076e-04
2.299883310398500810e-04
2.675126793069971783e-04
1.783248269283730216e-04
1.236760739185329967e-04
2.267343162869413817e-04
1.629018954311807997e-04
1.553350765930695766e-04
1.372396943366361926e-04
2.248194618409292596e-04
1.260435497776294809e-04
1.155568987208728982e-04
1.263377507631149453e-04
1.374188681883323606e-04
1.288414160565783584e-04
1.117555307508963743e-04
1.063980262390234392e-04
1.302918948284867700e-04
1.782266940507623890e-04
2.769487120935486290e-04
2.000733453314751332e-04
1.501540835144826009e-04
1.323606621978494111e-04
1.337317567150522431e-04
1.122414596546958686e-04
1.075729760082645573e-04
1.203020666273207272e-04
1.068466984563403718e-04
1.216254189623416280e-04
1.057439525417673125e-04
1.363177065892765937e-04
1.883211560521481746e-04
1.477630811536477680e-04
1.928168876070736207e-04
1.709385230141277840e-04
1.379817931835229238e-04
1.425699545587930355e-04
1.211315007013682684e-04
1.288349438820862128e-04
5.281428589175144774e-04
5.320509982347074087e-04
2.485134646606942097e-04
1.810368023709290632e-04
1.298683740444377815e-04
1.191101457354509183e-04
1.609395523296876002e-04
1.299321779515594146e-04
1.136878451345384942e-04
1.085393825067310677e-04
1.144942774812483924e-04
1.364429689581609327e-04
1.174898593389015237e-04
9.921091201249509996e-05
9.659287966011712696e-05
1.604508325302352587e-04
1.181831869244989405e-04
1.175386798826770653e-04
1.079070784746565778e-04
1.444678933411422828e-04
1.323247861324085078e-04
1.301717124361958643e-04
1.835521088731992679e-04
1.114325856582986041e-04
9.691183924183456350e-05
1.553068095300760506e-04
1.813128538196906372e-04
1.268033107690927092e-04
1.370908229404853458e-04
1.419641634371752634e-04
1.541653477276365056e-04
1.385580672649666786e-04
3.029374805434296774e-04
4.013635215556455812e-04
2.686725232181035733e-04
1.668526767753064719e-04
1.044650043089253243e-04
1.563037580732877074e-04
1.106800714559439221e-04
1.088311595635281639e-04
1.060130888233996069e-04
1.108271739536172048e-04
1.128596700598589282e-04
1.317720060857633746e-04
1.125239238091227118e-04
1.137263597209110057e-04
1.005272916518151744e-04
9.864245353835737783e-05
9.813905787369650699e-05
1.390093769360747705e-04
1.199869144733788296e-04
1.271947953824160873e-04
2.101532102096825925e-04
2.176058732180131711e-04
2.889579481496993294e-04
2.168331956232173480e-04
1.445292881948666373e-04
1.465408454856110914e-04
2.548424669334458173e-04
2.168003900442272338e-04
1.939100133798395728e-04
1.161962436809618396e-04
1.091261286961121694e-04
1.257299718498769837e-04
1.152276153314030861e-04
2.349034415480370222e-04
1.382772823045444238e-04
1.037735543084434355e-04
1.135585773348187454e-04
1.021444670752518646e-04
1.108176371134403669e-04
1.882876665331423272e-04
1.381334203890421269e-04
1.298910819201005930e-04
1.703892772073029678e-04
1.342705296054999987e-04
1.525796896829787136e-04
1.311229676422145745e-04
1.213218459290348820e-04
1.067677310654996983e-04
9.727768105221912048e-05
1.038694906876319021e-04
1.003963998906935219e-04
1.682115381441286032e-04
1.270729619621609619e-04
1.536753563494938938e-04
1.595878105662349160e-04
1.193409817642532332e-04
1.958277499458442020e-04
2.108331065392121640e-04
1.614980777311656249e-04
1.263938199392416464e-04
1.189365173276099911e-04
1.224523825092344639e-04
1.104037068499666132e-04
1.040372102417879617e-04
1.170109038422298127e-04
1.077180093852803144e-04
1.248988571266333367e-04
2.071690298099484768e-04
1.413373331565202806e-04
1.163188131694268071e-04
1.392154702787390885e-04
9.835874099129189433e-05
1.277390544095800904e-04
1.672469494062372389e-04
1.540910682847930209e-04
1.172943776085351848e-04
1.163542883781095366e-04
1.895135990343987855e-04
1.507333272537734049e-04
1.604616270116012843e-04
1.972500282701932851e-04
1.793888789769779515e-04
1.323931509331386183e-04
9.605959458794030830e-05
1.179583788487232373e-04
1.062843021160612543e-04
1.257419507277922430e-04
1.966617564903572202e-04
1.384180215083890522e-04
1.997968534770835718e-04
1.876615481645179187e-04
1.325683423783630013e-04
1.107889730418618306e-04
1.356410770677030065e-04
1.069337873680827484e-04
1.705286592348582216e-04
1.968230829677647886e-04
1.485895860888477790e-04
1.610163973075234335e-04
1.603205664367932321e-04
1.002999153246896154e-04
1.273458399939247400e-04
1.154245226643979522e-04
1.047887678982482981e-04
1.064095385825364966e-04
9.700452155407725133e-05
1.116843648358351639e-04
2.600868334735019429e-04
1.533717872937106314e-04
1.053262913935921314e-04
1.304937769762343810e-04
2.413210757852842327e-04
2.680094560815228510e-04
1.612467027734964956e-04
1.141613461853315474e-04
1.087096006247318406e-04
1.904409684033857471e-04
2.145572673503516408e-04
1.289946704249208252e-04
1.795237109116796040e-04
1.055868085758346667e-04
1.589395768112606517e-04
1.262186929428329052e-04
1.025024036385325935e-04
1.148366166226979802e-04
1.017747744400468186e-04
1.845716465484454434e-04
1.346111198977774186e-04
1.165948866400867646e-04
9.701603654927263567e-05
9.597516641305345092e-05
9.473975172214624328e-05
1.048815688894440712e-04
1.146196424573039040e-04
1.058961169069839889e-04
1.435348972316003618e-04
1.376108168106940117e-04
1.180073684857537342e-04
1.458410258379040430e-04
1.009659963246021050e-04
1.136141194405758517e-04
1.085257437080144926e-04
1.043480467180618034e-04
1.170688161962769039e-04
1.413239232109238621e-04
1.181769807590171733e-04
1.273744046274158598e-04
1.192502641222543123e-04
9.910165092959586774e-05
1.115035934425476590e-04
1.281644501593998836e-04
1.052167512372964000e-04
2.627504814881831624e-04
2.842746910432146718e-04
2.396456514381700091e-04
1.430225927550863078e-04
1.198325946461409357e-04
9.353443899373006917e-05
1.082660334456401612e-04
1.128839359929164298e-04
1.025771499391541685e-04
1.174927325337193852e-04
1.047242699294454496e-04
1.444527823089932395e-04
1.859035837696865201e-04
1.236297062779259464e-04
1.211172092330849045e-04
9.010984924518399648e-05
9.154674768473745428e-05
9.873237299163722643e-05
9.553305374639522801e-05
9.687036327603789905e-05
1.115163080976344623e-04
8.987290875261856203e-05
2.007663036541392496e-04
2.693344355793669885e-04
1.709864268519191324e-04
1.271189726604562585e-04
1.433583118099098473e-04
9.762907484805004982e-05
9.905941823186973803e-05
1.163880528313004350e-04
1.140570387684015707e-04
1.004454904856781194e-04
1.150014785687542652e-04
1.314547011214825729e-04
1.524359825351793020e-04
1.059930858900770599e-04
1.169935291788230309e-04
1.014808373292908078e-04
1.273183625178515019e-04
1.099549480649228710e-04
9.957954672346305456e-05
1.286797509075970404e-04
2.211367100891139788e-04
1.202228651770080137e-04
1.087232236750423914e-04
1.081293288734741563e-04
1.107408055880417365e-04
1.391458695353422722e-04
1.029995491262525336e-04
9.544949645512840447e-05
1.023163689145197426e-04
1.005566911771893528e-04
1.348685168583566886e-04
1.372249062276548746e-04
1.447162255256747155e-04
1.584135358765100389e-04
1.015531849892189114e-04
1.132172337060587206e-04
1.702265317241350925e-04
1.502718892879784053e-04
2.204717514299166594e-04
1.108718174833080053e-04
9.490287713965193418e-05
1.095574573264457237e-04
1.144163434380768838e-04
9.312552794451929247e-05
9.156631975201889981e-05
1.534793195444055696e-04
1.080536217907340172e-04
8.808958580225913465e-05
1.329516990679419834e-04
1.110235133415295058e-04
9.786976779448903281e-05
1.165752693001801792e-04
8.722681555405466334e-05
9.213925184061129219e-05
8.716148156155314054e-05
1.032778429281380500e-04
1.023333499001132077e-04
2.110658948206239286e-04
1.644997499857304730e-04
1.126131782722141980e-04
8.832439747897700890e-05
1.525662328478776734e-04
1.092997598849857843e-04
1.097218191716820002e-04
1.071536725956118781e-04
1.009055651633793225e-04
8.627187247232844794e-05
8.804532608741687651e-05
8.359315740461978545e-05
8.600880139662574404e-05
8.730213122261274415e-05
1.069324543479726551e-04
1.077258096322313778e-04
9.116123339885638416e-05
1.035611832695495810e-04
1.143664041430585870e-04
9.528056886564525920e-05
1.181689700913718947e-04
1.046333494984234331e-04
1.117386796977370923e-04
1.835001428197655506e-04
1.692100113723426981e-04
1.901594319820610907e-04
1.882953822172971179e-04
1.100201351154181693e-04
1.278123925051962209e-04
1.259024204531063607e-04
1.019596261256891826e-04
1.107522674849153337e-04
9.813959564780816653e-05
7.979847649241694513e-05
9.729225563609766099e-05
1.302073974834961994e-04
1.060756266168836151e-04
9.396063558395124807e-05
8.092791883326653146e-05
8.347709592069602850e-05
9.083102822640082914e-05
1.086943213724427768e-04
1.089747202220476272e-04
1.118043672047658912e-04
9.839932156157576526e-05
1.043202292122360689e-04
1.152795169683587246e-04
9.100654589322705449e-05
9.609520616423753109e-05
9.973970720440976758e-05
8.517702239462070495e-05
1.118180719721648467e-04
1.053086155378777099e-04
9.273616373927021767e-05
9.434206281892127419e-05
8.566864811453141053e-05
9.760592973584102073e-05
1.243677562645946868e-04
1.067902071453217009e-04
1.028106082877558181e-04
1.241064970640258654e-04
1.129134135812314040e-04
9.752760363173567737e-05
9.393986977455723731e-05
1.794315675377017815e-04
2.018391553105579426e-04
1.526514945241312117e-04
9.679003650995178650e-05
9.176465824970768208e-05
1.264904771232977564e-04
9.848843684368249383e-05
1.367935743958999739e-04
1.432775705406028304e-04
1.466768713564508501e-04
1.286857574854770585e-04
9.059841602316333592e-05
8.254871936514973369e-05
1.283366948417905223e-04
1.880986534524708856e-04
1.746074677470864421e-04
1.140095704856018184e-04
9.141803576817943177e-05
8.663045701622548440e-05
7.862595032848832054e-05
9.741177556053218396e-05
1.016937024218754699e-04
1.052324291797251363e-04
1.190482820513554728e-04
9.714134541961054134e-05
8.898800096681549056e-05
1.143809632695693876e-04
1.121988835641079450e-04
1.231980403665349660e-04
1.053822109113550871e-04
9.338306424777127095e-05
1.103962847911235364e-04
1.626654470520508028e-04
2.028947392439780020e-04
1.636109546072677594e-04
1.301248874773995828e-04
1.095621536175409890e-04
1.055781742454402992e-04
8.908263695452155531e-05
9.789821252019869475e-05
1.083106330285469649e-04
9.774087178003456418e-05
9.698148461110475671e-05
1.322549615158802869e-04
1.766645851441555563e-04
9.338582219142052489e-05
1.004192756954580556e-04
9.165829176911049515e-05
8.247856632806360613e-05
8.938421511427602521e-05
8.392105331747895666e-05
9.650167145688706997e-05
1.452374899721083426e-04
1.083001734999318862e-04
9.657308200581206511e-05
8.838078919022033955e-05
7.509337159313468819e-05
9.128484913768867290e-05
2.536765656097688618e-04
1.202373503151142728e-04
7.755500416452478917e-05
7.975441031804722156e-05
9.985493832371300971e-05
1.141445316736482872e-04
1.549339925663338678e-04
1.089425021200440857e-04
1.173895004386496234e-04
9.661551309464913432e-05
8.602497711156805013e-05
9.527097326806850187e-05
8.587305275593987131e-05
9.504264679789129020e-05
1.206390278983033318e-04
9.722229235598609833e-05
9.726299910754378642e-05
1.220947236288338835e-04
9.188243453132196117e-05
1.284939332658218054e-04
2.135887434188690423e-04
1.390090588635454637e-04
1.076842306388748954e-04
8.823208970069471230e-05
7.802567127833349644e-05
9.423690375923695955e-05
9.038478045517372116e-05
1.161410699003479592e-04
1.203986022220407035e-04
9.045111713930965066e-05
1.305289278065578814e-04
8.683127163547195112e-05
8.595644360563408010e-05
8.430264928999045961e-05
8.239291381970461920e-05
8.961934259989194791e-05
8.414364096501635753e-05
1.209410216284191413e-04
9.281565878255706851e-05
8.166012499714269638e-05
8.969943912234156673e-05
9.258770953036016521e-05
1.105525158022323414e-04
1.034086971129808221e-04
9.915795979193515097e-05
9.999774574276266580e-05
9.992954272699231975e-05
1.112943398766219589e-04
1.210180171377336005e-04
1.270130365284987707e-04
1.479328572491390851e-04
1.031465621458159583e-04
9.387469229598840168e-05
1.199752444194422890e-04
9.377193798880196671e-05
9.757449472090229013e-05
7.809584203641862219e-05
9.047172746957383288e-05
1.092354520612085828e-04
9.478031062624520900e-05
8.688371020576191809e-05
8.712315062035082627e-05
1.071742270141839954e-04
1.341407138776654908e-04
1.240533700264576350e-04
9.890697631312327391e-05
7.955216382267988186e-05
7.847647961979318002e-05
1.176929045727269553e-04
9.938102774968784494e-05
1.076849915423533989e-04
1.485594735843025910e-04
1.026873480360437658e-04
8.167814408403097440e-05
7.963842469810818235e-05
8.559415947982213738e-05
1.058823809338112692e-04
8.113271074964561601e-05
9.303355887014832213e-05
