1.357813255654440887e-01
1.083517451749907573e-01
1.024749095241228730e-01
7.511893285645379614e-02
5.818114711178673515e-02
4.598902561598353783e-02
4.457053005695343212e-02
4.290295956863297150e-02
4.145745921466085365e-02
4.024936119715372823e-02
3.802413337760501139e-02
3.666083302762773027e-02
3.504597115847799677e-02
3.274487555027007918e-02
3.329268705513742377e-02
2.105149208257595800e-02
1.534188265601793902e-02
1.416787626014815414e-02
1.290242056879732299e-02
1.213308717434605048e-02
1.049990425507227494e-02
1.067952693750460862e-02
1.066841512918472248e-02
9.205324297977818607e-03
9.556982190244728281e-03
8.812340170972876585e-03
7.614566828641626366e-03
8.931086518698267904e-03
6.572596608764595151e-03
6.181259858939382873e-03
5.880050054854817250e-03
5.952296869622336097e-03
6.263516325917508482e-03
5.748213264677259557e-03
5.229533515456650204e-03
4.698228862964444301e-03
5.177059548182620305e-03
5.973303388390275789e-03
5.396372363385227265e-03
4.946926378955443342e-03
4.263391362296210449e-03
4.547884422871801245e-03
4.630006377895672966e-03
3.900868325597710295e-03
4.143206557879845590e-03
4.315874724545412308e-03
4.031292819935414391e-03
3.911157557740807707e-03
3.879167681766881003e-03
4.023989354156785880e-03
3.739132852190070726e-03
4.643650460574361670e-03
4.623091322266393438e-03
4.836377782954109743e-03
3.660976560786366376e-03
3.038977559448944200e-03
2.933402903791930937e-03
3.103962395754125258e-03
3.234328441321850014e-03
3.679021209892299488e-03
3.461044840514659968e-03
3.001355425351195927e-03
2.781300586130883851e-03
3.073460749453968584e-03
3.431870508939027700e-03
3.537263396299547558e-03
2.927373384849892880e-03
3.580165091488096349e-03
4.072833819728758492e-03
2.948733782395720517e-03
2.623661541276507778e-03
3.201500131852096868e-03
3.085361368333300065e-03
2.980971913784742546e-03
3.618295590082804339e-03
4.118733588192198362e-03
3.704711109813716569e-03
3.000640840166144720e-03
2.523816530075338131e-03
2.479663172529803384e-03
2.828530735439724417e-03
3.022744270662466783e-03
3.477514013648033350e-03
2.862540671808852261e-03
2.672668694415026355e-03
2.802795008238818768e-03
2.469689988841612931e-03
2.717628093022439288e-03
2.749214687695105980e-03
3.534422494057152132e-03
2.884525091697772402e-03
3.829508144408464484e-03
3.745357630153497031e-03
4.417960382997989516e-03
2.952718892031245754e-03
2.289214249596827500e-03
2.506533962570958729e-03
3.158174689031309577e-03
3.863860457721683683e-03
2.966047866890827653e-03
4.353237500828173456e-03
2.836022230072154145e-03
2.541990539886885246e-03
2.357997238222095827e-03
2.650007059176763113e-03
2.397568474213282452e-03
2.201314721670415489e-03
2.133816038775775310e-03
1.999709781052337945e-03
2.038380115086005622e-03
2.243714349137412075e-03
2.220157830872469297e-03
3.546806983649730682e-03
3.448338777654700628e-03
2.583023980259895221e-03
2.832860900089144689e-03
2.523609495514796738e-03
1.999646519931654043e-03
2.336710300296545098e-03
2.643983739738663043e-03
2.426085589039657028e-03
2.010525034016205203e-03
2.493742798558539787e-03
2.927505009704165807e-03
2.566354004666209117e-03
2.215975888280404763e-03
1.989695006567570798e-03
2.207768177613615799e-03
2.120392555370926788e-03
2.367147194842497606e-03
2.194597788362039666e-03
2.179071342365609260e-03
1.940806382853123985e-03
1.965543059632182156e-03
2.668045880272984678e-03
2.381995210631026108e-03
2.556500087181727294e-03
2.675090989925795176e-03
2.534017897107534913e-03
2.345757675874564178e-03
2.089780339350302916e-03
2.243487320633398042e-03
2.627783834727274136e-03
2.355140829976234366e-03
1.931058050443728658e-03
1.994069202078713361e-03
1.994281113147735630e-03
1.886765970331099208e-03
1.841859467741515819e-03
2.034564280054635289e-03
2.058269133170445749e-03
2.871039213819636185e-03
3.092914189522464989e-03
2.323190798569056519e-03
2.663346839447816410e-03
2.294031899008485906e-03
2.100734380591246821e-03
2.294896100130346117e-03
2.190338312130835508e-03
1.994083653100662754e-03
1.950062355026602754e-03
2.145746664868460659e-03
2.334847219495309652e-03
1.726146796718239793e-03
1.946634195951951968e-03
2.363651428992549416e-03
1.960282108436028209e-03
2.125899379865990764e-03
2.044792903794182860e-03
1.775773754343390508e-03
1.844761430596311962e-03
2.119023402531941633e-03
2.129001045185658757e-03
2.010581088769767145e-03
1.736799218795365748e-03
2.041179042102562059e-03
2.178018779700828956e-03
1.922852397482428333e-03
2.019512279786997173e-03
1.782892243936657880e-03
1.658475199300381937e-03
1.586181184069977886e-03
1.608454706147313196e-03
2.319447109475731954e-03
2.737895979856451358e-03
2.215965446084737587e-03
3.087936241386665323e-03
2.275066323992278820e-03
2.854097942925161880e-03
2.231797181690732546e-03
1.892432753617564935e-03
1.810679704778724248e-03
1.803485873258776125e-03
1.859212538434399558e-03
1.558290583391984396e-03
1.656482200034790518e-03
1.639370203742550412e-03
1.845030802198582192e-03
1.647936881830295002e-03
1.976678162399265418e-03
1.889154293263951845e-03
1.897910301987495605e-03
1.864378302254610532e-03
2.160127132924066686e-03
1.927446210239496579e-03
1.732405254927774215e-03
1.823816275638010702e-03
1.956726602382130066e-03
2.202984493018852151e-03
2.440860844734642036e-03
2.098972979519102278e-03
2.007303064068158543e-03
2.006276821096738324e-03
1.813538770915733549e-03
1.902061151340603924e-03
2.055669829456342572e-03
2.125254912922779505e-03
2.597633374647961759e-03
2.108192659086651193e-03
1.961158033874299805e-03
2.176497318885392811e-03
1.676507640319565857e-03
1.522168080943326219e-03
1.608664270283447417e-03
1.559865047327346375e-03
1.648916237884097673e-03
1.683491388749745136e-03
2.098856991053455519e-03
1.872359757932523907e-03
1.532301785838272729e-03
1.795046690644489309e-03
1.900782653441031702e-03
1.757789376295275157e-03
1.954607513422767107e-03
1.562926798748473251e-03
1.761098788637254029e-03
2.160709201254778274e-03
1.801898201099700388e-03
1.507493624877598607e-03
1.650429485469228751e-03
2.138182275618116194e-03
2.499289271525210760e-03
2.507944453714622528e-03
2.262789211753341717e-03
2.206836283310420043e-03
1.681399389377070822e-03
1.701817763969302099e-03
1.506720465711421488e-03
1.464771332426203663e-03
1.544730871294935524e-03
1.803888196332587143e-03
1.799489120021462423e-03
1.581442626193165857e-03
1.584509511788686088e-03
1.788338376209139789e-03
2.552324685578544802e-03
2.357528242282569235e-03
1.736636974124444906e-03
1.729981704201135348e-03
1.680158943765693155e-03
1.540781421483390905e-03
1.605836773394710495e-03
1.414227660021020365e-03
1.537748463969263856e-03
1.968172304849657907e-03
1.869754788155357115e-03
1.672053932108812828e-03
1.632600070701705017e-03
1.735660950135853656e-03
1.866431629492176910e-03
2.030133504110077838e-03
1.658032358003159274e-03
1.811398177718122858e-03
1.739998900641997592e-03
1.564456775991453046e-03
1.387471674113637888e-03
1.355042653158307049e-03
1.757536513937844186e-03
2.045133103513055526e-03
2.234414603768123710e-03
1.820442814172969952e-03
1.748175764870312518e-03
1.933999984628624342e-03
1.604089370618263892e-03
1.340393391955230044e-03
1.371935470443632959e-03
1.303199704012109137e-03
1.485486281518306985e-03
2.168814592684308561e-03
1.653173008105821105e-03
1.750225024815234938e-03
2.048900539262427014e-03
1.981874488087164224e-03
1.961579100332326402e-03
2.525016791704628224e-03
2.042863763247926897e-03
1.501832779289947713e-03
1.382944968839486385e-03
1.872470428546269645e-03
1.410635545228918365e-03
1.358177150703138679e-03
1.329619138398104158e-03
1.569795982084340414e-03
1.572217877643803654e-03
1.331264267986019415e-03
1.356674959986574162e-03
1.444232463836669965e-03
1.386708406369305344e-03
1.387056685570213456e-03
1.735253101214766572e-03
1.858749968103236717e-03
1.820073792090018535e-03
1.776609026516477339e-03
1.923352106888261180e-03
1.774637721892860292e-03
1.609076188049382572e-03
1.713223355925745520e-03
1.628514979448583396e-03
1.437339343958430899e-03
1.370149004376596934e-03
1.418598980332414286e-03
1.628448404371738356e-03
2.037512660026550345e-03
1.800541337579488789e-03
2.300824312907126350e-03
2.021820329957537982e-03
1.618979808150066172e-03
1.449495231111844369e-03
1.470971060399379896e-03
1.671382691193785920e-03
1.547776456508371526e-03
1.572913117189374309e-03
1.518657047611971737e-03
1.786241594495044816e-03
1.760783124611609582e-03
1.509240616319908104e-03
1.643797292684515306e-03
1.670260477500657304e-03
1.407275499982966419e-03
1.687525472500257936e-03
2.050307416874501409e-03
1.932247622559467954e-03
1.565986192888683655e-03
1.175498465696970651e-03
1.241056411785797882e-03
1.176256543646256141e-03
1.225174609571695302e-03
1.213706604515512677e-03
1.903167774693833485e-03
1.712086069294147927e-03
1.552111527158154484e-03
1.822903577445281979e-03
1.506244866177439785e-03
1.427440879763000603e-03
1.605850350525644130e-03
1.364759341296222514e-03
1.402701840529011314e-03
1.205537109118368869e-03
1.299975121704240741e-03
1.533291597540179874e-03
1.635466197298632643e-03
1.545437215827405409e-03
1.710697267101042845e-03
1.612750618304643413e-03
1.385396180881394174e-03
1.261118636983964147e-03
1.674228237114018785e-03
1.400977600779798387e-03
1.288950451546245135e-03
1.336080741861628242e-03
1.548462503382729179e-03
1.681845569465723229e-03
1.390367449882129805e-03
1.342360925757222741e-03
1.410311293891734546e-03
1.317717865005963275e-03
1.381087619293895055e-03
1.372828597409857677e-03
1.328357570908135932e-03
1.381159514809648112e-03
1.525519636149207667e-03
1.648488637680808801e-03
1.499335264994038509e-03
2.257473975833919171e-03
2.163135481791363807e-03
1.737070633098482990e-03
1.802325667813420252e-03
1.566233988851308771e-03
1.522004727481139977e-03
1.395878142470287006e-03
1.263230852782726331e-03
1.302740218945675323e-03
1.219464503746065876e-03
1.142764801366461577e-03
1.329926827715502847e-03
1.643127108820610595e-03
1.380398004419273886e-03
1.222312956427534314e-03
1.314165406963891357e-03
1.416126385641594803e-03
1.410066623033748691e-03
1.480281229855285804e-03
1.501108730832735605e-03
1.558944569486710868e-03
2.517545858605040304e-03
1.941121165744132473e-03
1.443724129348993284e-03
1.290312823063383563e-03
1.226798191459642492e-03
1.311775471808181767e-03
1.224059609230607800e-03
1.271891038243969227e-03
1.405605481316645920e-03
1.427914357433716485e-03
1.661499855625960583e-03
1.443831610959023194e-03
1.269307284512453645e-03
1.249871469206280221e-03
1.472557959560718849e-03
1.370329905508293122e-03
1.312374180803696283e-03
1.506979367178347276e-03
1.759414053004649007e-03
1.447677944476405800e-03
1.494593797251582250e-03
1.297456569348772338e-03
1.391489815691278938e-03
1.588058704510331197e-03
1.382888684877090889e-03
1.251132492907345217e-03
1.296389725369711783e-03
1.567591448935369688e-03
1.415513992413050580e-03
1.327683796019603823e-03
1.315533522413008709e-03
1.257136213179263799e-03
1.204689134740167264e-03
1.315755743740333475e-03
1.559764554517136578e-03
1.429064191049999677e-03
1.369433444407251212e-03
1.754085467610922051e-03
1.390933810422817843e-03
1.349493754613730664e-03
1.448505414753324455e-03
1.318944518764813721e-03
1.519265480132566629e-03
1.296892355765319558e-03
1.099551524449553707e-03
1.150005797131193903e-03
1.099953553639352330e-03
1.170421732693082686e-03
1.481026521780424727e-03
2.098859331260125027e-03
2.081388463266194058e-03
1.549313797925909453e-03
1.389792762800223314e-03
1.375480096580253666e-03
1.426879908993012409e-03
1.839062333520915778e-03
1.512972672935575334e-03
1.127577298838231337e-03
1.117753948395450907e-03
1.434813939914521275e-03
1.250288197770714742e-03
1.249722559005021945e-03
1.430654829988877060e-03
1.172484426448742534e-03
1.220676988984147797e-03
1.314909524387783369e-03
1.410596996235350797e-03
1.455549004798134104e-03
1.589798823826842804e-03
1.360707859405212855e-03
1.705102158399919706e-03
1.312179330529438144e-03
1.932112294145756299e-03
1.523579360348069041e-03
1.308122865027851536e-03
1.461884306950701502e-03
1.378041878342628436e-03
1.336305107817881664e-03
1.192118860781192675e-03
1.204340767322315204e-03
1.189262504275474201e-03
1.168928835541009929e-03
1.145480602669219153e-03
1.295914071508579880e-03
1.746403481811284984e-03
1.630175095051526963e-03
1.883453367691901009e-03
1.684870118171804577e-03
1.473559266370203825e-03
1.679038193801211075e-03
1.312055487910078564e-03
1.150200749850935344e-03
1.031117898722489672e-03
1.041961442679166863e-03
1.153088455191916958e-03
1.176286579057988103e-03
1.073501592553737990e-03
1.043140887179308442e-03
1.040024173239039069e-03
1.106627708197467901e-03
1.805202152269582035e-03
1.438141545901695795e-03
1.384528471001734247e-03
1.361863897699448897e-03
1.282617652064396187e-03
1.153424301753855309e-03
1.240046476272659189e-03
1.166749084368348156e-03
1.270466484129428864e-03
1.310347744988070700e-03
1.319255578952530962e-03
1.475636589651306519e-03
1.627254054053789943e-03
1.660402289384769027e-03
1.339491864459382061e-03
1.315511512156161992e-03
1.213151787718137016e-03
1.355688203540113225e-03
2.118781135521001242e-03
1.428312893129057414e-03
1.158119862278302568e-03
1.429562279695851873e-03
1.269083185017936795e-03
1.133805346778697437e-03
1.265525899103118329e-03
1.627403626011477604e-03
2.689545170093576160e-03
1.943731203209608837e-03
1.162530134638978295e-03
1.067786424731214864e-03
1.121055951548947200e-03
1.302075372594926027e-03
1.489690131921735149e-03
1.615989183386166896e-03
1.827346077706250814e-03
1.375400843098759573e-03
1.195602600669695226e-03
1.185709162511759326e-03
1.309733475144538722e-03
1.530079015841086633e-03
1.423781736132999224e-03
1.140890002975033287e-03
1.217311946675181389e-03
1.173849599435925406e-03
1.339776455942127357e-03
1.210599815886881630e-03
1.047087390389707254e-03
1.012898352411058158e-03
1.246822423612078002e-03
1.352908291543523369e-03
1.239779757128821542e-03
1.429019301819304697e-03
1.314039916420976350e-03
1.525325314659211349e-03
1.389502434887819908e-03
1.241445814569791051e-03
1.343748149358564006e-03
1.246658802653352518e-03
1.075266518940528205e-03
1.009209575390236169e-03
1.039520384640329510e-03
1.035179633440242971e-03
1.135463990374571816e-03
1.106824435604115238e-03
1.235924177906579449e-03
1.384149800675610765e-03
1.297532849324246245e-03
1.261252366109854705e-03
1.362581577979856112e-03
1.567097072386079270e-03
1.498349137190315480e-03
1.307724687374300400e-03
1.329514282341632669e-03
1.206293046060535586e-03
1.107901063902924513e-03
1.161394603550434078e-03
1.331677254703309736e-03
1.273039780660635860e-03
1.187297170981764689e-03
1.104398995844854204e-03
1.124506043787631667e-03
1.138014594713846871e-03
1.143060652021732609e-03
1.130494481573502330e-03
1.170513315333260350e-03
1.258234070200059092e-03
1.329666706733405486e-03
1.218203909488187837e-03
1.346429417737656214e-03
1.350673144269320600e-03
1.319255817991991930e-03
1.470236000604927548e-03
1.603781513145400390e-03
1.507118059736159161e-03
1.333940627519041326e-03
1.149930201160410991e-03
1.100227614450785887e-03
1.150835730238921207e-03
1.126847131074302719e-03
1.143184391936908273e-03
1.208194862637254922e-03
1.136343949474394235e-03
1.036500970884743572e-03
1.102643294984267854e-03
1.164407052824066851e-03
1.392493116048475156e-03
1.260645251410702928e-03
1.483476993938286992e-03
2.179446691750652233e-03
1.623784392658207242e-03
1.682822987851169405e-03
1.211904714711838299e-03
1.099705970328715031e-03
1.084745942304531736e-03
1.101650615326232483e-03
1.487306584086682971e-03
1.486647155963712226e-03
1.796502499944633820e-03
1.214021956548094663e-03
1.261085412051114697e-03
1.308725839998159087e-03
1.393157006241381229e-03
1.211285991594195305e-03
1.253057393348879205e-03
1.163724812989433682e-03
1.201574375542501568e-03
1.121248967376434202e-03
9.923130977484914683e-04
1.204144589395986752e-03
1.033435150360067578e-03
1.160728950053453419e-03
1.476455613867276237e-03
1.332547578753696558e-03
1.511450615814990484e-03
1.300230512343761042e-03
1.103851927651299403e-03
1.182858099540074707e-03
1.244138986803591199e-03
1.044118691287520845e-03
1.050063684944891338e-03
1.104928676763342445e-03
1.235186433316104882e-03
1.267644778514901696e-03
1.436667868660556008e-03
1.343135996721684863e-03
1.161984661594033267e-03
1.025920921108788896e-03
9.755838579601711427e-04
1.084896500429345439e-03
1.120919424833522913e-03
1.093178914032048605e-03
1.241603510247336548e-03
1.195755325671699412e-03
1.419564659396807451e-03
1.256551489544411584e-03
1.250329893599781738e-03
1.237138163091407823e-03
1.084488810350497630e-03
1.267496361397206766e-03
1.362106695046855437e-03
1.394341593194339032e-03
1.548917501026557614e-03
1.465929753871427670e-03
1.222649753197199837e-03
1.329317844162384741e-03
1.463360345611969737e-03
1.181317236688402038e-03
9.798142194954884837e-04
1.038109501823782999e-03
1.104238522239029373e-03
1.174386237334045999e-03
1.029853163700964738e-03
1.245746735690368484e-03
1.493449146962828183e-03
1.505979851095212924e-03
1.623320024357073794e-03
1.299097510054707597e-03
1.281906893062922633e-03
1.271390715717441540e-03
1.133363212251828822e-03
1.142830787899179554e-03
1.030832855030894366e-03
1.287574441068702275e-03
1.219205153692099744e-03
1.303936615844981462e-03
1.224218862027757777e-03
1.620484000692765016e-03
1.227372287151714094e-03
9.708831071232756037e-04
1.045691362685627476e-03
1.214422031512690835e-03
1.093222794847355933e-03
1.170780037840207484e-03
1.575610810994273981e-03
1.133435206073853639e-03
1.038651900469428867e-03
9.817333097776605958e-04
1.007206345804863550e-03
1.068907631561160157e-03
1.041060358078943352e-03
1.230717160635524292e-03
1.630862296248475687e-03
1.394348202480210231e-03
1.151196066704061275e-03
1.138505862197942108e-03
1.138723730627033389e-03
1.006858563050627622e-03
9.510633013107710771e-04
9.890162303215928579e-04
1.006655505237480071e-03
1.051051322784688630e-03
9.741233413418134545e-04
1.039386101894908526e-03
1.242792068256272104e-03
1.325937271532085134e-03
1.281215922079152443e-03
1.277282639510101802e-03
1.166268826669289048e-03
1.238246942715098397e-03
1.174124240254362326e-03
1.381239551119506402e-03
1.350260684784087770e-03
1.089022587726099596e-03
1.123680823172132186e-03
1.308937144672705057e-03
1.306280977506604464e-03
1.467935273216830309e-03
1.336306677096419943e-03
1.268329831978513107e-03
1.181411285781198018e-03
1.209159711789753672e-03
1.087925038300454608e-03
1.010633197923501304e-03
9.870762108928627775e-04
9.606702010043793221e-04
1.008326470748417822e-03
1.185085424739453462e-03
1.156605467614200402e-03
1.175442082393500509e-03
1.074601568592091494e-03
1.085548916210730963e-03
1.017566029396322095e-03
1.237851927677790370e-03
1.118292380124330564e-03
1.060614237665302240e-03
1.050913683138787833e-03
1.092138511853085617e-03
1.213298354090915684e-03
1.135347937751147443e-03
1.066785464063286712e-03
1.128924038882056979e-03
9.238968758533398383e-04
1.077054892407937076e-03
1.070371238100859858e-03
1.141648548655211856e-03
1.152633352515598222e-03
1.033911364566948666e-03
1.167231615529292161e-03
1.429533378945456587e-03
1.452071377490129741e-03
1.398611564913557681e-03
1.318716056024034746e-03
1.706159417517483321e-03
1.387308427753547934e-03
1.288651596858269655e-03
1.194624516906009782e-03
1.126049762177798582e-03
1.224620377696636602e-03
1.104294539739688295e-03
1.309275015050338298e-03
1.104230277964638384e-03
1.083394910415841567e-03
9.489689368961585396e-04
9.409782957906524716e-04
9.742450564064913422e-04
1.150398555522163602e-03
1.256764905734194734e-03
1.134622699270645789e-03
1.224008568873008115e-03
1.199755104672577729e-03
1.062441208244611782e-03
9.659043290755815227e-04
1.042154586046106389e-03
1.031358292740252192e-03
1.067236683124469371e-03
1.041398749997218430e-03
1.129083777001748442e-03
9.725754702877666743e-04
9.848110719273487756e-04
1.011642398726609118e-03
9.602920359207524435e-04
1.063018818385898972e-03
1.075213741925027701e-03
1.036140541028645343e-03
1.135333521912495298e-03
1.354071375293036325e-03
1.398808174870080521e-03
1.125217905112852693e-03
9.481822246582143369e-04
9.882618321312799416e-04
1.228939161325494486e-03
1.133070129694210143e-03
1.204649865006407125e-03
1.185313437858389425e-03
1.089554722679571958e-03
9.450213476601573804e-04
1.338160509864489301e-03
9.997955275078615478e-04
1.135199343164761945e-03
1.175269238754278987e-03
1.105871976663669017e-03
9.697006875649095102e-04
1.064900806070201824e-03
1.035715873456663537e-03
9.600288314848309974e-04
1.068518053119381361e-03
1.095967785351806148e-03
1.341031590062711056e-03
1.314259651117026745e-03
1.203101494659980118e-03
1.105433154540757428e-03
1.148694014797608035e-03
1.143803162138081267e-03
1.011234849898351527e-03
1.118175490345392009e-03
1.090661124326288778e-03
9.844652928101518992e-04
8.583183552966349448e-04
8.916934406281344996e-04
9.796522449081143148e-04
1.107980604800913073e-03
1.134600754206379356e-03
1.174855018551978787e-03
1.091499026450845969e-03
1.187419285480346932e-03
9.400212350818845999e-04
9.769940640156468594e-04
1.156462025311258109e-03
1.315356125641200299e-03
1.459112500047518189e-03
1.134490314871072726e-03
1.115991508381234234e-03
1.091320039445741385e-03
9.310822970130377138e-04
9.855564792330066392e-04
1.146913518508275434e-03
1.139597704427109748e-03
1.398673161553839767e-03
1.214243763954275107e-03
1.230934385417236255e-03
1.103999317209753729e-03
1.077026959974318812e-03
1.111703240830037246e-03
1.065372082715233077e-03
9.960198154052098303e-04
1.014796259502569924e-03
1.103323224104113109e-03
1.147894548355705242e-03
1.280419812537729679e-03
1.483411942608654560e-03
1.490491192994846271e-03
1.252504825954222105e-03
1.207961466991239099e-03
1.254186393279168362e-03
1.232973597943782867e-03
1.176732416368193174e-03
1.046005214771462792e-03
1.059553140981329879e-03
1.012190519314673130e-03
9.828145499341188994e-04
1.079780100844800412e-03
1.138757056970563257e-03
1.110082472571068297e-03
9.610595582570467116e-04
9.560864123826226047e-04
1.158676874927348647e-03
1.015222585346135797e-03
9.978977937458290235e-04
9.393205529906683377e-04
1.065904311835765873e-03
1.056413545221504199e-03
1.089777310068408556e-03
9.531249646614822768e-04
9.743364512299497980e-04
1.097623462426579712e-03
9.708689256674713332e-04
9.915600773981875227e-04
9.498214426760871916e-04
8.771747324822677530e-04
8.729473366919490631e-04
9.298501349985599344e-04
1.121648955676290754e-03
1.205792577626804479e-03
1.222614537821047802e-03
1.083533632724235441e-03
9.766340017732645738e-04
9.353688369608588070e-04
9.481756078700224327e-04
9.201002881551781885e-04
1.123954011127352654e-03
1.002588100317451615e-03
1.290981984800762495e-03
1.297366333504517940e-03
1.153626680995027123e-03
1.119150955540438403e-03
1.103599669618738960e-03
8.921332926385932942e-04
8.974057047938307097e-04
9.517056919220420784e-04
1.115674986504018324e-03
1.166485735318727006e-03
1.018294567345745137e-03
9.941620110637612757e-04
9.572493315984805223e-04
9.676168895223074022e-04
1.033303396155436753e-03
1.073547715010742453e-03
1.247635890936685948e-03
1.110605899658468135e-03
1.176662776205274728e-03
1.162055823434558115e-03
1.140383592185874794e-03
1.188000738620758126e-03
1.228251380121542398e-03
1.191423442732128784e-03
9.972032040564550014e-04
8.688688961168129863e-04
8.690826387868986732e-04
1.113887018420630075e-03
1.033700817885498287e-03
1.042488531416488990e-03
9.078112860313719947e-04
9.117856533784005632e-04
8.560155608898235282e-04
9.026016302717228875e-04
9.240070870146155834e-04
9.675016031704014889e-04
9.056267729546461226e-04
9.841831970132058991e-04
9.699109155270788877e-04
1.008242159667942185e-03
9.598753875535395068e-04
1.286543969375391824e-03
1.134759411733183513e-03
1.317592030391096999e-03
1.213983128675156110e-03
1.014512159809884042e-03
8.989863708201382151e-04
9.727742590217126417e-04
9.406888047750625254e-04
9.960914408374164312e-04
9.607125508288542762e-04
9.637755538440413152e-04
1.498222463350329034e-03
1.270567757698396871e-03
1.028101385778023040e-03
9.520880738273263281e-04
9.060030753931237702e-04
8.982140255264109982e-04
9.207628600092398119e-04
8.625066163949668321e-04
9.074335121032264936e-04
1.122260251496401103e-03
1.133771578056944757e-03
1.057206122204661309e-03
9.580632780368129658e-04
9.568705699510044339e-04
9.823382625149357054e-04
9.499352026937736082e-04
9.016553335823118513e-04
9.595055177083445467e-04
8.606462341008915169e-04
1.000985432571420983e-03
9.298442355874512229e-04
1.079873743777473713e-03
9.898053435608744795e-04
1.084369324768583078e-03
1.060708494236071824e-03
1.492921086545619764e-03
1.136190027722881963e-03
9.788296361350351266e-04
1.154423369508650581e-03
1.089668582814435184e-03
1.208101537647760567e-03
9.801605085117948406e-04
9.842278663482930800e-04
8.834429395695527105e-04
8.946950899230109167e-04
1.334613714781072340e-03
1.064295809871206597e-03
9.931921925292247141e-04
1.013323240913450649e-03
1.001885720114741160e-03
9.219516886191235928e-04
1.013758021613789988e-03
1.246250147620836957e-03
