1.863771319223774814e-01
2.544212599595387786e-02
1.289802841842174579e-02
7.579220463004377253e-03
3.327570781111717155e-03
1.915688646129436006e-03
1.462444696161482004e-03
1.268554503201610451e-03
1.384059420476357058e-03
1.334803856702314415e-03
1.432431256915960146e-03
1.153629521528879744e-03
1.163857239815923976e-03
1.124380715967466431e-03
1.281325044627818844e-03
1.171430819667875671e-03
1.018755445774230774e-03
9.380943842956589824e-04
9.344375154210461058e-04
1.219583891539110111e-03
9.976953697494333768e-04
2.598794545564386393e-03
1.941471832493940923e-03
2.023104568943381518e-03
2.457914438305629484e-03
1.477881072140816224e-03
9.390188443164030480e-04
8.581396903739207417e-04
7.357198108608524424e-04
7.617892133485940206e-04
7.043624912492102994e-04
6.276404580825732313e-04
6.396713252696726009e-04
6.709052870670954242e-04
5.940327645900349285e-04
5.848444367034567621e-04
6.404552448333965644e-04
7.987730396497581039e-04
1.068112015103300306e-03
8.800888115850588221e-04
7.247002896231909868e-04
1.039676789142605223e-03
7.154115134229262424e-04
1.831827315294908085e-03
1.199599566558996744e-03
9.224960761558678246e-04
9.899277767787377242e-04
1.069291845584909159e-03
1.030722396163683864e-03
7.332806692769129695e-04
6.606410234235226761e-04
5.938466922897431971e-04
6.551232727037535359e-04
5.233051959011289283e-04
1.009273136862450177e-03
7.341277250088750926e-04
9.336434247800045249e-04
6.892364911942018210e-04
8.465724531561136246e-04
6.201280987200637630e-04
5.336831155647006782e-04
4.752848664712574535e-04
4.957850642191867149e-04
4.461568379257288184e-04
4.567299762533770860e-04
5.451897388168920654e-04
6.009215359679526657e-04
7.505601729887226813e-04
9.039914589892659048e-04
6.310073094856408346e-04
4.458621562096394021e-04
3.935056074988097148e-04
3.572220619147022363e-04
3.504617359592682906e-04
4.698461163530333285e-04
6.033517951921870716e-04
6.100632589206927102e-04
5.639457516372203957e-04
5.541349845265762216e-04
4.584447364322840951e-04
4.728012648411095077e-04
5.441022866095106226e-04
5.113353391384912929e-04
1.100235809054639661e-03
9.166716546234157832e-04
8.535041510024004088e-04
8.225290787716706218e-04
3.980420382382968960e-04
4.326714813295337711e-04
6.894620422584315155e-04
4.657656575242678180e-04
4.372913381343500262e-04
4.410601800514592111e-04
4.588188342232671227e-04
3.406745115191572295e-04
2.867301963528411188e-04
2.796473267436441323e-04
2.836300489596194465e-04
4.216306087457471563e-04
7.578056861853434221e-04
5.640128410110870722e-04
8.805087560580836595e-04
7.144069788046180898e-04
1.066409214917156487e-03
1.182538248702055816e-03
6.369283725507556915e-04
4.300064565096464665e-04
4.626234695832762405e-04
4.108223981327480470e-04
8.571948377519018458e-04
5.673947674222290993e-04
3.247676794934604158e-04
3.076181541352222262e-04
3.538193825321893100e-04
4.439977292592326569e-04
4.963487578142020953e-04
7.113645095766211622e-04
6.938063591304752947e-04
4.063475675260027459e-04
3.461216860968205399e-04
2.382849838532921411e-04
2.574671385163027505e-04
2.300299378758710166e-04
2.345394121948629574e-04
2.499200877112646760e-04
2.300963691797935343e-04
2.653167843042562304e-04
2.765969756162829033e-04
4.292631369187600073e-04
3.689398672173006691e-04
3.768175247953170059e-04
2.537645125347707197e-04
2.854581503197550600e-04
2.658758653948704539e-04
2.629168918873700848e-04
3.408049801105840536e-04
4.095380955065289902e-04
6.087175433316992321e-04
6.241578939888211977e-04
1.166345452268918335e-03
7.286150921653541815e-04
5.608434136956930421e-04
3.991790346076919235e-04
3.664005858202775572e-04
2.882591139576915016e-04
3.161979549460940922e-04
3.872479012029038750e-04
3.836912320305903485e-04
4.353632792157845254e-04
3.642917923732764073e-04
3.342763622964007751e-04
2.615551442270063810e-04
2.591529682589074207e-04
2.794872938344875870e-04
2.537872342185841447e-04
2.666365344905191181e-04
3.540280612651258859e-04
4.594790940690371699e-04
4.998149213174150549e-04
3.167665515017385465e-04
2.452623580918751058e-04
2.594049338303092210e-04
3.227066737599671126e-04
3.498582270306845455e-04
3.885112037985689166e-04
7.070801214366737725e-04
3.254848392680287339e-04
3.262591922086560225e-04
4.178081760700378170e-04
2.515811577258217856e-04
2.154951746989455590e-04
2.844452260372539419e-04
4.337228027482827692e-04
4.267847827739185856e-04
3.290494634226585240e-04
2.613571526793142174e-04
2.167030200103504749e-04
2.067838394497003868e-04
2.535795437223795448e-04
2.628534778745638257e-04
4.653503841513560789e-04
5.847052086351646255e-04
5.033832620311942023e-04
3.512625970567266219e-04
5.300847290911608195e-04
4.986303705825573859e-04
2.874376694025057902e-04
2.340018647050278074e-04
2.425444401645412095e-04
2.023485605604946505e-04
2.079301983920029361e-04
2.371342493117683430e-04
4.755442368332296762e-04
3.396238111114750205e-04
2.172136233032991471e-04
2.665279576710114667e-04
5.054000612451798593e-04
2.856779128908076208e-04
2.287044292057140041e-04
2.589053248650291126e-04
3.253552979246402983e-04
2.346489017751688679e-04
2.189409911322096850e-04
2.598460104006032221e-04
2.443364982415611813e-04
2.682510597838295833e-04
8.469939834645224793e-04
5.886147431253145384e-04
3.214523845559192922e-04
6.135801353957504554e-04
3.458605360032783547e-04
2.027141327400588239e-04
2.371556199310968424e-04
2.840742414506773139e-04
2.586889290250837781e-04
2.185900246776226359e-04
1.947820044976348555e-04
2.132722734758216599e-04
2.501593773356742233e-04
2.634300801178647523e-04
3.121849056980055439e-04
4.171021289140400116e-04
3.182841752034922347e-04
2.621674373383737393e-04
3.141308188464285727e-04
2.921483567398455586e-04
2.882366618400232527e-04
2.810136427999370724e-04
2.521603327477350983e-04
1.874117229858206376e-04
2.011087236718999110e-04
2.121271044274585123e-04
3.693295973870489544e-04
2.332948957983818356e-04
2.696500344771064132e-04
4.088562760605580159e-04
3.334309832037736705e-04
2.190502474291457062e-04
1.898057061609708469e-04
1.925945305912237957e-04
1.593970808769679700e-04
2.024588669883087332e-04
2.581446533763988023e-04
2.835025710778104040e-04
2.009203561788631715e-04
2.138683199882507194e-04
1.987496971075112737e-04
2.017467699220610992e-04
1.976203121658828463e-04
3.907072577728993375e-04
2.336346651686148563e-04
2.938774004319889507e-04
2.875427467127641100e-04
2.108212035252816224e-04
3.125385118700150242e-04
1.912186411856156131e-04
2.422829778192357871e-04
2.590509549352444131e-04
4.422427907896538373e-04
8.208470804513328615e-04
1.030853876274906997e-03
7.075233833812590804e-04
3.048129086770738063e-04
2.126575013648511589e-04
1.758219881836945906e-04
1.977251296112727728e-04
2.853000395569122664e-04
2.514496019446394760e-04
1.649909484614100824e-04
1.768150198687281976e-04
1.954826486245211687e-04
1.723687653429806146e-04
2.259689910958210559e-04
1.852919082416014461e-04
1.687505658224431888e-04
1.721079815696510912e-04
2.509723262240489360e-04
4.195944385396109511e-04
2.240195246283999651e-04
1.744445276239679798e-04
3.091175947338342580e-04
2.795291962360756067e-04
2.070640116774787487e-04
3.126105760586344456e-04
2.474378330063902484e-04
1.657218477016107782e-04
1.781219964484787672e-04
2.095708572435089402e-04
2.627747520131783611e-04
3.759036722153218405e-04
2.495284088783793967e-04
2.278494666744437379e-04
2.333668631035834648e-04
2.889649784709844189e-04
2.398377609077013094e-04
1.905897448563741311e-04
1.649113303412579903e-04
2.172767544268734013e-04
2.932930454456557823e-04
2.493327491295834570e-04
1.741199293691250921e-04
2.202565300588806582e-04
3.419969012288169531e-04
3.328174491050756739e-04
2.049973500996000292e-04
2.201296328308267826e-04
3.015690904835031895e-04
3.113893323784900974e-04
2.131209514724711704e-04
1.822186711554725838e-04
2.176208131196391321e-04
2.807415068511747878e-04
3.372586228781276050e-04
2.802373321416477565e-04
2.871018094528052407e-04
3.123593131183749873e-04
3.215209146340687846e-04
1.929600263894018085e-04
1.785273777527941535e-04
1.884302719392710250e-04
4.494109452288184156e-04
2.267066548423220718e-04
2.441076808867769182e-04
1.726938968446726586e-04
2.013146693611310477e-04
2.304660021198085592e-04
1.803350848947755090e-04
2.197515324223786636e-04
2.723523411744584871e-04
2.657400946029358233e-04
2.905035836415158202e-04
3.410373589334388328e-04
2.144310279982164372e-04
1.812889760670562708e-04
1.519935012846771317e-04
1.832339842157024396e-04
1.662073746815116769e-04
1.844014817874671790e-04
2.239866537921544681e-04
2.294093737792637509e-04
1.613259503695492838e-04
1.750693305964685226e-04
2.044055918102256138e-04
1.912156121236168545e-04
1.776708443261062077e-04
3.936833005476122202e-04
2.286623301269072566e-04
1.586650013147542946e-04
2.799455353912587018e-04
2.463432579922179171e-04
2.483031189896993981e-04
2.069028288436432607e-04
1.924238403120802517e-04
1.798842613869864107e-04
1.825567515980866160e-04
1.804077824474208970e-04
2.057927161351674132e-04
1.652548339916393258e-04
1.462729747678774160e-04
1.290619514313422970e-04
3.691521632329871098e-04
1.768852999278654734e-04
1.705114667614301060e-04
1.540363834161932179e-04
2.563775759578372114e-04
1.961338794919558804e-04
1.743040373225489314e-04
1.640485115866694289e-04
2.159960704415829697e-04
2.214482365848703584e-04
3.357777004647586184e-04
2.106542315515172242e-04
2.100401167343887991e-04
2.113348653074353847e-04
2.302898088884022538e-04
2.554684401386313935e-04
3.216028070568831168e-04
1.813611395967503381e-04
1.598384059292988653e-04
1.603374441684637616e-04
2.028417033013991250e-04
1.706317981006577730e-04
1.763707978857888183e-04
2.790797882092495535e-04
2.201262358964110335e-04
3.637943107686523146e-04
1.892914139898493875e-04
1.870015249328894815e-04
1.521556086825310368e-04
1.677039352297368918e-04
1.637300400115135584e-04
1.918559429597937430e-04
2.170461191174884511e-04
1.657629324795885156e-04
1.865239147769494105e-04
1.646602660831477966e-04
1.567598319767663916e-04
1.467943653632472836e-04
1.295239150446529099e-04
1.764600488564206464e-04
2.581328671011659894e-04
2.815455839865737414e-04
2.393559630339344324e-04
2.436709387176152803e-04
1.519110564711607177e-04
2.894489313217087014e-04
2.185635802258427017e-04
1.918833177640206415e-04
3.414697291251892679e-04
1.797038165386766228e-04
1.947929872484463790e-04
1.894216945058562818e-04
1.809137962603320779e-04
1.959182444908138827e-04
2.334188258585830652e-04
2.190926759633132054e-04
1.471444983811428186e-04
1.563408955957533582e-04
1.469500304018664567e-04
2.335395526865290312e-04
2.555476401984277564e-04
1.980856963847246505e-04
1.731897278093836407e-04
1.394137088209390521e-04
1.599104093879254206e-04
2.003249981337123348e-04
1.775777806890093671e-04
1.877036948119186681e-04
3.091751900501549417e-04
2.526048656242589271e-04
1.869800774147734057e-04
1.614583023668577191e-04
2.334502086483149165e-04
1.899580605742004133e-04
2.748989472941805803e-04
2.060406868501256025e-04
2.070520611919669622e-04
1.611869237644390860e-04
1.722043772072841727e-04
2.623290954054229842e-04
1.730100524986887174e-04
1.766210384408219115e-04
1.811995244093446140e-04
1.633681795404602968e-04
1.732417117131667035e-04
1.322260453727924280e-04
1.385735435825255252e-04
1.340924747637472938e-04
1.246757152128136778e-04
1.965059152442134014e-04
4.237957487607167629e-04
2.240294523976950087e-04
1.717676152475178328e-04
1.663930680499308746e-04
1.346665674484231307e-04
1.420880645228963699e-04
1.385004438149432435e-04
1.716321153152320126e-04
1.883422959751139178e-04
1.887784939026460095e-04
2.522943913936614795e-04
4.563140718447458461e-04
4.294231099387010040e-04
1.936194581341826263e-04
1.445386948762461608e-04
1.418042885941556662e-04
1.315743138224610980e-04
1.358078032111128240e-04
1.169179386407550794e-04
1.427923881500545351e-04
1.411331206974055939e-04
1.413367944122809563e-04
1.497288473830040844e-04
1.606185560295772118e-04
1.803262977369336534e-04
1.950903533078316170e-04
1.621064803071526890e-04
2.054926046791176128e-04
1.371690727925548893e-04
1.482528472034674578e-04
1.520869548484269230e-04
3.840730398789876112e-04
4.876333389741679199e-04
4.064597766329016717e-04
2.459548999710629478e-04
3.657840206546502109e-04
2.271468831976461856e-04
1.899906805354273972e-04
1.624534436268732038e-04
1.736677534386722537e-04
1.638637713363601126e-04
1.390130279792679694e-04
2.053486777003854470e-04
3.365625303316240415e-04
1.618768160309021729e-04
1.805342426006164788e-04
1.593884458351466321e-04
1.360967864295364209e-04
1.320448511331859557e-04
1.322153178949116007e-04
1.212389599337863433e-04
1.353712020985161333e-04
1.246969612677478148e-04
1.490269182896655461e-04
1.381553340858469533e-04
1.726188127779298455e-04
1.612822514208447607e-04
1.266937727470778755e-04
1.645842455844912281e-04
1.645839945801223271e-04
1.772570354579430601e-04
1.247158393056856216e-04
2.423548860113240049e-04
1.873776766782005523e-04
1.620597623857772992e-04
1.679060546060403127e-04
1.681668953582023498e-04
1.471466267119265396e-04
1.286961070016130033e-04
1.427126651267624489e-04
1.555367749986342335e-04
2.145073028643512041e-04
1.530012426277001789e-04
1.371213511124046440e-04
1.336841150704357268e-04
1.698253319288293604e-04
1.763317049092923714e-04
3.020104574453499544e-04
9.770613867375586327e-04
3.725410613697022308e-04
2.476447495994054857e-04
1.988938774189187521e-04
1.686868821788165191e-04
1.732378722065024926e-04
1.597338419459346393e-04
1.545155402143589304e-04
1.846480193651384649e-04
2.059502903527269876e-04
1.729016487822971357e-04
3.169607126619666858e-04
1.640577289638005959e-04
1.733283345432331136e-04
1.345990246368779090e-04
1.425405417103320284e-04
1.779410891079654278e-04
1.432361523620784207e-04
1.718301728962817233e-04
1.528160439597235653e-04
1.457253626884064666e-04
1.443363325799711940e-04
1.324494225102373327e-04
1.161053192077411591e-04
1.135500257563156412e-04
1.101114683034312339e-04
1.492082057262046385e-04
1.809316142720894722e-04
1.414505841158744258e-04
1.398592839056315518e-04
1.332256155243764220e-04
1.663768099388107701e-04
1.719677983136433559e-04
1.276927737570885085e-04
1.383193973581203133e-04
1.300014100787747341e-04
1.151095134102635880e-04
1.354279609707494570e-04
1.248195820759671502e-04
1.341427205221003077e-04
1.168212808422847696e-04
1.434774052015402174e-04
1.493580569513142044e-04
1.203141142226134779e-04
1.569884998672124504e-04
1.321286490807930668e-04
1.402542709062496926e-04
1.937229605391621655e-04
2.034764703259699982e-04
1.867780896524588166e-04
2.296680385350353081e-04
2.679630107660260600e-04
2.312025132899482918e-04
1.694227255777352287e-04
1.374099114198341204e-04
1.676175097236409859e-04
1.432716742985778481e-04
1.639040361624211019e-04
1.587811184840069853e-04
1.409890741342678720e-04
2.035769195451090740e-04
2.614639759606992198e-04
1.921929458492538921e-04
1.823157103111346501e-04
2.265302215366520749e-04
1.807642355561256365e-04
1.394211308797821424e-04
1.445565961249586711e-04
2.839348245308630832e-04
2.282316123859749822e-04
1.593472681836121492e-04
1.263975066184583557e-04
1.099892965996534410e-04
1.317878621112969191e-04
1.299244274721584312e-04
1.492767499682183042e-04
1.556594763597887406e-04
1.306954191143934810e-04
1.085264642865190046e-04
1.102120058688645522e-04
1.381790239570869310e-04
1.142880154657177643e-04
1.596200314816087354e-04
1.343607947152728724e-04
1.653522997447806847e-04
1.615192737921865372e-04
1.227893493422824438e-04
1.293351289091838722e-04
1.535442903534405695e-04
2.761481377658330698e-04
2.734249680199556738e-04
1.689553795666951159e-04
1.477958707578687131e-04
1.276769568600381324e-04
1.251842681732442714e-04
1.187596873367308722e-04
1.192288409866806490e-04
1.144388779195853410e-04
1.678424897383795124e-04
2.076836142482029032e-04
1.998061451983327587e-04
1.661777068188206950e-04
1.866411318769678463e-04
1.337724772100854322e-04
1.752013045026817146e-04
1.438877724124015226e-04
1.423698327400618215e-04
2.329851348703313265e-04
1.520521220582951257e-04
1.545794860511604321e-04
1.588398954158442016e-04
1.826063658033187133e-04
1.771766923937118630e-04
2.575105457799509298e-04
1.475225296194872108e-04
1.306262993279637614e-04
1.688532643796255097e-04
1.449731758071316659e-04
2.271259510113547134e-04
1.569041158331351037e-04
1.589397328077918824e-04
1.597548741523900835e-04
1.278181913787395719e-04
1.298673904319811064e-04
1.901073251631007512e-04
1.800233101110077492e-04
1.564019611558048982e-04
1.282303917105309654e-04
1.098621505015115755e-04
1.192084415945120977e-04
1.837855260560496086e-04
2.533465799772076951e-04
2.503772674956255629e-04
1.642932398438764021e-04
1.067847715199200668e-04
1.101232874336548965e-04
1.449546453336046778e-04
1.251215486425078459e-04
1.618110352299279562e-04
1.336135433262421071e-04
1.407349842096057937e-04
1.148743299482804200e-04
1.557587088771267931e-04
1.400081491253028234e-04
1.650633256132196978e-04
1.351252027476827289e-04
1.281594496686011596e-04
1.218203519561534941e-04
1.159823680710461371e-04
1.108120722993690966e-04
1.098708040080964587e-04
1.183212082833051616e-04
1.061969770105659130e-04
1.255794483909590314e-04
1.414916790155176590e-04
1.672783329397336508e-04
1.418074831599369515e-04
1.563636686316587955e-04
1.317400195532374835e-04
1.400839533178239267e-04
1.172798813786357652e-04
1.337554829014051384e-04
1.533377294739087405e-04
1.361312869832747381e-04
1.649026804241455221e-04
1.517514199885125730e-04
1.404567551799118616e-04
1.853113908631106102e-04
1.434439566865977416e-04
2.783834029428867876e-04
1.936600638631110470e-04
1.596052683372464396e-04
1.793132898294263371e-04
1.288019998982134918e-04
1.704163686372339682e-04
1.413888820873883975e-04
2.113256673328578375e-04
2.047036311382220968e-04
1.147289560887859039e-04
1.205348099594832266e-04
1.502971598205881071e-04
1.524944684933871042e-04
1.501198749368389527e-04
2.352386046873612452e-04
2.300426146959782452e-04
2.243966623468117536e-04
1.778799472635404842e-04
1.500703955470170472e-04
1.126079803280946226e-04
1.376427836172903541e-04
1.310354081215336875e-04
1.291670368259979719e-04
1.475348527957168025e-04
1.070337619684222672e-04
1.604813605728041691e-04
1.446855143876746275e-04
1.656038808869197835e-04
1.628228073241189003e-04
1.142632018955838289e-04
1.322276167209363701e-04
1.155949618421598383e-04
1.107893354815637929e-04
1.272303532136397194e-04
1.218592585387846599e-04
1.246313075534999403e-04
1.782650667397926356e-04
3.539651252665660308e-04
1.282331475845745021e-04
1.114004993643094219e-04
1.338850739153308971e-04
1.474015719981657045e-04
1.440209171980516057e-04
1.460406602968254946e-04
1.089375308947637693e-04
1.058515014463207730e-04
1.049912222273026929e-04
1.066623688287412060e-04
1.409976041435988280e-04
1.472631933413342511e-04
1.212797094679747952e-04
1.298373433787168693e-04
1.666106983450137938e-04
1.244246425792678310e-04
1.356160286296572901e-04
1.480762432846758215e-04
1.575810297961450243e-04
1.546563052235998986e-04
1.890340553493135450e-04
1.262681473033606082e-04
1.512083182913354605e-04
1.290576079756849276e-04
2.115199713605559471e-04
1.637027239323490162e-04
1.153573549042145375e-04
1.434205543935402499e-04
9.960701294605516767e-05
1.597632600977603003e-04
1.207481684913444829e-04
1.421701258772777065e-04
1.523937189873928865e-04
1.932620655538307359e-04
3.287738207210269244e-04
1.775470304872012910e-04
1.591969594462878110e-04
1.732617616006690525e-04
1.335605799815514074e-04
1.056236796042261001e-04
1.033698974384201873e-04
1.405610094985200377e-04
1.476391024577121012e-04
1.622634623264376601e-04
1.160757728697111169e-04
1.377561327535658988e-04
1.608749940189429541e-04
1.326258174635262983e-04
1.099023480653866315e-04
1.181180266818652503e-04
9.419487711663047924e-05
1.033466241400068041e-04
1.360302739906021354e-04
1.388029218651354335e-04
1.046834736997779035e-04
1.232340247629003412e-04
1.509789455061157472e-04
1.369034642832250251e-04
1.131404944398026495e-04
1.113498842783479273e-04
1.774491239403788354e-04
1.271470464093403811e-04
1.242475127542598328e-04
1.141411287244409274e-04
9.924436104483901858e-05
1.445079501071530994e-04
1.090054151265778518e-04
1.171872138770090272e-04
1.123831438599154331e-04
1.454529263234386794e-04
1.196329924924713009e-04
1.001236915342613223e-04
1.345041797806819305e-04
1.524947402584883854e-04
1.183497530615164128e-04
1.494290149356756027e-04
1.309663513934032728e-04
1.034319310888854958e-04
1.040654577728774801e-04
1.515181800803273133e-04
1.404143532272428393e-04
1.959287447647915846e-04
2.278963542388131160e-04
1.838300327977372434e-04
1.358608468500380011e-04
1.529784090558273895e-04
1.399921191882135224e-04
1.509382614232082328e-04
1.265735076999084771e-04
1.088395148205260459e-04
1.385199395655136952e-04
1.227149375093479901e-04
2.835624470996360208e-04
1.801486736318717299e-04
1.179597722107751553e-04
1.216629640354464437e-04
1.171149297927816712e-04
1.325425105298765722e-04
9.626231967963071580e-05
1.016889762185100069e-04
1.401943930088438996e-04
1.131299195953437827e-04
1.444551238091662461e-04
1.493752115574251550e-04
1.662882733055286849e-04
1.123727682150072469e-04
1.097750898851599147e-04
1.240688302398969788e-04
1.293404644820839037e-04
1.570091198017406855e-04
1.178312622424628972e-04
1.354735421611823990e-04
1.386769112044324492e-04
1.256100828241970841e-04
1.792241656868201298e-04
1.102003219097645733e-04
9.724728006403893503e-05
1.013678405433893198e-04
1.105684098891086055e-04
1.015967025887221130e-04
1.097633609444730805e-04
1.416807317744112613e-04
1.342436950007039689e-04
1.513250649441033504e-04
1.229627675557922871e-04
2.859278779942542336e-04
1.504059833112276296e-04
1.074393317362086654e-04
1.350412519402905396e-04
1.024384641722362081e-04
9.563097552422226511e-05
1.000361642864946754e-04
9.987059049308299639e-05
9.361283520572922742e-05
1.151486041878039705e-04
1.134088187892403840e-04
1.108640350220311069e-04
1.140281997828019960e-04
1.387030615781744206e-04
1.144733738490483845e-04
1.219769543321389340e-04
1.243033409506703445e-04
1.030391570465225291e-04
1.209865483300139456e-04
1.341671586528213540e-04
1.314190065022557887e-04
1.261644695316337952e-04
2.271465554885152222e-04
1.287742567041681870e-04
9.727976246116061608e-05
1.391420547022587855e-04
1.385165355815034768e-04
1.081749391030623747e-04
1.205117431365781381e-04
1.126903402231012720e-04
1.143101294292137065e-04
1.194821187527850227e-04
1.228133703181002589e-04
1.114276089032905027e-04
1.111307718868677791e-04
1.284068998777203980e-04
1.338931311491048956e-04
1.175035216793831802e-04
1.150729304774560834e-04
9.924917617657532005e-05
9.810866380576044375e-05
1.101730673043574714e-04
1.239460083565467868e-04
1.121587833363769845e-04
1.400507761475940462e-04
1.990892425076001327e-04
1.318081375858229116e-04
1.271796129812072663e-04
1.763099543879636329e-04
1.128740882914927324e-04
1.719913161489077804e-04
3.565815568435937166e-04
2.900321996356878271e-04
1.533352570064986785e-04
1.072873624636688116e-04
1.055017244329469037e-04
1.019889973880102219e-04
1.130623413418005782e-04
1.103843802896638737e-04
1.360449139934240097e-04
1.171786462267239832e-04
1.029361400934350132e-04
9.899365191813558286e-05
1.149632942785198502e-04
1.154052315137556054e-04
9.499118294722090237e-05
1.026634599030431822e-04
1.715394493334719724e-04
1.472248128266073709e-04
1.112737615929088720e-04
9.276272528546138617e-05
1.472991520293160436e-04
1.301852618861529557e-04
1.267951226004192320e-04
9.538492562973664355e-05
2.036897664139461224e-04
1.200343443391223703e-04
1.079385551727480333e-04
1.097408803697261513e-04
1.090222579336518277e-04
1.123553672611402997e-04
1.051350231217737849e-04
9.756820767910943579e-05
1.196553216302870926e-04
1.028591473328156649e-04
1.018758671772148928e-04
1.041850784612405626e-04
1.062941933762178662e-04
1.795615320507850862e-04
2.447602463265260249e-04
1.669504778692498868e-04
1.036617615803455360e-04
1.018156168801296062e-04
9.280945326382707779e-05
9.565447214602803335e-05
1.052932296362188094e-04
8.964759433486809478e-05
9.124925411823722895e-05
1.441753253392461247e-04
1.053977792616933617e-04
9.605194325558841608e-05
1.008709438287446126e-04
1.349566122775690453e-04
1.598282054247748623e-04
1.270019252681069914e-04
1.395445934031158610e-04
2.451043997684286503e-04
2.350088465027511250e-04
2.357944015723963474e-04
1.515810421874953567e-04
1.120165809859625114e-04
9.708332289139636514e-05
1.199140812322083420e-04
9.861883189943101177e-05
1.122994453180581348e-04
1.458977182887287644e-04
9.934252457848439578e-05
9.053266995276014516e-05
1.065233852973000836e-04
9.305812298811765807e-05
9.836945643958945943e-05
9.408916595728239441e-05
9.511360371511222618e-05
1.122239098832425208e-04
1.132710333654863926e-04
1.659057897308634320e-04
1.041164318384188691e-04
1.062765026452123281e-04
1.063984836218878643e-04
1.342773247354974461e-04
1.708600005238420380e-04
1.116721818753932020e-04
1.124824110754869079e-04
1.808081432763073164e-04
1.656860044588231344e-04
1.796868600649759173e-04
1.207500569742276438e-04
1.299163933274232786e-04
1.390140674387415156e-04
1.024643429749024393e-04
