8.725157820516162011e-02
5.604094641076193956e-02
5.084234587020344115e-02
3.532527943452199587e-02
3.090932230982515461e-02
2.709947800470723089e-02
2.342123546534114267e-02
1.795187559806638369e-02
1.535830669932895277e-02
1.241043006380398994e-02
1.064091062380207939e-02
9.496908891532155478e-03
7.098906841129064282e-03
5.671211069242822200e-03
4.933892182177967642e-03
5.335670531623893167e-03
4.505952315198050520e-03
4.786524331818023913e-03
3.779903074933423004e-03
3.391463384032249520e-03
2.881720581402381475e-03
3.117085450018445593e-03
3.137844945821497387e-03
2.646000147279765988e-03
3.240695914460552888e-03
3.434860213763183887e-03
3.319330056094461218e-03
3.366630075292454793e-03
2.801872173117266572e-03
2.489931562708483891e-03
2.390961997831861016e-03
2.426744213120805068e-03
2.404280946486526266e-03
2.324677810279859522e-03
2.292824803541104045e-03
2.143278587092128148e-03
2.331560928788450112e-03
2.139597378878129851e-03
2.831261194207602104e-03
2.124786114113198527e-03
2.202949616023235947e-03
2.229948981354634100e-03
1.915660471034546673e-03
1.828679021240936465e-03
1.896420294522411240e-03
2.385026578687959257e-03
1.885356454489131800e-03
2.169090382651322341e-03
1.825260139173931484e-03
1.843165968441301018e-03
1.846549011663430268e-03
1.782260236019889534e-03
1.707102885055873046e-03
2.455467753526237307e-03
3.338073549999131303e-03
3.199827589301599412e-03
2.566119320690631988e-03
2.522639644642670972e-03
2.288956876016325429e-03
1.837669568032854151e-03
1.526967391578687612e-03
1.641402036572496038e-03
2.175033895505799116e-03
2.241676494272218812e-03
2.019922969241937094e-03
1.937583728382984887e-03
2.005739961233403944e-03
2.331501337596111802e-03
1.957772144426902280e-03
1.825878800203402852e-03
1.559870832910140257e-03
2.550237802788615435e-03
1.672963428621490698e-03
1.580524009962876696e-03
2.012026147502991684e-03
1.688511355573104559e-03
1.696378912569747972e-03
1.717984094801876293e-03
2.317575132474303332e-03
2.272675849704278769e-03
2.280936512268252024e-03
3.182769288412398787e-03
3.526501123689942865e-03
2.585320720035168968e-03
3.220811524531907565e-03
2.004019038544760812e-03
1.460352569508055779e-03
1.490179751482274741e-03
1.535324578483899475e-03
1.519168740552332558e-03
1.278858241728610557e-03
1.346722927668856295e-03
1.267278477963474075e-03
1.307776284714539782e-03
1.305328508735530829e-03
1.387684866268601696e-03
1.479117635430561096e-03
1.467340625822544098e-03
1.600843899779849601e-03
1.512498196421397951e-03
1.750850663002994278e-03
2.114145291658739260e-03
1.408075202359921306e-03
1.560923309168881770e-03
1.874885040128396662e-03
1.465941365911728770e-03
1.531538997983766847e-03
1.562072857179575436e-03
1.684353218103448475e-03
1.474915469168788925e-03
1.226442696319686053e-03
1.480337567627430058e-03
2.179298991751339558e-03
2.024173301955064022e-03
1.632217253661817939e-03
1.216550788635181084e-03
1.107539928828676565e-03
1.278102305303845066e-03
2.272902696082989248e-03
1.583566032867464836e-03
1.339901378378271970e-03
1.113429501549237236e-03
1.061605200585391800e-03
1.238432852551340970e-03
1.257378274781836358e-03
1.238777515374951850e-03
1.253906368898848695e-03
1.119070896982318720e-03
1.151678479380077681e-03
1.391101080096430196e-03
1.803792379796505035e-03
1.282906649220320839e-03
1.141370680286652589e-03
1.108362545880178622e-03
1.365887717240386531e-03
1.864530145087175874e-03
1.716027914856870992e-03
1.410056270865930406e-03
1.431610428003801281e-03
1.142585700274341550e-03
1.223021214827895191e-03
1.471003763791587510e-03
1.360152383438415023e-03
1.550749160556329654e-03
1.288478899126251553e-03
1.086612547644310580e-03
1.185515801836219000e-03
1.445060697798099866e-03
1.456751309645672654e-03
1.416802195211251669e-03
1.642111788193384827e-03
1.529924575653341182e-03
1.488018954276210809e-03
1.112640544565187458e-03
1.538524434177412003e-03
1.445916838323076537e-03
1.721602082252502363e-03
1.628788842095269104e-03
1.334790583803421816e-03
1.393343141923348086e-03
1.166995734804206512e-03
1.106055978064735641e-03
1.112478717954622481e-03
1.043087531709008687e-03
1.380919609218835735e-03
1.393456074098745967e-03
1.162373943564792454e-03
1.135602734672526469e-03
1.164229873360859025e-03
1.151681569818821136e-03
1.258327848174505730e-03
1.229396868083212089e-03
1.356908390815887233e-03
1.210743773004247003e-03
1.020984724681410537e-03
9.513952205371525124e-04
9.625870343815121685e-04
9.316939632925722676e-04
1.048498879083328839e-03
1.004757603837384177e-03
9.794144459172255193e-04
1.038933920467065546e-03
9.305368115504582737e-04
9.046755875978205194e-04
9.632451113106475999e-04
1.061614026418990480e-03
1.268955804924997962e-03
1.262663951557543504e-03
1.467697844944066549e-03
1.671868877278433890e-03
1.660786475986242208e-03
1.920906975347962554e-03
1.602777089509699023e-03
1.339611706013480851e-03
1.136854089693062732e-03
9.702685485697454433e-04
8.826459325953489718e-04
8.745621219794783366e-04
9.341795680423577684e-04
1.151831624770743899e-03
9.346880246367719313e-04
9.235657260028851947e-04
1.072059850104980974e-03
1.124335405054605703e-03
1.156043455573833693e-03
9.579770525710450037e-04
1.102034476482205904e-03
1.211714154212839133e-03
1.349531312266157761e-03
1.549039844216571968e-03
1.705000557833247611e-03
1.590088603811131655e-03
1.329950003160370719e-03
1.180961655659808034e-03
9.670920256111357333e-04
1.009270653594285293e-03
1.144211177403728222e-03
1.107745230611827635e-03
9.628305579018262136e-04
1.056373462908797873e-03
1.015567547745174727e-03
8.932003027035129985e-04
1.125748853923546006e-03
9.859561935688058044e-04
9.834354939974017471e-04
1.310939334539903489e-03
9.494911232549282975e-04
1.114903320040967673e-03
1.025085352982083899e-03
1.101562182625962687e-03
1.003428363603436207e-03
8.909092507221632500e-04
1.333181054020921323e-03
1.128450239387651221e-03
8.996260657699571301e-04
9.775168490078714901e-04
1.337917391210794544e-03
1.168430851151545762e-03
9.019059258409671976e-04
1.062699328694078748e-03
9.474442252475354445e-04
9.397175388100246617e-04
1.034037295418480931e-03
8.732213131669494923e-04
9.170203738742404307e-04
1.101202248181733755e-03
1.957994553053544595e-03
1.244518596213310940e-03
9.722895082086324995e-04
9.098109054482645883e-04
1.741258321433431606e-03
1.087135940583215839e-03
1.040825265097535283e-03
9.969672622780006120e-04
9.661272628646757742e-04
1.066069903317838933e-03
1.025542828202661563e-03
8.212672039452525953e-04
8.666037980260121038e-04
1.067079354284538196e-03
1.079253468455539837e-03
9.953339858394529786e-04
9.110933270615836259e-04
8.437194623466994902e-04
9.435962471697065734e-04
9.249611928438146707e-04
7.886198569192654243e-04
7.991904310054248964e-04
1.267318190075457027e-03
1.015855652383632112e-03
1.157085386415322671e-03
1.157951007286707641e-03
1.056533314080701893e-03
1.032431376063161401e-03
1.027546219734681897e-03
9.140421920973393387e-04
9.331653098989692394e-04
8.187805791385471951e-04
9.293960065891344879e-04
9.521029185917642039e-04
1.099432580586936830e-03
1.481569691871603266e-03
2.301310473121702827e-03
1.433260585698816489e-03
1.046233901547061109e-03
9.108083990092078744e-04
7.752786178348792991e-04
8.179163984540436519e-04
9.491668556195994623e-04
9.127205858627955625e-04
8.876492287446227560e-04
7.907764132445057595e-04
7.937075549529657922e-04
7.570502084369460857e-04
1.303308095989955768e-03
1.164497816935181626e-03
8.782909461297095126e-04
7.986580197595887637e-04
7.177900507425268766e-04
6.838424162318309466e-04
7.088993106865221130e-04
7.295554876327514562e-04
9.081751097821526590e-04
8.108494394562310503e-04
8.220138506860369312e-04
7.943044069947468406e-04
8.148384435723225565e-04
8.075457552654875283e-04
7.650876086619165647e-04
9.235724279036124995e-04
8.943000109866261049e-04
8.632768706108133201e-04
8.365523328797685185e-04
7.928607729263603340e-04
9.457432390708062032e-04
8.117162614750365879e-04
7.919648522511124914e-04
7.552607709334956468e-04
7.660187198780477264e-04
7.767251853106750363e-04
9.264557071340580882e-04
1.071764019628365780e-03
1.019195428945951975e-03
9.139531643854247695e-04
1.123322372117804184e-03
1.489504493979944191e-03
9.917907419407533988e-04
8.141348904205693033e-04
8.460389574368794730e-04
8.905174319321910352e-04
8.502840165359278795e-04
7.366432472028666169e-04
1.071337540116575060e-03
8.625773244744373413e-04
8.656956193347772411e-04
7.456693575820989330e-04
7.174366570284796980e-04
8.906834241416719490e-04
7.554705125383204354e-04
7.876831831203566199e-04
7.441353184791902210e-04
7.692742404631442094e-04
8.824271721661918659e-04
8.004743210040032387e-04
8.915107614464230388e-04
7.514607205262615035e-04
7.574548675782150683e-04
8.239092429478963404e-04
7.647204805269009137e-04
7.578513926515976834e-04
7.666769659974508565e-04
1.104862991616957675e-03
9.085072209644648455e-04
7.675524273266394731e-04
7.474105815506643970e-04
7.058683257653481941e-04
7.868508585832184815e-04
8.435848952891925870e-04
8.047234184212154542e-04
7.843623481070001848e-04
9.879825191779268746e-04
1.060700360168185565e-03
1.019375443768997993e-03
8.711532441278298754e-04
1.152735989954736459e-03
9.197106667690807189e-04
9.915236813119716972e-04
8.087669874334500438e-04
8.608709464574025930e-04
8.221900913243492199e-04
8.366712053409881226e-04
7.350498955282899673e-04
7.158950457556380233e-04
7.678212033998634868e-04
7.987389475521114359e-04
8.559134793985221029e-04
8.494446509414248746e-04
1.173710685947703053e-03
1.196909053251147322e-03
9.957040903261966426e-04
8.429035249476631280e-04
7.584080358760224424e-04
7.054781779232951805e-04
7.670528643454114885e-04
7.494700555172231077e-04
9.405550267547369177e-04
8.486452659902473826e-04
7.206356716859672234e-04
6.809505049346221538e-04
7.547957310453057246e-04
7.476451610111527766e-04
7.515008571661181387e-04
8.214933725280893937e-04
7.255897761529518132e-04
7.471846134608818319e-04
9.077044271139635091e-04
8.133105571485227695e-04
7.948334822948608389e-04
7.800245093595650899e-04
9.985371886028183378e-04
1.019493322819471463e-03
1.013653922515610770e-03
1.016583220722774633e-03
7.753995428275731140e-04
7.610515859495434448e-04
8.952570590190589515e-04
8.175755051585535151e-04
6.894289280494882372e-04
6.196978659782972085e-04
5.974495038390159780e-04
6.643803276690757971e-04
7.535378355532884294e-04
7.274967672613759633e-04
8.257086171458165227e-04
9.884624090045689929e-04
7.486630815805660850e-04
8.182625793334510509e-04
8.879118029856019646e-04
8.438044426859253253e-04
7.623950107437041249e-04
8.051419697908891900e-04
8.117694242133034277e-04
8.575079075267745153e-04
8.397439282594455464e-04
7.238908256921503231e-04
9.884084587813250777e-04
1.066337285252908851e-03
1.200332829935683247e-03
1.063728558365255620e-03
1.016657302776972352e-03
8.186257446909116003e-04
8.361784622280133816e-04
7.110816949150629025e-04
7.307319402591221699e-04
6.441358968408571108e-04
5.742834482548965025e-04
6.085283534290889451e-04
6.171755011503894965e-04
9.544387351100643447e-04
8.595605225612720215e-04
8.279681630018685115e-04
8.570705509434144035e-04
6.962903912386132462e-04
6.611803127452730742e-04
6.697632170592745030e-04
7.601594857664571670e-04
8.397852106847696627e-04
7.413113911429213606e-04
7.133014820930030572e-04
6.525321599716941414e-04
6.727243706377016063e-04
8.981825613106290268e-04
1.023067306571950452e-03
7.695961709962123023e-04
6.950540897539920701e-04
6.401574456443389531e-04
6.916129780519340159e-04
7.037407966951528910e-04
5.952737035436762294e-04
1.680197305459943174e-03
1.036840958210329252e-03
7.213061227877106719e-04
6.078104623075988562e-04
7.152055048694213419e-04
6.994059407669637367e-04
7.324165377455453063e-04
7.726523673368824573e-04
7.503517768863174429e-04
7.874484624092778062e-04
6.907710117391414146e-04
7.314505640210376908e-04
7.377597648236486902e-04
1.185023268788225077e-03
8.138910494744777549e-04
8.611716125677857606e-04
7.969639786622590132e-04
7.189215662785702291e-04
6.972364760521385227e-04
6.208159381316767644e-04
7.318643071792191659e-04
6.184212503851288295e-04
5.777506121537751829e-04
5.879584182467725807e-04
7.957558768490950556e-04
6.935599596343106597e-04
6.050909067400627762e-04
6.599646157378123799e-04
6.578139859872559649e-04
6.523645384651090935e-04
7.472985486189524318e-04
6.908704599158631016e-04
8.085095103726618916e-04
8.764772316337460017e-04
8.091080457799964447e-04
7.272597588598727920e-04
6.788702560071316556e-04
6.660016486421227021e-04
7.379761415844162797e-04
8.697099911255969356e-04
8.089645460454954022e-04
8.035885677155521316e-04
7.747235612219406133e-04
7.274286655916108136e-04
7.629301745651496502e-04
9.436159940539963140e-04
8.909506286080512991e-04
7.852007422803177275e-04
7.580499413112799052e-04
6.382221431057486351e-04
6.634727529146605424e-04
5.875597319876154625e-04
5.721339645485082901e-04
5.878706848145359102e-04
8.117810572083625307e-04
7.488302591567237753e-04
7.864567981515493489e-04
8.705261209979653836e-04
6.487784801154501376e-04
5.891622675375805850e-04
7.619570218957961126e-04
7.218259724322706071e-04
5.913790004948775263e-04
6.947602266963156864e-04
5.905182641516956883e-04
6.609170296643343719e-04
6.483201488542059522e-04
8.045844335315956121e-04
7.249028026126325304e-04
6.312522488749689256e-04
7.754657290772431610e-04
8.414835607012113384e-04
7.653576621992720175e-04
6.600942260896166050e-04
6.198478829012148963e-04
7.698877947404980443e-04
7.791016142194469307e-04
7.885457370947632433e-04
7.483543678083353409e-04
8.102496193411449664e-04
8.933495192064179729e-04
7.705752075546318074e-04
7.339015882462262717e-04
9.528305723021427386e-04
9.077710516026450422e-04
8.244532346725464258e-04
6.830541603267192364e-04
7.026159522744516430e-04
6.506656767386528872e-04
6.413116311240527447e-04
6.173651344660255899e-04
5.737640641422735686e-04
5.940619656919605366e-04
6.604657904244959831e-04
7.342739134199089595e-04
7.231864736725886851e-04
6.649398265613450012e-04
6.825647650596995989e-04
6.496189964107341140e-04
6.934704227993885575e-04
6.107538278835515470e-04
7.151802706842621616e-04
6.445535608670777909e-04
6.666137733393245803e-04
7.344593433663248712e-04
6.890001329075958955e-04
8.500456473686629185e-04
7.300986960116360091e-04
8.552097813743684239e-04
1.032077939146094827e-03
1.045301573920167249e-03
8.017393103283312721e-04
7.862330512661072504e-04
6.900678973438010904e-04
6.228135226087437712e-04
8.515193988569081307e-04
6.843761077875064542e-04
6.181589281186461188e-04
5.891725951288309844e-04
5.495146253249711364e-04
6.090801990487509140e-04
5.872400612052943543e-04
5.909413466643956411e-04
6.056383272839917144e-04
5.795305850915611137e-04
5.699301057029515592e-04
5.279920369179711987e-04
5.331102665513754238e-04
5.783701532830795144e-04
6.071225605491135068e-04
7.634048764076497651e-04
9.893434091160695307e-04
6.835671966998941619e-04
6.257886444735857780e-04
6.942437170073390137e-04
7.246899682407577934e-04
8.893050462938844811e-04
6.592257258792717746e-04
5.572502322805424763e-04
5.250961998374098190e-04
5.512184934276673437e-04
6.817405582923028113e-04
7.144714985042810917e-04
7.671754980563289666e-04
7.890942423707909218e-04
6.616153231718474104e-04
5.786213369315697502e-04
5.297549068927764893e-04
6.381332253416379654e-04
6.180381159194641393e-04
6.711128742123643586e-04
6.190876979639546888e-04
7.085330106524957185e-04
8.370038758342464996e-04
7.580588067260880976e-04
6.717925699841645164e-04
6.229646943716539735e-04
6.503792164019412628e-04
6.024396543701489651e-04
6.604701011545128500e-04
7.049430725682112901e-04
7.192798010591003148e-04
8.034638126587701672e-04
7.948599121947255448e-04
8.378340495336386671e-04
7.816968651281463315e-04
5.999667817054109677e-04
5.369197649674283370e-04
6.382323410879406312e-04
7.518393748129407984e-04
6.426197360269725323e-04
6.829685257333848293e-04
7.759711808628506034e-04
8.812534715980291020e-04
6.389779677718049593e-04
6.663624492163459662e-04
7.999328567853404267e-04
6.488198818018039082e-04
6.427803886536922594e-04
5.591975105926394506e-04
5.463303167683382670e-04
6.817761591325203520e-04
6.735322042368352500e-04
6.712292978126141625e-04
5.576764243758387286e-04
5.760117977236708367e-04
7.521670803220735198e-04
6.004143004409140784e-04
6.478897559766968409e-04
8.810354194914301555e-04
6.738107532469762417e-04
5.852811157496439149e-04
5.644128435394829774e-04
6.553361686463985650e-04
8.464380524431665926e-04
6.076173212689658237e-04
6.085827708658244966e-04
6.814487635468443206e-04
8.409172557811769996e-04
6.393893787430392911e-04
5.820878941772713016e-04
6.243007441258264373e-04
6.006853116883171910e-04
6.246386812482442909e-04
6.780416857347720209e-04
6.520098085618681195e-04
6.088150603075822426e-04
6.070449829308523226e-04
6.509156395784682688e-04
7.204468320641253028e-04
8.812701117454303703e-04
7.069357815716001978e-04
6.601448375214305584e-04
5.937843921128660267e-04
5.438419377120832067e-04
5.115920906731237982e-04
5.610394701620356533e-04
6.661688091440333198e-04
5.262227428870069196e-04
6.041934092839558413e-04
7.852129226860900518e-04
5.940665860867334804e-04
5.685452780582838078e-04
6.660935362904435659e-04
5.408800036335985068e-04
6.402091966528031816e-04
5.731707769963475954e-04
6.024012145482831324e-04
6.609455573682983471e-04
6.562756338260240015e-04
5.701369088557031034e-04
6.074475341786941167e-04
6.584099928538004673e-04
6.390554902868138872e-04
6.142755569372740322e-04
6.391090174050380324e-04
5.242923753232592212e-04
6.442252016212377235e-04
7.995263481926586811e-04
5.681623515879942726e-04
6.333297304809093432e-04
6.106837130048208689e-04
5.596909922961559999e-04
5.247886218906690518e-04
5.213622673828568902e-04
6.763900355953309570e-04
7.947399694886472755e-04
9.131449647247790770e-04
7.265605407560036784e-04
8.063419199445181563e-04
6.608143893794880906e-04
6.082127258802453532e-04
6.142016831371519730e-04
5.604754613401989561e-04
5.888850174637304778e-04
7.588542066514492035e-04
5.999050542919171771e-04
5.580642234740985355e-04
6.531886316628919900e-04
1.076776412212186469e-03
9.223077275479833704e-04
8.018748462200165315e-04
6.864482728350493508e-04
7.411490934383538169e-04
6.973298445033529946e-04
5.571082026128553735e-04
5.313561662721136714e-04
5.188042419548663953e-04
5.325360296087132796e-04
6.562499381187889480e-04
6.564883789461520118e-04
5.802681840335329822e-04
6.316355072582761476e-04
7.276807200267082585e-04
7.733852530105246635e-04
6.289524259045720317e-04
5.350755240457752892e-04
5.701703917131655365e-04
6.153887924220827286e-04
6.262191409607314931e-04
5.642570666451420707e-04
7.176960624443988078e-04
5.806680248739818934e-04
6.368301098700613044e-04
7.794754398572776221e-04
6.154032581899729175e-04
5.607443605549633373e-04
6.741009639679557651e-04
6.316423405789666889e-04
6.133927955913046808e-04
6.788978704975710821e-04
6.548838542463879123e-04
5.741518037393689633e-04
5.130387661564680783e-04
5.936287452156345512e-04
6.249006775518257993e-04
1.002035949172245220e-03
8.738930031864179703e-04
7.230657230441768892e-04
5.979071234145926254e-04
5.890593910589813796e-04
5.531305840445889348e-04
5.141269808842075743e-04
5.542835992916176659e-04
4.905094979848298887e-04
5.148056408183442588e-04
6.116931277534199980e-04
5.450981953698727771e-04
5.125978265682028245e-04
5.956754008204572740e-04
6.580256502557959479e-04
5.796696807050870197e-04
5.500702471989723889e-04
5.181565911819537365e-04
5.601752270013093471e-04
5.255411420431401913e-04
5.423570989579375862e-04
5.674962073357568693e-04
5.505353295140796507e-04
5.166772176097664693e-04
5.406652622494018427e-04
5.729110352694988598e-04
5.877015470630592847e-04
6.129206383290390203e-04
6.711400514985951847e-04
7.725529602935745027e-04
6.364405543232957594e-04
6.044434931957059273e-04
5.820466588354772939e-04
5.257655636200474214e-04
5.076944615898860459e-04
6.392932331396473239e-04
6.084444410064153907e-04
7.177711565357943867e-04
7.296650241025619613e-04
7.279517180803749031e-04
6.632595361831287398e-04
6.079459575832718262e-04
6.267243525427248834e-04
5.480915570579882870e-04
5.475457104492105053e-04
5.187373564371632224e-04
5.127424058607882871e-04
5.583757891630133181e-04
5.452838756092306602e-04
5.757500032066470604e-04
6.031447209210859684e-04
5.354580853600054632e-04
5.380589326119257325e-04
5.011242084826031786e-04
5.141709825127488854e-04
6.047276526482568346e-04
4.975387422988811681e-04
4.845916962302807126e-04
5.563375417194846555e-04
5.584342253860085899e-04
4.732910927850752830e-04
5.501951913659771688e-04
5.586757741144134266e-04
5.679448855678654803e-04
5.651041821369694358e-04
5.031080631953146988e-04
4.952780457420482077e-04
5.307505983445379508e-04
5.647601218273242503e-04
6.458467327886157532e-04
9.760431223548948852e-04
9.429551676536599304e-04
7.389252534550097779e-04
7.058697969963153261e-04
6.238861387181613436e-04
5.250459579595674912e-04
4.938973476075463487e-04
5.348831093094000679e-04
5.901407119300630362e-04
5.957925974184440782e-04
5.318549394400583046e-04
5.301741784852412450e-04
5.023203033488243601e-04
5.234859281012581387e-04
4.726363223097804472e-04
4.718748516299658231e-04
4.979238309897482005e-04
5.416654490141405241e-04
5.551060521975159298e-04
5.027245631855395110e-04
5.258199525997042656e-04
6.104049632429249224e-04
6.378898583352565939e-04
6.539780693128704851e-04
6.099264023618566162e-04
5.461280027197467366e-04
6.681850376642412600e-04
7.369032015817032766e-04
8.252905433376630639e-04
6.489431687320271810e-04
6.455335851448277748e-04
7.246850154155658284e-04
5.930136321371213843e-04
5.644549871794879350e-04
5.708538978877994484e-04
5.462274726273284821e-04
5.799647366317609931e-04
5.997520395451121393e-04
6.650468994242449096e-04
6.002454501059320286e-04
5.163903699980841805e-04
5.645158410900168872e-04
4.983360290579083628e-04
5.655744238497895787e-04
5.373872621243612350e-04
5.551324526054991510e-04
5.596846265770081229e-04
5.412228775417639217e-04
5.150920763197872759e-04
4.970313727648721300e-04
5.003400853214164329e-04
5.122377815294182433e-04
5.814822157844901302e-04
6.195236131962802897e-04
9.156732649231950211e-04
6.758566169689099500e-04
6.534471518049637072e-04
6.940542068332433961e-04
7.135197494385971421e-04
6.371470504543847195e-04
7.923519026695026793e-04
7.053856957807308784e-04
5.788867960735741671e-04
5.650247987877163270e-04
4.878794971025652563e-04
6.160193226403660148e-04
5.503220863950749123e-04
4.904805346288615333e-04
4.751344981034182611e-04
4.604021123506956423e-04
5.054238057022707046e-04
4.735582316708233756e-04
5.635153564314047915e-04
6.869888233227861712e-04
7.003498594794008028e-04
6.591651195453272728e-04
5.391887611606054802e-04
5.920447440197070758e-04
6.302281660545203243e-04
5.905306385830044269e-04
6.205859244801104069e-04
5.048690257697469258e-04
4.856617001092268559e-04
4.428216954693198096e-04
4.635758496200044834e-04
4.636784262644748095e-04
5.044666532840994151e-04
5.322982660598224534e-04
5.870650289580226161e-04
6.106560672115947993e-04
8.074635298301775788e-04
6.996950905563102414e-04
6.082593380577034584e-04
5.768362308541933508e-04
5.659463146649714935e-04
4.852757903022898831e-04
5.319272487476053770e-04
4.850619714448435225e-04
4.790366394445299994e-04
5.846635702376564879e-04
6.017908554834624406e-04
5.495135832784904572e-04
5.738691033588514973e-04
4.989984812628891955e-04
4.422811368325104265e-04
4.870384597840408318e-04
4.902625169294575619e-04
5.135911439235011375e-04
6.686718769681950251e-04
6.317671504803001881e-04
5.461358766640640435e-04
5.374421324166986542e-04
5.049547506496310538e-04
4.607113185597376580e-04
4.507802358259343188e-04
4.607073732444809280e-04
4.581095663727157634e-04
4.766991528837631283e-04
4.884258215315640363e-04
4.799650865606963851e-04
5.079274484887718677e-04
5.677963407813675038e-04
7.044683370946182559e-04
6.487074680626392061e-04
8.793410105216834145e-04
6.362002154087854954e-04
5.596939112163252638e-04
4.931068078925212109e-04
4.732076467997912007e-04
4.464236436049557255e-04
6.183730368502438545e-04
7.430662121623754675e-04
5.688554899663560626e-04
5.311354551102138001e-04
5.902670556679368453e-04
8.210135008104973422e-04
6.239704464355277100e-04
6.167679841423199909e-04
5.690758861601352301e-04
5.660601925208336507e-04
5.245078525816400643e-04
5.605614231899380641e-04
4.664644014297260333e-04
4.745413337109817358e-04
5.000299712022146037e-04
5.056485326753722706e-04
5.003141509627716558e-04
5.175914341169926504e-04
4.393954873861124024e-04
4.763450786574846942e-04
4.625514110860725280e-04
4.857178906806641360e-04
4.406486878482004086e-04
4.698153942202528506e-04
4.823975735861394374e-04
5.235297098341915424e-04
5.777711334586557290e-04
6.504278298881319273e-04
6.232247434349524016e-04
5.343574095362176079e-04
5.472407228727308023e-04
4.979978300010165070e-04
6.075270473957061334e-04
5.934702568790978759e-04
6.663466188021831662e-04
6.782857044082548584e-04
8.967557026901178466e-04
7.307411373282472191e-04
5.598674830980598449e-04
5.767728478854729050e-04
5.032906272552079398e-04
5.049817266667054822e-04
5.852918991715544243e-04
4.891308658342394299e-04
4.731742890241245458e-04
