1.176027382413546291e-01
8.023110376463996052e-02
7.960041056076685995e-02
7.869859576225281261e-02
7.765537159310446913e-02
7.107972890138626598e-02
6.909825699196921189e-02
6.124565154314041276e-02
5.333601127068201414e-02
5.082416729794608096e-02
3.901942213376363017e-02
3.714150831103325140e-02
3.621417562166849569e-02
3.552711957030826179e-02
3.484742203520403703e-02
3.424482794271575120e-02
3.212490749855836242e-02
2.601559956868489468e-02
2.439659381078349357e-02
2.311567783355712724e-02
2.316252893043889080e-02
2.158386723862754097e-02
2.104083975156148187e-02
2.023173517651027931e-02
1.969408300187852623e-02
1.907089586059252523e-02
1.844465437034766009e-02
1.795010438395871002e-02
1.763406444754865576e-02
1.734274278912279268e-02
1.650417067110538510e-02
1.630878802802827529e-02
1.589197711812125394e-02
1.628789519270261096e-02
1.554427108003033492e-02
1.599515581296549749e-02
1.484526820894744616e-02
1.528885994106531088e-02
1.576880457914537834e-02
1.551120527916484415e-02
1.418030166791544970e-02
1.365813058283593846e-02
1.392017762694093899e-02
1.500083350059058969e-02
1.356408879574802148e-02
1.430759725885258696e-02
1.365444859282837972e-02
1.343862486796246550e-02
1.226691980328824781e-02
1.257549819019105654e-02
1.358276051779588010e-02
1.214467026707198929e-02
1.190107107162475565e-02
1.225452617224719737e-02
1.430930667039420796e-02
1.276155099272727883e-02
1.275482220368252817e-02
1.148797327445612998e-02
1.093062457938989013e-02
1.054185176061259339e-02
1.013303096509642065e-02
1.060127192073398103e-02
1.060979560017585692e-02
1.015027963866790145e-02
1.024102761513656992e-02
9.632645265923606495e-03
9.806790500879286956e-03
9.843891788687971281e-03
9.796925187110901156e-03
9.717939082119200420e-03
9.793987307283614011e-03
9.751705490052699210e-03
9.576638941135671296e-03
9.028083514422177713e-03
8.892184276547697094e-03
8.566241951452361822e-03
8.718199990689755319e-03
9.405692774388525745e-03
8.398595319853888186e-03
8.668892592605616579e-03
8.269207388576534437e-03
8.888698712819153094e-03
8.777719454632865875e-03
8.974814797855085180e-03
8.106726275549994143e-03
8.439784062405426834e-03
7.893620402448706802e-03
7.921431950396962129e-03
8.978502634498808713e-03
9.352833020190397598e-03
9.241017984847227015e-03
8.090006804300678422e-03
7.629464423904816495e-03
6.875654007825586674e-03
7.051402653257051768e-03
6.493215322908428393e-03
6.782479354490836103e-03
6.376490278376473197e-03
6.537248854421907202e-03
6.570460080272621205e-03
6.252745700379212616e-03
6.106487498101260611e-03
5.854790533582369602e-03
6.302171047363015928e-03
7.345646027889517031e-03
6.452934286660618433e-03
6.253131547321875636e-03
6.312397625297307829e-03
5.905729623304473326e-03
6.105224997219112215e-03
6.071367592861255137e-03
5.771343103713459655e-03
5.012783505436446858e-03
5.866850233740276976e-03
6.242130930638975853e-03
5.807065020004908464e-03
7.103940084990528064e-03
5.966419761793481311e-03
5.581632324804862259e-03
5.046628498368793334e-03
5.638510423401991642e-03
5.422747021334039033e-03
5.445353589538071137e-03
5.670376130276256338e-03
4.765527298053105938e-03
4.594497043225499906e-03
4.937708179155985908e-03
5.430967170331213630e-03
5.360380611899826474e-03
4.926400571647617313e-03
4.411893397983577582e-03
4.473631355083651333e-03
5.165271016044748788e-03
5.003395927035146455e-03
4.421449996944931161e-03
4.326907843351364066e-03
4.398852990319331718e-03
5.312783444921176032e-03
4.966882663882440929e-03
5.276245358917448433e-03
5.164234189109669949e-03
5.366942296839422380e-03
5.347586843288607006e-03
4.709910396486521010e-03
5.650843632304006041e-03
5.358014195743534581e-03
4.395911381062533700e-03
4.581544482045703595e-03
4.627439652880032707e-03
5.076140316410197341e-03
6.168844213502274604e-03
5.052038344244161837e-03
4.472309489630990967e-03
4.996738744278748576e-03
4.155135795267091668e-03
4.348443268487850455e-03
4.435188124577204086e-03
4.012229825473494216e-03
4.044689240141047422e-03
4.301866170846753955e-03
3.825022042211558872e-03
3.768078579256932143e-03
4.765616003423928972e-03
4.147839231623543649e-03
4.613190371957089780e-03
5.010121580627229648e-03
4.571980306257804501e-03
4.508080726696385605e-03
4.786942323876751566e-03
4.177782481743230053e-03
3.783092792663309174e-03
3.964527824686633027e-03
4.373269391556580503e-03
4.065615274012088914e-03
4.106581575340694998e-03
4.105387603243191783e-03
5.157020274135801739e-03
4.840849315126736704e-03
4.090989757743146611e-03
4.021168632639779417e-03
3.753210369290577164e-03
3.921860920058355994e-03
3.791197391433848065e-03
3.708100322013099977e-03
3.741250160253710259e-03
3.818952430867486678e-03
4.219079768906036643e-03
4.375440648032559443e-03
4.086295852644575809e-03
4.475177278121312760e-03
5.296667567971679799e-03
4.617678856270180689e-03
4.751891793890131860e-03
3.807855306400193159e-03
3.649208098649978516e-03
3.579506083495087240e-03
3.574046788530217244e-03
3.843606580048799636e-03
3.574390772523151558e-03
3.328217133465740264e-03
3.541379697206947438e-03
3.642923736737834102e-03
3.364224847820070086e-03
3.602528756277428943e-03
4.169029816985130033e-03
3.792349461259113350e-03
3.616106102450026335e-03
3.677385693622959879e-03
3.795163129559821474e-03
3.341250321310427519e-03
3.119392130109999075e-03
3.233599789026710917e-03
4.143931285167734048e-03
3.504142821249034510e-03
3.373315483331680228e-03
3.145456627632180636e-03
3.567511083351241046e-03
3.552901895923746885e-03
3.630499917392929557e-03
3.867310094129708040e-03
4.132989268336031453e-03
3.781404989875025192e-03
4.736231474412812455e-03
4.389627299581964383e-03
3.568543737961186492e-03
3.558136663503116970e-03
3.623336435606082460e-03
3.893885179940196999e-03
3.608913636869854214e-03
3.629954090962807505e-03
3.900138044522868074e-03
3.429748434573411803e-03
3.298496800578303023e-03
3.032129806362920173e-03
3.147452467431624892e-03
3.228504136204719474e-03
3.485595031330982699e-03
3.179000260101424308e-03
3.154829030649529409e-03
4.498711696101559930e-03
4.733447904388109542e-03
4.158696790950165527e-03
3.553615369730525695e-03
3.642622296594911265e-03
3.760520615097549119e-03
3.943353674064079863e-03
3.536069341417816085e-03
3.151257261633873177e-03
3.220584996872478088e-03
3.304090432615743554e-03
2.799120452255010778e-03
2.871554739152391757e-03
2.819611550205283756e-03
2.875659020824564756e-03
3.434267854318022537e-03
3.013792892711030045e-03
3.031095279794600392e-03
2.720994030435879962e-03
3.216864133460654255e-03
3.136177151981327238e-03
3.212651169548432113e-03
3.597432110044691475e-03
3.253217313645614343e-03
2.861991810301939623e-03
3.174482294254832911e-03
3.348356365329689492e-03
3.360338310400644898e-03
3.275955050355858472e-03
2.963575561427407579e-03
2.926575532183050936e-03
3.179364508638779160e-03
2.801953180589609495e-03
3.113203876548343175e-03
3.708497190641032309e-03
2.986138672050502648e-03
2.795055864585770447e-03
3.007277652828229883e-03
3.250899544606606142e-03
3.762399607027570609e-03
3.140737620285815549e-03
2.946548155612415537e-03
2.813868449173039660e-03
2.803803715440962227e-03
2.947051552020841375e-03
2.689792948464552434e-03
2.613615362594524840e-03
3.246468255917231167e-03
2.791044455435540746e-03
2.825298125131262515e-03
3.017130451690819542e-03
2.738180447162853401e-03
2.782890435515178711e-03
2.900351602584123455e-03
3.686425965279340952e-03
3.216358982026577135e-03
3.287791369689835579e-03
2.950964371363321969e-03
2.670236205061276864e-03
2.791861618558565562e-03
2.732129924827151734e-03
2.555842674854728967e-03
2.739497942643033101e-03
2.642402762754095854e-03
3.141476476771964173e-03
2.940610189818673552e-03
2.651656301071246558e-03
3.195398775860667281e-03
2.778479649374882357e-03
3.096744409865802988e-03
2.974069565534591571e-03
3.142839407341347854e-03
2.867520072807868380e-03
3.334188844180769207e-03
3.011540176553858823e-03
2.585546436409155539e-03
2.502613615037666515e-03
2.472624138204587620e-03
2.481329410026470676e-03
2.205999738847215768e-03
2.295387633558776484e-03
2.519973185327318167e-03
4.437617632663912182e-03
5.490818796679377591e-03
3.730806070897314201e-03
4.400104793409506665e-03
3.917382531281974646e-03
3.012806390308671485e-03
3.092012365038196171e-03
2.740410089285837385e-03
3.249606525318490032e-03
2.702517898546324786e-03
2.330096621687213678e-03
2.466680272999737140e-03
2.453171591170959925e-03
2.444920108343164034e-03
2.385883952180544582e-03
2.506133506281508268e-03
2.581419810238811535e-03
2.442016205233004181e-03
2.419472352291146978e-03
2.527318399192558535e-03
2.470534607354137827e-03
2.420210316777229344e-03
2.971099587157368781e-03
2.844056078336305079e-03
2.804989531222316923e-03
2.772909962675637607e-03
2.598864487889740102e-03
2.489360019357668170e-03
2.343249987396928916e-03
2.826968911621305803e-03
2.546581230643722889e-03
2.475284335927830596e-03
2.520890913696752830e-03
2.365999153504768932e-03
2.467579634653197310e-03
2.195993621523181696e-03
2.264047140876451931e-03
2.490144791081547616e-03
2.559746580405367761e-03
3.524411908454365416e-03
2.752514546737075060e-03
2.339393513070212559e-03
2.301816566743784646e-03
2.736130533739924466e-03
2.385329414262539905e-03
2.399585078366928484e-03
2.379873638144797653e-03
2.713019312876794025e-03
2.489307146105501460e-03
2.431940262516339452e-03
2.614585984912183494e-03
2.448514462966058011e-03
2.268662416479653998e-03
2.880624681711197073e-03
2.435453900446494461e-03
2.458954463816351386e-03
2.422307651076051858e-03
2.607139088213443565e-03
2.368227133734358749e-03
2.562276083562109105e-03
2.889405950489971290e-03
2.433337463686863471e-03
2.630854120684994728e-03
2.745822403166029400e-03
2.714320895158582343e-03
2.429218426760700045e-03
2.503105306790934497e-03
2.333261367554466132e-03
2.564985858690407503e-03
2.622941087724434215e-03
2.823438121833735104e-03
2.585286738144026812e-03
2.403707501168052523e-03
2.484758446613947753e-03
2.421669997274875519e-03
2.661091258956326411e-03
2.367477102412118058e-03
2.271724578200115096e-03
2.505033204538954610e-03
2.779033275114165587e-03
2.522734465698401284e-03
2.499143477115365990e-03
2.315370516023702255e-03
2.133687470729152269e-03
2.235864067657126163e-03
2.303603953785366646e-03
3.138265732882751340e-03
2.510706530366506924e-03
2.278228958861695536e-03
3.472065473389294218e-03
2.631160618944300335e-03
2.682132987926403710e-03
2.529684371418423287e-03
2.121762682994206891e-03
2.150365402922034281e-03
2.317148764721221454e-03
2.163602365180850116e-03
2.109195606058670604e-03
2.498610992398527138e-03
2.825387852887312375e-03
2.492193637622727373e-03
2.694273132623897608e-03
2.297690026462077990e-03
2.264176013155116008e-03
2.193622756231990330e-03
2.060138045085800965e-03
2.246116076906522208e-03
2.348051199482547105e-03
2.330785577909813902e-03
2.826572023332119075e-03
3.293497703141636326e-03
4.558059001962344071e-03
3.352104806237750454e-03
2.778007377766900533e-03
2.557162738715609059e-03
2.299438617709610028e-03
2.086833058339026062e-03
1.930209012288186315e-03
2.122805474532975158e-03
2.485202693690856217e-03
2.655797595054739096e-03
2.315516889923148729e-03
2.530254572629928728e-03
2.199016174094544588e-03
2.374731750330991067e-03
2.363095213141706060e-03
2.403829273664288835e-03
2.253461944767170318e-03
2.153327609929773373e-03
2.158882060191697535e-03
2.121408456522557578e-03
2.153295064345002365e-03
1.954441442050867603e-03
1.976495531077186122e-03
2.759533716986576658e-03
2.833857738102475796e-03
3.285697655131419349e-03
3.472362125499380957e-03
2.566939484741952594e-03
2.465492821195059553e-03
2.566911320512493561e-03
2.338380015765627231e-03
2.208331443576349272e-03
2.079992133917080242e-03
2.039884454053309329e-03
2.243193177920248943e-03
2.262980523001816707e-03
2.158718480625086179e-03
2.468833043757412329e-03
2.314749124149481554e-03
2.242535685913430148e-03
2.317158501181337468e-03
2.416132829255528049e-03
2.645184196945693771e-03
2.229962225796447775e-03
2.429725528798169516e-03
2.408947134390473400e-03
2.410648466708759357e-03
2.347798304011424440e-03
2.335979303138123724e-03
2.114480229922466661e-03
2.192815908541282006e-03
2.283669370743963631e-03
2.269657215931349201e-03
2.061995223371518825e-03
2.207998931407928293e-03
2.101327340222067155e-03
2.205436769872903997e-03
2.418520465079281034e-03
2.396321950687302620e-03
2.211537079678641254e-03
2.292151999556356172e-03
2.137890886515378831e-03
2.054946888238191535e-03
1.971712375784085737e-03
1.966932355943653253e-03
2.058690967452194917e-03
2.411108135970102279e-03
2.784337397250864158e-03
3.078676982679301021e-03
2.061256740449203279e-03
2.073562964797019768e-03
2.758472638411654364e-03
2.527498189980784994e-03
2.295903540733787787e-03
2.821856145229604575e-03
2.396956861226095213e-03
2.231763683052526755e-03
2.508995609564913711e-03
2.289026705548167194e-03
2.391043319884273832e-03
2.347229328006505793e-03
2.356149980591403306e-03
2.242635505066977591e-03
2.226795887367592763e-03
2.082466641440987396e-03
2.347164564869469883e-03
2.406544475298788652e-03
2.056958236628108391e-03
1.948879511199063698e-03
2.010773293053110412e-03
2.086749010615878558e-03
2.412298193408383279e-03
2.172968434169888358e-03
2.528645913634035118e-03
2.539242671595679391e-03
2.382272840477526066e-03
2.402545721787545385e-03
2.077243135621150479e-03
2.242389453781975552e-03
2.076510363775822994e-03
2.074746737877527884e-03
2.046017496743136009e-03
1.930477319078312921e-03
1.986851627007126756e-03
2.225797339859936046e-03
2.546467029800017663e-03
2.643109858036041347e-03
2.274983677392204782e-03
2.502654416279660472e-03
2.844779119930333430e-03
2.318896533300479276e-03
2.032116543915536786e-03
2.144417191545168640e-03
1.963408730096287066e-03
1.943020737833446848e-03
1.842544349945253760e-03
1.843655267730355280e-03
2.291182196802563076e-03
2.345385555591848314e-03
2.073953810872303238e-03
2.073148029545942867e-03
2.229118157799045083e-03
2.228467605180210667e-03
2.057423446741369222e-03
2.499950609894262613e-03
2.274256076456772011e-03
2.014434119272563023e-03
1.974506591343217453e-03
2.313518141292863345e-03
2.467897937943538088e-03
2.259755863083733399e-03
2.885465804073545845e-03
3.121713482671313860e-03
2.810314679518342157e-03
2.294726826043592439e-03
2.027677992462284095e-03
2.186825839388701655e-03
2.453664251499705976e-03
2.360127966644035274e-03
2.055367088048822358e-03
1.866317811525530302e-03
1.879769753043850251e-03
1.751979190028376144e-03
1.742099557692805990e-03
1.721388893201947212e-03
1.920103407982322883e-03
2.543071227976017451e-03
2.725451890793111412e-03
2.673687598564558707e-03
2.288951959667934102e-03
2.089611505054765270e-03
2.040232115735610228e-03
2.050228446411589845e-03
2.304674949910905622e-03
2.092727049150400719e-03
2.139301407668325449e-03
2.155430515607198276e-03
2.609472366877728117e-03
2.270305820016397472e-03
2.396602749617563182e-03
1.947918432868189298e-03
1.989571600117617366e-03
2.138846315857436797e-03
2.311254868076907231e-03
2.158682961016893543e-03
2.132567450818088298e-03
1.865906135903464338e-03
1.794769087702863730e-03
1.823499501786298186e-03
2.124775068627463275e-03
2.128909586204422687e-03
1.878497589172588560e-03
1.979515104451113391e-03
1.993950711977150823e-03
1.960822244485219482e-03
1.914093761394421210e-03
1.841997920225064067e-03
1.826722179022100337e-03
1.794981016363534623e-03
1.966069740139775833e-03
2.206946532759401693e-03
2.334349968781073911e-03
2.150739766657352656e-03
2.041200460452172443e-03
2.253281620020667828e-03
2.324208302630318725e-03
2.388784003754456948e-03
2.091840153767002795e-03
2.177318156593375555e-03
1.880385174105564860e-03
1.883120251198609719e-03
1.851739744759268178e-03
1.755894864391949542e-03
1.842074102411667439e-03
2.083261894683043243e-03
2.136314370565944084e-03
2.052183776266044892e-03
2.032985002216365720e-03
1.977363343661029966e-03
2.057666581434508275e-03
2.101078917168908676e-03
2.217390899960365418e-03
2.086072886983553459e-03
2.603762369188997432e-03
2.756448352916373093e-03
2.472238030491603900e-03
2.159586192833052708e-03
1.938292871539791387e-03
1.865187546031342675e-03
2.225115439440641159e-03
2.059979622976647676e-03
1.971772919512457169e-03
1.899805662946568588e-03
2.239667137877808870e-03
4.152210020563668752e-03
2.811681561999850639e-03
2.252261809383829250e-03
2.405296404742532368e-03
2.286886579046646696e-03
2.027244366084536044e-03
1.942067700438201375e-03
1.958021785443027785e-03
1.937670736677116722e-03
1.782565890914864079e-03
1.725568669434222923e-03
1.925000514214237441e-03
1.942144420722292540e-03
1.854150504287746266e-03
1.989671405301325635e-03
2.009686010165346974e-03
1.741726586802138212e-03
1.738606226733989185e-03
1.794658824284043556e-03
1.966594906730784100e-03
2.022843836910194655e-03
1.989679524364570701e-03
1.975295749596423737e-03
1.964714593357510045e-03
2.291990587384336309e-03
1.928987040494878997e-03
2.039235984492633168e-03
2.246178835630417009e-03
2.460474570592244281e-03
2.153628265692127900e-03
2.138772593397233416e-03
1.984438660761548602e-03
1.877165165626340417e-03
1.859288010746240659e-03
1.720945765781733798e-03
2.195893362578418655e-03
2.150032732946177347e-03
1.928646871820092253e-03
1.938432429192794718e-03
1.729930132730967459e-03
1.795521822447578150e-03
1.864149177240000729e-03
2.112647293963366285e-03
2.249740241095423646e-03
2.273333892226219333e-03
2.001855367173751340e-03
1.764270111194087432e-03
1.877012866445713522e-03
2.917358912527560997e-03
2.053119974314338795e-03
1.927815643656584886e-03
2.024316310158206372e-03
1.882992352669437706e-03
2.251590726793640390e-03
2.027752357017662682e-03
1.924405180745654680e-03
2.507358293773399600e-03
2.578330394915408739e-03
2.196413536245624219e-03
2.039000290549463842e-03
1.773294624355104205e-03
1.639300539261765019e-03
1.646056814740101465e-03
1.850645865003267953e-03
1.768200314707226144e-03
2.482646394314037396e-03
2.058746203159292527e-03
1.688769237759212612e-03
1.706587814001573472e-03
1.740310758145318997e-03
1.921514214223457801e-03
1.959088513006766730e-03
1.915677930228412056e-03
2.012691595074203067e-03
2.037625123436252478e-03
1.868629283789131424e-03
2.007975041245420658e-03
2.278437226389845149e-03
2.205334568603171258e-03
2.368780075468950985e-03
1.996856583282351650e-03
1.930751624620623101e-03
1.736897264296809748e-03
1.837482761798633381e-03
1.823061201721429877e-03
1.691860712857710036e-03
1.782497876427239884e-03
2.262782395506898574e-03
2.379034049808978913e-03
2.018150101519293211e-03
2.121613001864817386e-03
1.960706257054375175e-03
1.876349045067197832e-03
1.778092389512393257e-03
1.804241950934131833e-03
1.687624094904296860e-03
1.726460752801762741e-03
1.777598164561721913e-03
2.002771727533804013e-03
1.887670583609077661e-03
1.868559799881445039e-03
2.207649916203485805e-03
2.082939965443478866e-03
1.923189509866966200e-03
1.888945209276345115e-03
1.807647679621974699e-03
1.684985354335771617e-03
1.734747947711083680e-03
1.863168775517907386e-03
1.901386209970547161e-03
1.704776287078857509e-03
1.917983360795511147e-03
1.970194954839017513e-03
1.944630266063743229e-03
1.974731811011831012e-03
2.471064548525545544e-03
2.579043670040037824e-03
2.131090393910805431e-03
2.648513076516489234e-03
2.078169551160600603e-03
1.901839364113079101e-03
1.997643377011020828e-03
1.747710496808091820e-03
1.717177104308373423e-03
1.533149331808090262e-03
1.740016926907830700e-03
1.830801916205220805e-03
1.656617602954308212e-03
1.705413269810378491e-03
1.742100050258967676e-03
1.765518406819966161e-03
1.813671691860589642e-03
1.833409263959361350e-03
1.822423785924911404e-03
1.875519303397999837e-03
1.826745845998327010e-03
2.104179517676432829e-03
1.964192282822397034e-03
1.663064343544344136e-03
1.764144725683662726e-03
1.985358830748332973e-03
2.226825283529857997e-03
1.808349002773563174e-03
1.967118693412178276e-03
2.052466212254431665e-03
2.301712364165319456e-03
1.865924015227291358e-03
1.725156611452500002e-03
1.662656887848344093e-03
1.636221640639835004e-03
1.752182327003942502e-03
1.809077419133649960e-03
1.673257430601451240e-03
1.778633465162581797e-03
1.823057410721149688e-03
1.977916752091712395e-03
1.897314091006086986e-03
1.804201599313981106e-03
2.053400346388419614e-03
1.901119351387024021e-03
1.756958314735028491e-03
2.133751029355658232e-03
2.093671344013677861e-03
1.840934487473633524e-03
1.720543361993299644e-03
1.737132439803746112e-03
1.811577302610708606e-03
1.728608702930311365e-03
2.069124424209197160e-03
1.949352631345391230e-03
1.877212942474418235e-03
1.897340339298049690e-03
1.882657201753722273e-03
1.778740278548664611e-03
2.321314718574285681e-03
1.945621735519832999e-03
2.014221657688418984e-03
2.124504538563390648e-03
1.983824507850739678e-03
1.793129615899589219e-03
1.632228256720635526e-03
1.638439059154026944e-03
1.686350871912307200e-03
1.561435755445725413e-03
1.572022068624695079e-03
1.650445796549320160e-03
1.968693334816230822e-03
2.234970506073700059e-03
1.830403492268588717e-03
1.642237334615654363e-03
1.785576304213868162e-03
1.798231216251022259e-03
1.708058557576603307e-03
1.747586362891727059e-03
1.663593985140323587e-03
1.794139074368609294e-03
1.801703243205944735e-03
1.829643839349349294e-03
1.830767390007773977e-03
1.682625531943308071e-03
1.652955765732460518e-03
1.688922993424865843e-03
1.882187390906943109e-03
2.003557951086097459e-03
2.192341731861233503e-03
2.002101300491227007e-03
1.774102361458871138e-03
1.812479484619365774e-03
1.584726118793090225e-03
1.823765300731692131e-03
1.984780261086093074e-03
1.679303385317325618e-03
1.751517487896813189e-03
1.657805643561813475e-03
1.723146686951319449e-03
2.148940189120670304e-03
1.859850142565038465e-03
1.581192386026183819e-03
1.574250591090983796e-03
1.638912480945388514e-03
1.603592162330945382e-03
2.131653734379344509e-03
1.774376262393262751e-03
1.712304603101478693e-03
1.998890274100833305e-03
2.173438649624586088e-03
2.199622964900400934e-03
1.795707585083113804e-03
1.701823792730768493e-03
1.850945453883873085e-03
2.260486562218931052e-03
2.174029514297015197e-03
1.901619689952996003e-03
1.727636649997697869e-03
1.685411770207186598e-03
1.769233664704693678e-03
1.664491924974653442e-03
1.731636212724778487e-03
1.667553167790174554e-03
1.734563181590702708e-03
1.656935410056677204e-03
1.583176569806204982e-03
1.566382999428444361e-03
1.678379301188720691e-03
1.675581230471531605e-03
2.054026438337233293e-03
1.931046422363983262e-03
1.651972479497392995e-03
1.596016864188843330e-03
1.612884297759996539e-03
1.536051262583997597e-03
1.793055727870928023e-03
1.706189231222702326e-03
1.707670011868079544e-03
1.649800417944788898e-03
1.598791886741916237e-03
1.609810221319397201e-03
2.228572842561536444e-03
2.214761953800916706e-03
1.866362161106533378e-03
1.913835407338208535e-03
1.911475510439938951e-03
1.927303342769543437e-03
1.962050226413541466e-03
1.848100228235125550e-03
1.780073071519533857e-03
1.952953248077796480e-03
2.032505761211117132e-03
1.943790075472659517e-03
1.938205371714300535e-03
1.999420270116792665e-03
1.828050299858053436e-03
1.633903803303837863e-03
1.952231335971090593e-03
2.348053981032636323e-03
2.014018014176852198e-03
1.731275960078669995e-03
1.833860788804789373e-03
1.802103081200685710e-03
1.661535032197005270e-03
1.759308539330959242e-03
1.821370217431750663e-03
1.582211803955336366e-03
1.716670660922924680e-03
1.714765390174256441e-03
1.975567142168681029e-03
1.838750952026910320e-03
1.820840708290537117e-03
1.798968342029386115e-03
1.702986262842184949e-03
1.637484090816643516e-03
1.630417737695905988e-03
1.625034942084716471e-03
1.645628680578536561e-03
1.856338338305552754e-03
1.647379998531606389e-03
1.629348785306016694e-03
1.518738590594795020e-03
1.588456767300764618e-03
1.603683107015159382e-03
1.543108417859507912e-03
1.628026963832477671e-03
1.849836147286825633e-03
1.767498207175069360e-03
1.795423797642191214e-03
1.769204262851013006e-03
1.749977324571874368e-03
1.699176737003856323e-03
1.935099153262045653e-03
1.621402449284990591e-03
1.875133936603864092e-03
1.749328823967112503e-03
2.048199274059798840e-03
1.845610958213607551e-03
1.751389395859506313e-03
1.616674135956499333e-03
1.543089779507782634e-03
1.737274920774830754e-03
1.721898290432161745e-03
1.811607250322898278e-03
1.706183117607401470e-03
1.551952470714847198e-03
1.942473219500647592e-03
2.074238637255297960e-03
1.971585061401128630e-03
1.721911011263728246e-03
1.908559300419357136e-03
1.966892679532368775e-03
2.000181832764711537e-03
1.796091552306380628e-03
1.766011376037365799e-03
1.714006908134453827e-03
1.607677779781321609e-03
1.618906323694520441e-03
1.457914492736260038e-03
1.675004749041464607e-03
1.662939419555995195e-03
1.711101444024178781e-03
1.688099034234053506e-03
1.706509019455148147e-03
1.704147869410614071e-03
1.744375117640528444e-03
1.667750925860471151e-03
1.895469269301328303e-03
1.729233603303631170e-03
1.638680360176497132e-03
1.704467338406377448e-03
1.657017540807525276e-03
1.572156126300493836e-03
1.894346828986373131e-03
1.702788208818270185e-03
1.592927582355009109e-03
1.845352878897554318e-03
1.709348074057035968e-03
