1.823616150352689869e-01
1.323054881890614876e-01
1.134715095493528531e-01
1.031503373384475702e-01
1.007712799972958068e-01
9.961000641187031657e-02
9.919565932618247539e-02
9.899804840485254553e-02
9.877727707227071385e-02
9.880984842777251753e-02
9.851823111375172803e-02
9.841581606202655375e-02
9.848970118496153114e-02
9.820364962021509159e-02
9.896998862425486487e-02
9.861210005150901348e-02
9.832144475645489268e-02
9.803246941831376959e-02
9.796953039036856992e-02
9.785352090994517416e-02
9.778203808599048030e-02
9.773477014568117405e-02
9.778389490312999754e-02
9.780592232942580955e-02
9.780024184121026420e-02
9.811135530471801203e-02
9.766798463132646269e-02
9.783703966273202268e-02
9.806254025962617138e-02
9.782224246197276929e-02
9.789744986428154661e-02
9.751819703314039411e-02
9.772783395316865518e-02
9.749346590704388582e-02
9.745759450727038697e-02
9.744154347313774278e-02
9.768623719612756773e-02
9.758340454763836380e-02
9.739194492499034239e-02
9.771630409691069163e-02
9.761934730741712862e-02
9.746450258625878604e-02
9.733319113651911492e-02
9.745707326465183340e-02
9.726088398032718685e-02
9.768088049358791825e-02
9.767444199985927944e-02
9.735330336623722325e-02
9.758476171228620821e-02
9.827109780576494258e-02
9.770761496490902587e-02
9.724979036384158448e-02
9.716055164734523075e-02
9.711614562405480877e-02
9.717120382520887112e-02
9.730028520027796113e-02
9.747003167867659967e-02
9.736572858360079130e-02
9.744053820768992791e-02
9.713400363922118641e-02
9.702745490603977008e-02
9.700630482700135782e-02
9.699729459153280664e-02
9.710407127936680760e-02
9.713774783743751862e-02
9.714635815885332149e-02
9.714228633377286481e-02
6.071438208222389166e-02
1.131888054311275434e-02
4.635432660579681327e-03
2.495619920599791847e-03
3.052592480348216303e-03
2.270573459358678822e-03
2.162491314940982474e-03
2.029039992226494820e-03
1.456425632867548205e-03
1.405505859293043657e-03
1.443579051022728316e-03
1.058525727647874077e-03
1.554350459741221571e-03
1.287096852902322930e-03
1.162721454683277381e-03
9.103052219789889345e-04
8.234536536555322941e-04
8.191111016397675370e-04
8.570993751183979877e-04
7.646217153200672275e-04
7.791785388771030416e-04
1.202027302804506556e-03
1.065815600773526535e-03
9.779872393442525739e-04
8.253187318849894774e-04
8.059907668373651182e-04
7.947270678252809370e-04
7.370466071491439935e-04
7.171646823796132709e-04
6.964711927705340665e-04
6.465015578497615651e-04
6.423063894423345407e-04
1.064476742823090762e-03
6.855427890291644101e-04
8.201253465894195981e-04
9.537283866666257338e-04
7.846693420368764608e-04
6.753186801344983640e-04
6.032210453930828779e-04
5.783719150349497708e-04
7.030288986344303964e-04
6.750495266169309920e-04
8.919242585802243922e-04
6.470590322795841294e-04
5.707053747028112238e-04
5.445823381240997348e-04
6.820157454866501755e-04
9.722444259872038827e-04
6.377173080626461323e-04
1.245373603887856093e-03
1.179103560280054912e-03
7.793116957570115537e-04
6.311921625294619319e-04
7.185056065726611648e-04
7.926028206323583979e-04
6.844037616004546715e-04
6.369165341473287563e-04
5.528710997249517388e-04
5.021217853451768152e-04
7.285206995180083757e-04
5.867680371738969803e-04
6.731040840451088698e-04
7.222091918811201746e-04
1.244205757975578317e-03
8.357993420213460575e-04
6.197228039511376097e-04
5.563344771508126931e-04
5.453012247259418372e-04
6.396409173289106624e-04
4.912108754635684553e-04
5.449119981171356283e-04
4.951842274102900019e-04
5.454919844244917378e-04
8.221075776964426388e-04
5.836134478967222854e-04
5.015015027796228481e-04
5.177888007731073659e-04
6.244608030344048905e-04
8.147420917844607011e-04
5.570316519070830441e-04
7.348993762085835038e-04
1.476623635842568309e-03
1.641935317311435990e-03
8.315344615322019803e-04
6.792881800275709812e-04
5.739557691332367170e-04
5.583779627664221248e-04
5.042433287275748140e-04
5.639186739507648285e-04
6.044378090235922457e-04
6.311715015261951719e-04
4.430961608886718793e-04
4.918420459661218980e-04
5.193889611918065625e-04
5.243852530192169483e-04
5.107377376407384612e-04
8.245841289560000174e-04
1.457578311674296787e-03
9.265641919854614378e-04
6.493670400232077079e-04
6.002833725263674591e-04
1.073497497321416983e-03
6.479919287893507645e-04
5.117891837532321554e-04
8.562252360085646427e-04
1.446655598572558739e-03
1.331799935756458261e-03
1.020384814021074119e-03
6.725324356618027398e-04
5.345768851435019368e-04
4.164811781245387318e-04
4.404780709753847558e-04
4.514202591963112354e-04
5.274675724407036680e-04
4.232787734104527283e-04
4.714568101594017848e-04
4.404961510509666214e-04
4.143529434481428987e-04
4.174972967141204680e-04
4.834131738688383006e-04
4.451611105145679447e-04
4.646618312431706520e-04
4.993201199815505567e-04
5.325213673576298769e-04
4.989445641533368650e-04
4.995875795268350621e-04
4.331448041678716688e-04
3.914054489642795421e-04
5.018210748676210598e-04
4.812509137102299428e-04
4.873671995786329147e-04
4.401948900582889875e-04
4.265213755166365217e-04
5.547573929652571375e-04
9.477225339247120775e-04
5.398515010407815016e-04
5.487479859342177680e-04
8.325354159913129267e-04
9.251955763385113878e-04
5.524452485971980981e-04
4.750435783838232286e-04
5.457216066618759964e-04
5.847130366601050160e-04
5.518203602534615688e-04
5.479970786513553311e-04
1.188920919472972581e-03
5.674891190655115877e-04
5.466354873755739944e-04
4.676007308686773011e-04
5.157604399654599873e-04
3.935863020726375968e-04
3.852783575550549743e-04
3.972319102225204085e-04
4.745802510943677912e-04
4.875594715122133732e-04
4.980378137487504603e-04
5.974018630675143830e-04
6.123564204770243907e-04
5.478069144818517545e-04
4.766890349694424107e-04
5.409323988068434966e-04
4.777317871857020498e-04
3.924554335470828870e-04
3.908063039287096719e-04
3.949523717164993330e-04
3.721227688300940569e-04
4.211967919642726826e-04
5.150987465296768012e-04
4.106811568554904904e-04
3.687530268345855906e-04
3.642832934080312917e-04
3.891318361274898074e-04
3.786728885542187378e-04
4.492171147527794007e-04
6.261807197653170617e-04
9.981304753778710327e-04
1.366093349384350959e-03
8.239086135290562673e-04
9.542737854644656615e-04
5.865911455152349749e-04
4.661065195169713658e-04
3.733157855458557801e-04
3.566361459282537121e-04
3.918589035876923277e-04
3.805339316992710215e-04
3.669141609376917528e-04
4.004283906478020658e-04
5.151231576585107389e-04
7.259344438918762920e-04
7.115734774722821563e-04
3.945414553810325134e-04
4.707405726528829945e-04
4.858355898047900766e-04
4.551069708799736278e-04
3.980264729923672245e-04
5.125063427516983634e-04
6.811859826039936726e-04
6.753350884860588642e-04
5.432789679616689465e-04
5.978895710884696941e-04
5.221290799737390853e-04
4.499018754965315009e-04
4.315249054020063764e-04
3.695908927410427019e-04
3.703031311225560046e-04
3.383324885119994604e-04
4.784735525026917479e-04
3.387429428079889639e-04
3.762318816087726215e-04
3.954385752634455666e-04
4.162370158721589129e-04
5.044771166932252070e-04
4.440302616502675762e-04
5.872857019615669973e-04
5.790154470337762057e-04
9.822470071311625254e-04
7.928518125683897601e-04
5.293490129729940203e-04
3.738898350598497439e-04
4.752926220599975769e-04
4.070934631292605008e-04
4.129028286681407102e-04
7.483486776861051747e-04
5.130808127837048829e-04
5.367098497744235853e-04
4.372839993124620519e-04
4.200549816919697398e-04
5.404889764678146935e-04
8.996395836584269654e-04
7.932317815721035134e-04
4.414626950812008716e-04
4.430532452857328615e-04
3.492473522459881409e-04
3.026518950031863360e-04
3.641460434947576879e-04
3.381185960541996946e-04
3.589882781832582476e-04
3.400457099390526692e-04
3.334972857394152379e-04
3.642237597766022003e-04
3.973819509459038720e-04
3.999864841656138666e-04
3.566853748634457632e-04
4.626272410516523402e-04
5.934793727161983461e-04
5.896537207687894749e-04
6.385194613701766992e-04
3.474725821676353707e-04
3.239886418709324247e-04
3.210436591568092361e-04
3.171676956117152908e-04
3.123829998852064162e-04
3.018207484597547384e-04
3.267514011046539018e-04
3.463554858333534872e-04
4.811213801925380866e-04
6.299941360743509374e-04
5.431316384217805843e-04
7.253295154724684552e-04
6.502847347615493432e-04
6.144082903241117463e-04
4.711054793248574033e-04
4.222056842667775041e-04
3.139004478644993792e-04
3.303671667041878108e-04
3.827558222433759022e-04
3.675487914329601683e-04
4.875284609281354338e-04
3.713445912580937147e-04
3.711490441734591954e-04
3.298621247005131471e-04
3.494138534491260644e-04
3.106577164079580124e-04
3.553214204859816137e-04
4.901184111885312483e-04
6.588753206758862996e-04
5.502816134442885428e-04
4.880735875728229711e-04
3.998359782983445382e-04
3.896532158574296458e-04
3.366922613026367356e-04
3.891864710021764127e-04
4.621988712137357924e-04
4.163778102439310864e-04
3.813360068791856123e-04
3.559941740240901622e-04
3.632692719111219222e-04
3.320885933418241012e-04
2.982133342367079441e-04
3.135148051660507831e-04
6.226864260517889086e-04
5.771402624021801375e-04
4.009226970891985472e-04
7.137549663376477425e-04
4.504198500783079015e-04
3.949970314796599834e-04
3.513717930763960123e-04
4.457572124536252436e-04
3.767786369038124894e-04
5.000690223338703343e-04
6.326374613369504336e-04
4.701076988648209302e-04
3.489301604632702295e-04
3.569438683593438772e-04
3.112206434727543200e-04
3.590793017711904427e-04
3.012645699911647621e-04
3.064830792653892009e-04
3.225066176512175167e-04
2.951324891505970136e-04
3.428813449055370319e-04
3.105921306026478341e-04
2.940400957595556909e-04
3.763168835495081001e-04
3.612721186234719322e-04
3.879004998856948458e-04
3.450583982177906402e-04
3.449906984395864824e-04
3.393280997665392286e-04
5.259173009027209118e-04
6.075860885903238990e-04
3.494723357208487217e-04
3.180875603316558496e-04
2.747826170202137845e-04
3.221442754794326250e-04
3.326356324315484989e-04
2.747916474214030878e-04
5.040263762283656024e-04
5.722287695647941975e-04
6.551442569535639773e-04
5.339797694856921427e-04
3.629839829065733430e-04
5.635235368067192116e-04
4.138991385439618007e-04
3.299884705079926192e-04
3.037332251874936932e-04
2.863564528524875858e-04
2.707104595093470377e-04
3.269223760192592932e-04
2.970390116226756137e-04
3.591345242845515309e-04
3.967381915491488250e-04
3.117041725717070830e-04
3.516679355460736677e-04
4.259315558657463885e-04
3.410625760443508864e-04
4.502149108642091412e-04
3.065456781122419499e-04
3.401775627086559765e-04
3.793531878747873672e-04
2.927056385669857307e-04
3.368833958585229428e-04
3.923632851284411050e-04
3.865870432410802894e-04
3.390404804506235467e-04
3.012244659475982146e-04
2.871182046106292188e-04
2.732006166802926329e-04
3.785709322740634514e-04
3.135332276320291741e-04
2.996301832091477252e-04
4.985680374213390456e-04
6.845807506599359661e-04
5.126782886994381890e-04
3.111447913882633130e-04
3.590738055451462760e-04
3.422878837833801761e-04
4.266324077939821530e-04
3.903224953036341202e-04
3.192412719363346718e-04
2.929790812130603260e-04
2.832720594273673183e-04
3.051106254052784929e-04
3.039107851994534261e-04
2.990140297657085684e-04
3.163882916689746919e-04
2.788851877105318891e-04
2.981639207832308017e-04
2.947584296473198368e-04
4.648032320094191245e-04
3.730231432968543590e-04
3.715302368315557386e-04
3.231089489741458031e-04
3.445271128374669260e-04
3.454219644320094041e-04
3.339302486791792686e-04
4.477308693134950199e-04
4.526076957376466920e-04
4.674246767535805594e-04
3.529685694310400260e-04
3.653109162890662526e-04
3.623073749865094806e-04
3.995878659447448054e-04
3.371844298413230467e-04
3.663395226208700055e-04
4.392042290419340242e-04
3.777466181458698159e-04
3.229464801390552042e-04
2.648211024805075778e-04
2.881165410185025579e-04
2.816616377741512525e-04
3.643727804430657103e-04
5.615456816222932131e-04
4.770241069814397036e-04
4.448975273407995874e-04
4.065364159436689242e-04
3.145670388928718049e-04
3.990800047500266058e-04
3.412988589843735099e-04
2.795203797157025730e-04
3.220284292991790242e-04
2.576204545200905813e-04
2.866883293932510684e-04
2.766253413735992174e-04
4.533745622676280053e-04
4.964569156679014654e-04
5.747805233113467260e-04
6.721299997944798869e-04
4.315294925537374289e-04
3.704054830854551852e-04
3.841501464032464458e-04
3.106604147857676195e-04
3.278071948120163458e-04
2.605889661289337647e-04
2.951062051579356194e-04
2.932395115365377808e-04
2.731504262838926780e-04
2.686452098552965248e-04
2.717252926797502320e-04
2.809553765433116094e-04
2.802789211273193468e-04
3.037990336047692455e-04
3.772426438000467115e-04
4.274162725131544732e-04
5.305116447723573622e-04
6.322024753575937852e-04
3.850171443385382226e-04
3.209266001876029829e-04
2.886831201612949501e-04
3.257606235436267508e-04
3.306782632393555463e-04
2.882534907095962002e-04
3.105028825423990680e-04
2.658827256204353198e-04
3.322488348931073882e-04
2.970260240706718729e-04
3.242748660138911792e-04
3.186800081877865540e-04
2.750710820934425000e-04
2.931584672640181284e-04
2.446040923758927336e-04
2.264934304791192308e-04
2.416910592000931382e-04
2.735421519416073987e-04
3.158850165911846592e-04
3.250759470716325710e-04
2.882389328442514029e-04
3.021888571998311373e-04
4.188567469827830857e-04
3.573227425416310794e-04
4.415393946692347548e-04
4.222127104488512133e-04
6.480993364109760785e-04
4.455189062799844342e-04
3.363593782867408495e-04
2.857869585406862820e-04
2.678028641579051545e-04
2.860951977264549915e-04
3.523911610763106228e-04
3.899356174386210097e-04
3.606208801890413082e-04
4.912937039302455421e-04
4.597900357718269211e-04
4.196932495364712472e-04
3.216527498120235222e-04
3.143684328016307797e-04
2.850219465067816912e-04
2.882383973337709882e-04
3.098976463338153032e-04
3.020817598897135954e-04
2.621497601244805438e-04
2.760277284930149678e-04
2.893566434633814809e-04
3.027591283898800460e-04
2.808212666099684234e-04
2.858863802005847266e-04
2.875766340487946951e-04
4.391158485992087109e-04
3.389068899883164259e-04
3.117367772049167013e-04
3.597865090705454436e-04
3.423377942656063142e-04
2.986167425600190907e-04
3.399331742225007919e-04
2.940949247891290171e-04
2.626937420831786389e-04
2.601493856248756112e-04
2.692202362231910467e-04
3.088312655583852029e-04
2.874149129881212986e-04
2.423566835932433670e-04
2.829750479819873954e-04
2.838301306150646606e-04
3.344596310570422380e-04
2.684914924773490908e-04
3.197017757015095706e-04
3.984426897821120080e-04
3.555097022197312574e-04
3.973484962868193706e-04
3.129476112856840152e-04
2.613634782998511936e-04
2.552210799573610190e-04
2.750253356579276985e-04
2.588738643357323403e-04
2.620057989325788356e-04
2.908728644251823295e-04
2.779145344781378912e-04
4.226578089098135377e-04
5.211597587913275025e-04
6.093329848307701838e-04
6.774995553617675593e-04
3.659544742873145412e-04
3.137800138857629764e-04
4.053729171088586171e-04
3.063585905409935573e-04
3.120925184339284702e-04
2.774879093178444188e-04
2.691969354378266209e-04
2.656613360159099102e-04
2.877916926647432943e-04
2.926821483480226689e-04
2.678040093612960395e-04
2.265020252929793342e-04
2.314312604074883657e-04
2.535330010060634644e-04
3.559317426212752693e-04
2.840624415936569510e-04
2.629128859067956419e-04
3.319538154432343240e-04
3.877785398314396678e-04
2.951050860186417955e-04
2.847287979804807270e-04
2.698803069587382784e-04
2.537255095214479292e-04
2.841891195728547229e-04
3.190839356587578911e-04
3.509830982269098116e-04
6.342569759322537731e-04
5.152400429101868309e-04
3.653699714535226504e-04
2.675076165340013138e-04
3.141488935539706040e-04
3.200288550255613452e-04
3.203560298101769442e-04
2.599647714911649588e-04
2.532697956000144485e-04
2.725569566246122317e-04
2.402443864977815051e-04
2.214168849038995008e-04
2.281865824867660830e-04
2.469769046486665668e-04
2.531287738949888162e-04
2.262109679739094325e-04
2.259695286759071879e-04
2.660646925990780166e-04
2.947861236882292615e-04
3.278128877799543935e-04
3.256867184407181027e-04
2.796040025229255279e-04
2.807370207220729621e-04
3.815993609734707223e-04
3.768433176446706273e-04
3.173277392569515587e-04
2.655894557634989298e-04
3.030506925036509608e-04
2.557202190574672318e-04
2.667229654293300114e-04
2.514848490763041725e-04
3.168619964789185189e-04
3.840345224469072453e-04
3.482225185467137342e-04
3.773618969393686918e-04
2.680273791257706002e-04
2.799056198758383737e-04
2.933330674810955864e-04
2.609952002401567353e-04
2.174964245770954520e-04
2.633759253917054757e-04
2.766294331134607561e-04
2.845053685208161860e-04
2.733830147190019315e-04
2.564778934336370947e-04
2.435653597219950603e-04
2.397575577358818674e-04
3.766653443583183763e-04
3.953174178281591801e-04
3.395662897835589325e-04
2.872505994875811748e-04
2.831740973569038663e-04
2.909030154761340628e-04
3.160320801867378912e-04
2.434145575130565377e-04
2.709315171361797157e-04
2.522825714226605400e-04
2.362951681587017257e-04
2.194148410732547406e-04
2.714710875362571769e-04
3.613484385682062708e-04
4.040458617318007828e-04
2.689248419159816217e-04
2.309718616824183249e-04
2.402411598531115479e-04
2.227541460241708388e-04
2.184458655796738002e-04
2.325317923290034193e-04
2.307990683604859566e-04
2.683912854667546040e-04
2.931999919625620141e-04
3.385114312792817629e-04
3.150362150174462143e-04
2.805707441358309766e-04
2.617404840162230952e-04
2.653908452743457486e-04
3.299282630905509212e-04
5.639654806711607909e-04
5.197027046233415864e-04
3.271043122125168439e-04
2.893039726445244156e-04
3.165683406405150717e-04
3.167961990564233565e-04
4.161349806882854861e-04
2.452583808917552450e-04
3.118007679262922607e-04
3.660048416350036751e-04
3.047934857507546497e-04
2.216074905461735273e-04
2.373606386309903664e-04
2.331388871082001337e-04
2.076660125102433975e-04
2.179223224003281733e-04
2.438987181004550640e-04
3.452884958177390978e-04
2.937503033576326452e-04
2.544617577869859272e-04
2.798775927577581784e-04
2.613994815490312232e-04
2.373831270961090825e-04
2.548082513062076455e-04
2.558380682926831803e-04
2.665926971369319610e-04
2.845068648457527009e-04
3.726262356051140111e-04
2.749575111859788447e-04
2.531194373861783285e-04
2.697062078449460974e-04
2.891295696867422814e-04
3.206428724418704810e-04
2.846226966681165873e-04
2.518342295014816632e-04
2.365294693865709779e-04
2.481480491244130436e-04
2.269480930408462774e-04
2.385248369278593133e-04
2.025563064186523365e-04
2.054844280549635450e-04
2.090531647748624343e-04
2.389927167678251787e-04
2.580811076202533237e-04
2.736687617531666987e-04
2.548695421622445309e-04
3.117924323305487741e-04
2.698883284918135862e-04
3.413264800070060713e-04
3.975491621531545899e-04
3.331053761454920220e-04
2.824511126770327669e-04
2.989224481603337900e-04
2.514231590450637620e-04
2.235126940326558195e-04
2.051437146858208838e-04
3.115770306127766927e-04
2.985459382438825386e-04
3.159343883291714731e-04
2.862329624541517831e-04
3.178500526377724513e-04
2.760219575914864580e-04
2.152656803243896985e-04
2.231891036757992490e-04
2.215488747202066816e-04
2.248567466934521899e-04
2.414799281137271041e-04
2.654562911225689915e-04
2.805486492191752029e-04
2.725538103711894547e-04
3.167378103050092755e-04
2.277334097177824976e-04
2.152937680431124263e-04
2.650548649641374516e-04
3.326546244271513602e-04
3.737448606019218842e-04
3.575204104547285338e-04
2.605133633025818432e-04
2.202587693075959841e-04
2.162731242909406658e-04
2.768238974062518917e-04
3.542252404925723668e-04
3.368328800166232829e-04
2.479163023074053892e-04
2.302267394649485711e-04
2.166809232181144979e-04
2.575983609616135680e-04
2.178049330703086433e-04
3.246352130857606635e-04
2.940375399258401794e-04
2.763613309555997639e-04
2.374697005143389182e-04
2.461536325669537190e-04
2.146466102244125361e-04
2.267605032668345416e-04
3.129758872091770064e-04
2.829086223048054606e-04
2.152071822072482870e-04
2.100402352839915237e-04
2.064463404369437129e-04
2.260718550274355427e-04
2.514693620873408378e-04
2.758092120186322123e-04
2.226246938031787692e-04
2.186100580729544271e-04
2.197013456477887004e-04
2.265990895426107834e-04
2.071474720206525726e-04
2.207823154619998533e-04
2.278752927021640974e-04
2.444494726498507801e-04
2.518245096628864859e-04
2.773972344584763158e-04
5.468385345819923998e-04
3.423265009445862700e-04
2.286044918906150541e-04
2.103068248187709300e-04
2.020222987953780320e-04
2.077453201895372754e-04
2.613948937505483671e-04
3.007777485375602881e-04
2.594722403834263382e-04
2.506460590262172758e-04
2.507010822753525303e-04
2.428452497244709164e-04
2.246944707197447589e-04
2.206061938260164433e-04
2.765243845836569641e-04
2.726224371387312795e-04
4.504618785964945851e-04
3.148330736439674832e-04
2.392344397958367998e-04
2.131690472985307383e-04
2.382601580272118258e-04
2.385762200639065785e-04
2.319144678767770648e-04
2.005749325164490361e-04
2.416545639021529192e-04
2.144530225389947606e-04
2.346438388728226156e-04
2.264580496638599310e-04
3.008053707890212492e-04
4.257789117077158620e-04
2.647162122755415095e-04
3.293986222706735264e-04
2.772083780210879357e-04
2.544525476534747165e-04
2.141359000880685133e-04
1.924242372883276718e-04
2.471854792545653129e-04
2.150363228025121704e-04
2.195489403998686188e-04
2.732386976842665085e-04
2.822874452815287609e-04
2.299203532230522826e-04
2.323350937674856828e-04
2.218450067771805703e-04
2.369672869746055743e-04
3.019783350302734362e-04
2.180996013339608973e-04
2.489569594359232257e-04
2.401431838774846712e-04
2.803095214120629561e-04
3.032631997484713576e-04
2.889579405180282097e-04
2.524494009816812034e-04
2.183892804896458994e-04
1.997477848393221776e-04
1.856395346759301065e-04
1.976820062069843307e-04
2.092622868561496363e-04
2.251735717679063573e-04
2.319495427137654596e-04
2.848582441866811588e-04
4.529710481357243396e-04
4.434534979777203772e-04
3.977811626908886932e-04
2.858729363651946404e-04
2.723955529897163384e-04
2.269089947609851765e-04
2.406680120879577307e-04
2.166991860657516394e-04
1.890961422274510149e-04
1.948600183499770160e-04
1.992932630107841494e-04
2.744684339268133066e-04
3.010591609118919978e-04
2.254978064188940768e-04
2.175561291450220575e-04
2.181883297938232646e-04
2.205517670760552182e-04
2.299568751671661861e-04
2.190776446109844668e-04
2.409236962234394524e-04
2.053092091551257637e-04
2.006174344569444537e-04
2.194139125963880067e-04
2.316905794173686032e-04
2.164861939511158290e-04
2.162584617164813885e-04
2.601796827123810710e-04
2.856183936819433971e-04
2.222589342596216228e-04
2.889352188342147305e-04
1.937671912471867239e-04
1.897311193816777781e-04
2.101334067992866007e-04
2.432008279720321384e-04
2.186508337035775304e-04
2.150384573421130704e-04
2.256148996659451070e-04
2.153350293843282607e-04
2.177046511011819095e-04
2.540384484584339584e-04
2.817468113628112834e-04
3.097364986832770901e-04
3.347012765395144520e-04
2.280975440387717640e-04
2.116060771772430914e-04
2.036736457375809464e-04
2.821212681010365746e-04
3.934388946638339257e-04
2.999641880806949560e-04
2.078586025163531358e-04
2.370110166440200360e-04
2.472326080573516017e-04
2.192139415354985227e-04
2.078017852424333576e-04
1.930047753396340595e-04
1.898650042453987636e-04
2.113374041962540759e-04
2.785254415357485630e-04
2.502447392584549054e-04
2.711733314208686547e-04
2.502633058207316664e-04
2.196252193405396399e-04
2.834230684675276410e-04
2.536596823483705607e-04
2.339012964835597444e-04
2.159670696386860539e-04
2.010754786250698839e-04
2.593479434856110310e-04
3.162633760883990343e-04
2.853559393487457006e-04
2.548712592882414782e-04
2.578995212550378498e-04
2.911726111132237425e-04
2.099380064626327918e-04
2.001058329672863014e-04
2.211310383346345738e-04
2.104765638553847960e-04
2.188978838320407728e-04
2.287877660839715045e-04
2.117528645451077058e-04
2.581739354516483223e-04
2.740339392201147375e-04
2.043719944776967103e-04
2.343297714833170078e-04
2.155307962998954799e-04
2.059349241769976087e-04
2.083858626428991480e-04
1.949916206972880455e-04
1.999426790927019302e-04
2.316609451210954144e-04
2.222569837855796059e-04
2.259129415162735427e-04
2.442012478907902942e-04
2.295055480337598311e-04
2.417263043915025052e-04
2.806011075153947050e-04
2.401765926171922020e-04
2.150660504250683674e-04
2.160023244020218701e-04
2.107417130739324687e-04
2.034282258116743632e-04
2.373118620986739747e-04
2.079868306302362071e-04
1.834268953340749072e-04
2.065431766418947192e-04
2.914049197635095942e-04
2.450735634192824234e-04
2.624068957649999031e-04
2.499779184452361738e-04
2.444587342648042554e-04
2.502614223501748478e-04
1.970274199265986573e-04
1.913737116329785909e-04
2.254302023599545190e-04
2.546382965778725142e-04
1.924711941198135336e-04
2.000461332499980872e-04
1.837410433735284438e-04
2.672743951875923563e-04
2.007314785280161487e-04
1.926933062107612758e-04
1.791708060773089398e-04
1.950475009572174721e-04
2.211979949950344066e-04
2.007130369181848323e-04
1.967025350960385386e-04
1.818275511161320792e-04
1.817794360168692252e-04
1.903320275919718996e-04
2.362835099403229062e-04
2.728082224752547249e-04
2.208944651970846734e-04
3.111819256122948197e-04
2.260976680554449482e-04
1.838698770411105509e-04
