1.239730663763152219e-01
8.706102195713255609e-02
8.593607680665121817e-02
8.152840693791707505e-02
7.566607034868663706e-02
7.397653241952260872e-02
6.600656181573867631e-02
5.821591051088439300e-02
4.956474256184365684e-02
4.702118030852741465e-02
4.661656290292739979e-02
4.405143962966071025e-02
3.923586380978425631e-02
3.840857888261477171e-02
3.783409780926174498e-02
3.704421976374255160e-02
3.064177107479837056e-02
2.916725819309552367e-02
2.854685341318448366e-02
2.873256884515285395e-02
2.775195361839400549e-02
2.446560841467645270e-02
2.091111812326643116e-02
1.961262735227743692e-02
1.935518231656816260e-02
1.942753162648942766e-02
1.818908439742194377e-02
1.940574625300036521e-02
1.804321029120021375e-02
1.747400896416769975e-02
1.733726914558145898e-02
1.703179831720060683e-02
1.731275662779807947e-02
1.712304708030488662e-02
1.743669841852453148e-02
1.661434479057788752e-02
1.650622584753566255e-02
1.540452480316162158e-02
1.526679063836733526e-02
1.511538038237227391e-02
1.474594808701011790e-02
1.498190196024046933e-02
1.445382698128620802e-02
1.398120641294452876e-02
1.367472379571861747e-02
1.391138154185480626e-02
1.316780200435055566e-02
1.350933790206909103e-02
1.367246172494358467e-02
1.408801328804757877e-02
1.305389705631468042e-02
1.250978745520114899e-02
1.229285469485653752e-02
1.237815620170699266e-02
1.187479202118184828e-02
1.164773370656702230e-02
1.183401010102695834e-02
1.304492226077450662e-02
1.203403711732890791e-02
1.125573794047037696e-02
1.082278574092520630e-02
1.138920344826247974e-02
1.203376272486315901e-02
1.223978682110707025e-02
1.119497366663482416e-02
1.054606215407451024e-02
1.053968388587236439e-02
1.038237846973869526e-02
1.046984571135706373e-02
9.713220840526951699e-03
9.064021429253948589e-03
1.023007829570108003e-02
9.557697926130559810e-03
1.019966941326856669e-02
9.560283886061773581e-03
9.282374915977319521e-03
9.458248327589697385e-03
8.431344533132182836e-03
8.800939470529556968e-03
8.581050158374839074e-03
8.927038514779673736e-03
8.651871863338682009e-03
9.651863363881905619e-03
8.789244347976314306e-03
7.498609914133946321e-03
7.275958156420125021e-03
7.358249535577164949e-03
7.132223273317019226e-03
7.555554016596741258e-03
7.664965469804075129e-03
7.314829805658923378e-03
8.121705467088355737e-03
7.010731105175283494e-03
6.579524576663970704e-03
6.331978100869390357e-03
6.385858696368005259e-03
6.948431601954831172e-03
7.828108978768190049e-03
7.357624659521712525e-03
6.650326578981346180e-03
7.287687973843680334e-03
6.846813207699193118e-03
6.851371439794699120e-03
6.778517940806017689e-03
7.000696694271431840e-03
6.173172251631816286e-03
5.687660705298185071e-03
6.472525799440013126e-03
7.189661676271094648e-03
6.982878649400340448e-03
6.431931544923119755e-03
6.244676069666941706e-03
7.391597258134020854e-03
6.695874341660075328e-03
6.656800373974773935e-03
6.195623562153842502e-03
5.862616290234857162e-03
5.322441785699791490e-03
6.170778760893477592e-03
5.636470973905590050e-03
5.508693017893367613e-03
5.262782447454002373e-03
6.384426537487241683e-03
7.066324022081162982e-03
5.721237340735064840e-03
5.754977582643429693e-03
6.081863583789931180e-03
5.480816658172342482e-03
6.078429379396968479e-03
6.664782493478722467e-03
5.318620683004459011e-03
4.854270236359702582e-03
4.779969371027416487e-03
4.776646335505776650e-03
5.012161886940399817e-03
4.563335490723450551e-03
4.560617262290583666e-03
4.816696167820030093e-03
4.961914536025789288e-03
4.506009005837969920e-03
4.647383836822377608e-03
5.220574935277303048e-03
4.979483661138348755e-03
5.201140054398112680e-03
4.652265484134355915e-03
4.313866915181279252e-03
4.735498376604583767e-03
5.730656029449568423e-03
5.292813005960649887e-03
4.803757886919710063e-03
4.914592504501342357e-03
4.860915843811299854e-03
4.356808788660499962e-03
4.483654763963487201e-03
4.990595517059167631e-03
4.375652182433339976e-03
4.605511993997626896e-03
4.776816980706320541e-03
4.790875472956233200e-03
5.417924883464972363e-03
4.938190755330853707e-03
3.925711753674679221e-03
4.022514337880743820e-03
4.165946249332692745e-03
4.738106502013074081e-03
5.500944314731491536e-03
4.312694983349906440e-03
3.815045407455828607e-03
3.853699823634492132e-03
3.958888556808233018e-03
3.875743386646111899e-03
3.960486509733730093e-03
4.176827296614647050e-03
3.691704985168245239e-03
3.603114116316040276e-03
4.516992304060194613e-03
5.643222211963601007e-03
4.393333213196860473e-03
4.107593674626615517e-03
3.799527496513393360e-03
3.890099833822912787e-03
3.847358267133434671e-03
3.961844177295763963e-03
4.890899685107999613e-03
5.024867757327027180e-03
4.166043030305040945e-03
4.581581503152847012e-03
4.306594541089401977e-03
3.985475605974594764e-03
4.124395611385504173e-03
3.822411024529073168e-03
3.897319536449180867e-03
3.796767596569325994e-03
4.372784162147177849e-03
4.239756473236613865e-03
3.869416504684421946e-03
3.566645601143439512e-03
4.028044986642068982e-03
3.881264315504166784e-03
4.348484039720561592e-03
4.377290974888536912e-03
4.683850374486711425e-03
4.602080068240563086e-03
3.902469947934150869e-03
3.618983316959606227e-03
3.763832528558042328e-03
4.062941190269258283e-03
4.105763094913628293e-03
3.775610000722938193e-03
4.301305541561709599e-03
4.504106355210145060e-03
4.674462187621328951e-03
3.790796196295155400e-03
3.647686930166350438e-03
3.817310445010661975e-03
3.654779593149820854e-03
4.078572131693363606e-03
4.084178273462586717e-03
3.756083132078250151e-03
3.493845899485879640e-03
3.596766789754231568e-03
4.021385417630274697e-03
4.047599467966291401e-03
3.522199949042664497e-03
3.694755058321687845e-03
4.049305812352233663e-03
3.489496161540349157e-03
4.069965811860230126e-03
4.153853990137576849e-03
3.954253480252292383e-03
4.158832805438173949e-03
3.968250517629915049e-03
3.858066060476833016e-03
3.715676839152971724e-03
3.080367940581507299e-03
3.519344704432620079e-03
4.142808455766902945e-03
3.564521012206872414e-03
3.419099917842282309e-03
3.516932763159274881e-03
3.311652445958720471e-03
3.438071035262610983e-03
3.325505658156341793e-03
3.414456595977147582e-03
3.938415605160925509e-03
3.676334629870123358e-03
4.527942343718475635e-03
4.169275920010275492e-03
4.179595890972349209e-03
4.143816599001487119e-03
4.160511214286089290e-03
3.798122815787792050e-03
3.397955174247423594e-03
3.143521305173635309e-03
3.291998461095823388e-03
4.272768038014571230e-03
4.787928513768646872e-03
3.958397927797502672e-03
3.723181668255064018e-03
4.256995390686723821e-03
3.469626340601179165e-03
3.318962798350387055e-03
3.511285909141103386e-03
3.243497618370585773e-03
3.373295064601633184e-03
3.564455490559339471e-03
3.050604228758149739e-03
2.953133719662825139e-03
3.048518657063444513e-03
2.966989680296845070e-03
3.362444134222136467e-03
3.271983843296766194e-03
3.846254079706139164e-03
3.560184986434049119e-03
3.814843403589394163e-03
3.196524340245458611e-03
3.914420797179143062e-03
3.309784118706981387e-03
3.231395532687504971e-03
4.024419248518016495e-03
3.948669288721349917e-03
3.397617029647032570e-03
3.036801485965649229e-03
3.045220348156160977e-03
3.263465088481704284e-03
3.341462585247225153e-03
3.013829040444559581e-03
3.629476322482029765e-03
3.929200944387250573e-03
3.584305786838134014e-03
3.787353025335404594e-03
3.368684092743529264e-03
3.815691898473434936e-03
3.329312838613986917e-03
3.661518457035223793e-03
3.478720099147823014e-03
2.967238902217811825e-03
2.895252851562367565e-03
2.999247792694303884e-03
3.163848888749877433e-03
3.473253462256656928e-03
3.507517514129479801e-03
3.783372782377733036e-03
3.552802182320091619e-03
3.055002693500783514e-03
2.907468709680769304e-03
2.720219141079319950e-03
2.642092597153451652e-03
2.615031205738584021e-03
4.323970087700419740e-03
3.732083232866393024e-03
3.221319097404678772e-03
3.265587536411152826e-03
3.179128776407903929e-03
2.987129861075017104e-03
3.132670323053995606e-03
3.475402459088298892e-03
3.007806231164270039e-03
3.124546672527988775e-03
4.181340425792668021e-03
3.497530969066752187e-03
3.231148614237705930e-03
2.982615985804133729e-03
3.038784609072738094e-03
3.959125696370999030e-03
3.441042858693334813e-03
3.202731572091579298e-03
2.724078503540820588e-03
2.966358384324444767e-03
3.292498264668716236e-03
3.326369956549671096e-03
2.976120230224397339e-03
3.049923479557037267e-03
3.074863129812809969e-03
3.267666732685433392e-03
3.603778367655144799e-03
3.184366495245033023e-03
3.559699818078014555e-03
3.046310650598671715e-03
3.094439067774348677e-03
3.399845937059985460e-03
3.107598998273412329e-03
2.789906831458210858e-03
2.838003728538751429e-03
2.566295528991354748e-03
2.588620000622338796e-03
2.642794395279553406e-03
2.765857496609290620e-03
3.036796661714712565e-03
2.893275408488181055e-03
2.678209108610947898e-03
3.334781091867221933e-03
2.817679610517289952e-03
2.831396268059809939e-03
2.765601289769013815e-03
2.753962320793006298e-03
2.557792171008057246e-03
2.709148172289133245e-03
2.925598159846332525e-03
3.173872232437133668e-03
3.299520287869705300e-03
3.181620731742845591e-03
3.468632797400156460e-03
3.226638020326693876e-03
3.147527638615833182e-03
2.779613199333349962e-03
2.803875415896375876e-03
2.859778484950462919e-03
2.908094302854604199e-03
3.531060028407308985e-03
3.378152870055702115e-03
2.965905103418562359e-03
2.495008891241417854e-03
2.527685231632656633e-03
2.777247364736265545e-03
2.800091604391733921e-03
2.921802213208543088e-03
3.189166718059115863e-03
3.130529315935241027e-03
3.218831512042217777e-03
3.132107703843050543e-03
3.346670031961467701e-03
2.992558976014455217e-03
3.500473192996449157e-03
3.351866445607609192e-03
3.124140043639474489e-03
3.095310191727346661e-03
2.716484407169951314e-03
2.720773632948597295e-03
3.070535951604445955e-03
2.953296972231732407e-03
2.655479769325918595e-03
2.823627191699213355e-03
2.983022533978025095e-03
2.771776457213693222e-03
3.029361006079448523e-03
3.035453357216384533e-03
2.945046176513036167e-03
2.928946040984657054e-03
2.774043736151522895e-03
2.933514585925472984e-03
2.777744815167453463e-03
3.136586242665847287e-03
3.345231877432928991e-03
3.046364471730258778e-03
2.816043931783901184e-03
2.464169609463877364e-03
2.395182123614681899e-03
2.320444645980994022e-03
2.456832926513420178e-03
2.279524936651189989e-03
2.429760781427224570e-03
2.827976949305997800e-03
3.025642813493808168e-03
3.268737194852696336e-03
2.998772102097670405e-03
2.917366926040914320e-03
2.664518536378939796e-03
2.617364432662725587e-03
2.651078384369611948e-03
2.789539934860335579e-03
3.002239693370130271e-03
2.945850437713993814e-03
2.908052226735485801e-03
2.519146860059764612e-03
2.458465284564428834e-03
2.617119655220045103e-03
2.970912210229370402e-03
3.255961900576949310e-03
2.797095340987046635e-03
2.813474062002367486e-03
3.138231107344229866e-03
3.132929483221636759e-03
3.137528096429175947e-03
2.897431061913569982e-03
2.558251503441068882e-03
2.528248483108149706e-03
2.377430989096561854e-03
3.018813950734006244e-03
2.986782427049345431e-03
2.612701633738146855e-03
2.953725560671753309e-03
2.621085686195227804e-03
2.651723393549521891e-03
2.545402468078666099e-03
2.518132458337479264e-03
2.678897670573658629e-03
2.887258022609684276e-03
2.528880320282445807e-03
3.056000245528088868e-03
2.582498374912473808e-03
2.430076210035218148e-03
3.289814932892719951e-03
3.609628818101353297e-03
2.979390906790892104e-03
2.598859661569198100e-03
2.470966070476505495e-03
2.532296213838789410e-03
2.946878599209917793e-03
3.620815395067135574e-03
3.062885466756092110e-03
2.420991628120343006e-03
2.589588600935207284e-03
2.383532157788673892e-03
2.396727562364604942e-03
2.742121441082821885e-03
2.591175581845972260e-03
2.409972437760896351e-03
2.491474670047561304e-03
2.563633602112531766e-03
2.670638582979639308e-03
2.437276389035913666e-03
3.118151273164484084e-03
2.536459563093053111e-03
2.952530512379275378e-03
2.927141502085659364e-03
2.536573220665256333e-03
2.264116070129805220e-03
2.449801127529806742e-03
3.112996611744165559e-03
2.706261521412266832e-03
2.546157590630981470e-03
3.567622291545073134e-03
3.693218583034144683e-03
2.610247491134537554e-03
2.286574761900636750e-03
2.408154995905028607e-03
2.541605025115940310e-03
2.354182982817292196e-03
2.281245000453458772e-03
2.267065389702717544e-03
2.373306263859073419e-03
2.362439775218566455e-03
2.355324741866853325e-03
2.103066378169589617e-03
2.379643804290228464e-03
2.296393753753768040e-03
2.333343881699773831e-03
2.734557520598172951e-03
2.657963858089513239e-03
2.603311913294924576e-03
2.902217023074626749e-03
2.533958270731899356e-03
3.066915111202332851e-03
3.618018433658613114e-03
3.241813344260056733e-03
2.645732758359776483e-03
2.946164918442567039e-03
2.386470971008141859e-03
2.424085855277048271e-03
2.442232674608627984e-03
2.361557486777504395e-03
2.203446600793136558e-03
2.314893808215856379e-03
2.670804113149643014e-03
2.807122726614276562e-03
2.454476328566670539e-03
2.275881970094310001e-03
2.410439537424180143e-03
2.701113815419375896e-03
2.256057324508825741e-03
2.058250365468362788e-03
2.219381889121400074e-03
2.306350366108947392e-03
2.529786460929446534e-03
2.356374970533781435e-03
2.308322201586431813e-03
2.290913307418425676e-03
2.272436028967300854e-03
2.722251026166809789e-03
2.480544865959220455e-03
2.232589103902379857e-03
2.383422539052036139e-03
2.452084011294775653e-03
2.426457986649539766e-03
2.646245441089073881e-03
2.891176900722914299e-03
2.986793228321605286e-03
3.309342367574572615e-03
2.844038651221328286e-03
2.351289035028053705e-03
2.249442583156956686e-03
2.360249536318911618e-03
2.385478061106470048e-03
2.410425674170255540e-03
2.271224740478727452e-03
2.315466164921720776e-03
2.495951243779725298e-03
3.276988141652610424e-03
2.640836390977104563e-03
2.399835974598924469e-03
2.229015116269389939e-03
2.462970960057444224e-03
2.614862308320072080e-03
2.334768237132165119e-03
2.588183530088928024e-03
2.284045660247405532e-03
2.715673035838537912e-03
3.169221422738498998e-03
2.776143871661689456e-03
2.460988394709096895e-03
2.630528975278139097e-03
2.830769984672466735e-03
2.563991575605339274e-03
2.348979953159060531e-03
2.448028244285120007e-03
2.469199405362208690e-03
2.424953513675266042e-03
2.715935281788309317e-03
3.001957022481494507e-03
2.623121886410647099e-03
2.747324160817596859e-03
2.803260996523830595e-03
2.378274691808554987e-03
2.299711999172965576e-03
2.344238054421212986e-03
2.386557536406649655e-03
2.792436142141620226e-03
2.388898538839486028e-03
2.066144849070244462e-03
2.055907089056240294e-03
2.059448021981451129e-03
2.307585734460089119e-03
2.069409045701225709e-03
2.196554142153925217e-03
2.368913522611061900e-03
3.077072337683704056e-03
2.741347447865539241e-03
2.551325635156697757e-03
2.942759591258234299e-03
2.341324677173462366e-03
2.087751808058884231e-03
2.167100887228217473e-03
2.076315161668592160e-03
2.324804267328646392e-03
2.385687756662567289e-03
2.500940089424451025e-03
2.445620904780096676e-03
2.381725989075170625e-03
2.414103283857306059e-03
2.194447922002937951e-03
2.491712961345910957e-03
2.440195161228378776e-03
2.581767361197206696e-03
2.419723811455898928e-03
2.124069202691316553e-03
2.134212249269087924e-03
2.576119974255561620e-03
2.421723996392554593e-03
2.604182893410324912e-03
2.868084466705719555e-03
2.743773174782593912e-03
3.279116193039549512e-03
2.494451523654990857e-03
2.582162911486294687e-03
2.168812150549557626e-03
2.166850898000928938e-03
2.262900322675705147e-03
2.598665675355328521e-03
2.987374732684758023e-03
2.394484628198875406e-03
2.158102043386962710e-03
2.096323883160948649e-03
2.153601853383911927e-03
2.190786791551444304e-03
2.180324072639147279e-03
2.156521446175045480e-03
2.248558928776118408e-03
2.309908612320820624e-03
2.244111062544915450e-03
2.136136882731484114e-03
2.051029548876815312e-03
2.151620319734016962e-03
2.227631234046485633e-03
2.218717326306634315e-03
3.181688142940401927e-03
2.456907791395982095e-03
2.280737766996025848e-03
1.994887857387463419e-03
1.958294829560650822e-03
1.909863779114352386e-03
2.224982701655891289e-03
2.386631470484038182e-03
2.227939266401032705e-03
2.049771607336070903e-03
2.621939132610956718e-03
2.312887927724255506e-03
2.220224627397126681e-03
2.311473225967751541e-03
2.252680621006422461e-03
2.148746086491478899e-03
2.082404184879528292e-03
2.483766697761085121e-03
3.030478818238609325e-03
2.456731807647479903e-03
2.166490730726056569e-03
2.508157086041238378e-03
4.129018485546111922e-03
3.278616452589630959e-03
3.418549325110183893e-03
3.738377514398760326e-03
3.341494668275117944e-03
2.737844018265604869e-03
2.625843697331018117e-03
2.453288897458049799e-03
2.498639277699920766e-03
2.768268056420816314e-03
2.650649891131453932e-03
2.348140850663185154e-03
2.528048039724429662e-03
2.424028985616233541e-03
2.451566132302913491e-03
2.214305862887865940e-03
2.272897940129041741e-03
2.364687479825483465e-03
2.366742989979684405e-03
2.383820857438776267e-03
2.720685507067375532e-03
2.868592238260640054e-03
2.895631293455759765e-03
2.597594173211190561e-03
3.135876841843128308e-03
3.059461718011233667e-03
2.580245118588209239e-03
2.433954121337996400e-03
2.560479910009437216e-03
2.664531506597995689e-03
3.140393172701199699e-03
2.817245863585008531e-03
2.659030949386457631e-03
2.413753583613369256e-03
2.248294932974709281e-03
2.135889329430129633e-03
2.570410377035538176e-03
2.844746654025382456e-03
2.202556409562627347e-03
2.042646943074133501e-03
2.725609017329083412e-03
2.282943403762247980e-03
2.646342340546349679e-03
2.409616755321621930e-03
2.270263179929720224e-03
2.220164715933302824e-03
2.285342906705207112e-03
2.221974601141280675e-03
2.171931447875168585e-03
2.224153432374199359e-03
2.195800536622603914e-03
2.142100820524824815e-03
2.155224872339103152e-03
2.228859046267138693e-03
2.298449843914972344e-03
2.119613399522172082e-03
2.064920463081863257e-03
2.033027959987521085e-03
2.056942618348532072e-03
2.282552821561694301e-03
2.388065489422943992e-03
2.220275270649128396e-03
2.495364734075135663e-03
3.418695287158091817e-03
2.580580361083977675e-03
2.345356928805510197e-03
2.252656444907188363e-03
2.299536834988328941e-03
2.372600636962387231e-03
2.433721522490183298e-03
2.363986888279517428e-03
2.429232079949644046e-03
2.690885099064972870e-03
2.694718685622016652e-03
2.411521373109684879e-03
2.361369865636030619e-03
2.959625872059000982e-03
2.969554277757803420e-03
2.512832987639638908e-03
2.214639942265218993e-03
2.136665506081448715e-03
2.088443242116934731e-03
2.105049437118901301e-03
2.165533526697092492e-03
2.150538314340843301e-03
2.469976989345418119e-03
2.325871617843707374e-03
2.442254310266839170e-03
2.325548728307088014e-03
2.519927913736965796e-03
2.396913612675335460e-03
2.210531495511531934e-03
2.237721816119220622e-03
2.234478313475847088e-03
2.149113865776194465e-03
1.976664486444658798e-03
2.162032278461588786e-03
2.086791155031985680e-03
2.073218198493122916e-03
2.215128233656287263e-03
2.404076500485340887e-03
2.174164562796552982e-03
2.502270034617847666e-03
2.587302254719866818e-03
2.498199923170937257e-03
2.488829300014509024e-03
2.166144443261954541e-03
2.268694148709376763e-03
2.535731698282890981e-03
2.638360276404354450e-03
2.270839326601061491e-03
2.028804043721821673e-03
2.053132419370942534e-03
1.961713358759880222e-03
1.953788156517677864e-03
2.328113364055752702e-03
2.248208790810571778e-03
2.068292521354224769e-03
2.137768541773160148e-03
2.066959127162893654e-03
2.249843593583338800e-03
2.006492096309860605e-03
2.260854755424790939e-03
2.376947392606073000e-03
2.304033612728946610e-03
2.105862756984101282e-03
2.332966726066337815e-03
2.162416268967919889e-03
2.114276995675431429e-03
2.444804055202338434e-03
2.241600718763139561e-03
2.183065382349822468e-03
2.268813783302903175e-03
2.508923342037532121e-03
2.220838108203477147e-03
2.241720264363619968e-03
2.071894508683019224e-03
2.086091510330637111e-03
1.986377894774907053e-03
2.015781224601798441e-03
2.171363243833184051e-03
2.334228538804584106e-03
2.636949261650443042e-03
2.571781360440783971e-03
2.252362973781095630e-03
2.025001186670528659e-03
2.008018633350729804e-03
2.065749969333410384e-03
2.170622448126474820e-03
2.034720657910737886e-03
1.956458826445870835e-03
1.946486091344720726e-03
1.894090165280633547e-03
2.116674536632166901e-03
2.111458414130740636e-03
2.264121064088410809e-03
2.256270375930600775e-03
2.745491497011648494e-03
2.347500533279445536e-03
2.196010963784323592e-03
2.225011844808856814e-03
2.127512431600027659e-03
2.301568547263741632e-03
2.379213040694594210e-03
2.134103156729704777e-03
2.124956814158294061e-03
2.201175772481494663e-03
2.301803069810072488e-03
2.685767282835311524e-03
2.137055343223942441e-03
2.098445320605403768e-03
2.027881344159444040e-03
2.359887455693549484e-03
2.247832260198063137e-03
2.181100945195390325e-03
2.026856528181168564e-03
2.081972317149241841e-03
2.212998979828424001e-03
2.126965065383248921e-03
2.249060443395541845e-03
1.970178195171885978e-03
1.979779306178291575e-03
1.830031985623968918e-03
1.899734094428519402e-03
1.959198744864099756e-03
2.190014611826174903e-03
2.026133160624239010e-03
2.032582673968540490e-03
2.113161905565195432e-03
2.215920998197462750e-03
2.057823490144477813e-03
1.965339676373534846e-03
2.107181735336780687e-03
2.180724822812610351e-03
2.110639264703624562e-03
2.076020687818527430e-03
2.314621223550703769e-03
2.170054799773626919e-03
2.965327721710006234e-03
2.363645959024628096e-03
2.120635290630161918e-03
2.188853443496757267e-03
2.177555639710691392e-03
2.902419045567512703e-03
2.850583031152685316e-03
2.566913054842087996e-03
2.126413457509544313e-03
2.046871164606677267e-03
1.976077191324697533e-03
2.283069209920035331e-03
2.562649458025892564e-03
2.118062401811281713e-03
2.012280243345432752e-03
2.114433894554773770e-03
2.198700984526011544e-03
2.250531931511229756e-03
2.284502467761437110e-03
2.066008934958113354e-03
2.012399923470285269e-03
1.935797438749836544e-03
1.884197860749231438e-03
1.944203302781614918e-03
1.926378978209363196e-03
2.006081168332861375e-03
1.995272097798685140e-03
1.961977312134371900e-03
2.195223533651894862e-03
1.928318233953581814e-03
1.914046861024366582e-03
2.046363060880038685e-03
2.445039545289344474e-03
2.109953750752740272e-03
2.072559818625450273e-03
2.216270915750000355e-03
2.586920537675420611e-03
2.288672322303884378e-03
2.066397445483340086e-03
2.047111255427201421e-03
2.528333355569177196e-03
2.322766592519150911e-03
2.349742346753676703e-03
2.068587269427047716e-03
1.827693750253982013e-03
1.879355111676785746e-03
1.831781865201062695e-03
2.042282774216599116e-03
2.299008403076893865e-03
2.130394257191154522e-03
2.196065332326624202e-03
2.107398902169532132e-03
1.867925914832287279e-03
1.865969981170362930e-03
2.176509285863075047e-03
2.006820245749420684e-03
1.817441024403605157e-03
1.744916352650357702e-03
1.925579810308085567e-03
2.071413904842403075e-03
2.359589360033472263e-03
2.237821852581368433e-03
2.042843759473827060e-03
1.940349142791496359e-03
1.920650017758210575e-03
2.005734796532326111e-03
1.986308805644512038e-03
1.800383563256925928e-03
1.890408062479562211e-03
1.928765000775456342e-03
1.942298850044608125e-03
2.169000723709662865e-03
2.072927063951889807e-03
2.620487935427162282e-03
2.308980511087510394e-03
1.979526847911377944e-03
1.931536076590418876e-03
1.883592586964368725e-03
2.058308545707000434e-03
2.209014509183665313e-03
2.112603655809329808e-03
2.019962722746034608e-03
1.824037492689159143e-03
2.017988607080446316e-03
1.881218467735581859e-03
1.919665504246950054e-03
1.955340048815641055e-03
2.103979000821709633e-03
2.217816226184368168e-03
1.955831245415740570e-03
1.929030455648899018e-03
2.147223783863915370e-03
2.222535028639767082e-03
3.311521575475732601e-03
2.609038129448890565e-03
2.369113089516758971e-03
2.069850538132919117e-03
1.952575623161262840e-03
1.966750541081031291e-03
1.937392678422232475e-03
2.120634724075595636e-03
1.888093893519706117e-03
1.908538448624312817e-03
1.843950874172151132e-03
1.819972480750746283e-03
1.808452014293935499e-03
1.856950608392556610e-03
1.757281266359819261e-03
1.787225743238296787e-03
1.811988864921861182e-03
2.024892436133490792e-03
2.390755698498752378e-03
2.167719299387600891e-03
2.072232045336729837e-03
2.063598860469129364e-03
2.315457208702961529e-03
2.170390619171990495e-03
2.120906894819603924e-03
1.811329514409104917e-03
1.836889688339498217e-03
1.808491736236545865e-03
2.040945883426401215e-03
2.032591207987732330e-03
2.069516325265996839e-03
1.708088896444274248e-03
1.862892663727203947e-03
2.184119469279216606e-03
2.181829905344380340e-03
2.104321210645139061e-03
1.839867789919177616e-03
1.740909627535276900e-03
1.839017684364484435e-03
1.752315392821199346e-03
1.830488060497575389e-03
2.118077805886665888e-03
2.217169298479954465e-03
2.544531277898285163e-03
2.713228435669508103e-03
1.969300284981727669e-03
1.886702518289287873e-03
1.749611418280336674e-03
1.771223555939893017e-03
1.807185056515865770e-03
1.828043945651087500e-03
1.882942662470870557e-03
