Mesh Points: 984
	 8.994018e+00,  5.850540e+00
	 9.292800e+00,  5.815693e+00
	 8.574044e+00,  5.304110e+00
	 9.535267e+00,  5.245579e+00
	 9.029776e+00,  4.958835e+00
	 1.069229e+01,  7.147773e+00
	 1.054917e+01,  7.719736e+00
	 1.013583e+01,  6.995375e+00
	 9.838055e+00,  7.594700e+00
	 2.000000e+01,  3.877891e+00
	 1.938295e+01,  3.716795e+00
	 2.000000e+01,  4.179856e+00
	 1.928438e+01,  4.361845e+00
	 1.918103e+01,  4.180664e+00
	 4.620155e+00,  9.699634e+00
	 4.780320e+00,  9.552612e+00
	 4.200099e+00,  9.598106e+00
	 4.454486e+00,  9.322447e+00
	 3.316824e+00,  5.631519e+00
	 3.338212e+00,  5.083214e+00
	 2.957339e+00,  5.223286e+00
	 8.025619e+00,  1.323978e+01
	 7.944391e+00,  1.368935e+01
	 7.617795e+00,  1.259851e+01
	 6.393681e+00,  1.433365e+01
	 6.466920e+00,  1.437421e+01
	 7.470219e+00,  1.436935e+01
	 7.124866e+00,  1.238729e+01
	 6.551389e+00,  1.243407e+01
	 7.698519e+00,  1.421110e+01
	 6.532051e+00,  1.244127e+01
	 5.981329e+00,  1.309080e+01
	 5.922768e+00,  1.336928e+01
	 1.006255e+01,  1.006616e+01
	 9.910800e+00,  1.052386e+01
	 1.051057e+01,  1.048098e+01
	 1.315102e+01,  1.309229e+01
	 1.308278e+01,  1.333023e+01
	 1.263935e+01,  1.327656e+01
	 1.267407e+01,  1.331045e+01
	 2.000000e+01,  1.171375e+01
	 1.922918e+01,  1.127519e+01
	 1.902866e+01,  1.131610e+01
	 1.859450e+01,  1.195927e+01
	 1.874508e+01,  1.240119e+01
	 1.859795e+01,  1.193014e+01
	 2.000000e+01,  1.223992e+01
	 1.931529e+01,  1.258922e+01
	 1.888962e+01,  1.141726e+01
	 1.871214e+01,  1.165797e+01
	 1.878352e+01,  1.244235e+01
	 1.543541e+01,  9.106444e+00
	 1.587364e+01,  9.001753e+00
	 1.527921e+01,  8.745424e+00
	 1.579127e+01,  8.318941e+00
	 8.113829e+00,  1.322665e+01
	 8.233755e+00,  1.365164e+01
	 1.681833e+01,  0.000000e+00
	 1.693836e+01,  1.031110e+00
	 1.636784e+01,  0.000000e+00
	 1.639271e+01,  1.244886e+00
	 1.605225e+01,  1.011822e+00
	 1.879696e+01,  9.780903e-01
	 1.887018e+01,  6.074039e-01
	 1.861649e+01,  1.290136e+00
	 1.769338e+01,  1.713534e+00
	 1.793798e+01,  1.725615e+00
	 1.870259e+01, -1.110223e-16
	 9.598978e+00,  1.857038e+01
	 9.783949e+00,  1.786090e+01
	 1.037099e+01,  1.910438e+01
	 1.073392e+01,  1.896691e+01
	 1.104547e+01,  1.864727e+01
	 1.112368e+01,  1.810165e+01
	 1.089879e+01,  1.763850e+01
	 1.052279e+01,  1.751751e+01
	 1.198210e+01,  1.686855e+01
	 1.184606e+01,  1.707337e+01
	 1.236920e+01,  1.741782e+01
	 1.220066e+01,  1.753400e+01
	 1.345672e+01,  8.041225e+00
	 1.313849e+01,  7.813033e+00
	 1.329197e+01,  8.579694e+00
	 1.285550e+01,  8.437033e+00
	 1.278630e+01,  8.226526e+00
	 7.310694e+00,  1.570928e+01
	 6.681759e+00,  1.596355e+01
	 6.744912e+00,  1.684420e+01
	 7.328751e+00,  1.693219e+01
	 7.766485e+00,  1.610096e+01
	 7.632903e+00,  1.677233e+01
	 1.099866e+01,  3.950544e+00
	 1.038772e+01,  3.526335e+00
	 1.106950e+01,  4.165647e+00
	 1.095813e+01,  4.591809e+00
	 1.038730e+01,  4.902040e+00
	 9.924123e+00,  4.705451e+00
	 9.760371e+00,  4.090836e+00
	 1.010367e+01,  3.582019e+00
	 9.768414e+00,  4.436556e+00
	 8.080096e+00,  1.235940e+01
	 8.257904e+00,  1.192104e+01
	 7.952952e+00,  1.148042e+01
	 6.965511e+00,  1.189202e+01
	 7.546800e+00,  1.130238e+01
	 9.038909e+00,  6.238030e+00
	 8.596866e+00,  7.108042e+00
	 7.284446e+00,  7.028511e+00
	 7.507777e+00,  7.183220e+00
	 7.048198e+00,  5.971555e+00
	 7.568576e+00,  5.171093e+00
	 3.870870e+00,  6.477734e+00
	 4.591003e+00,  7.237005e+00
	 3.289837e+00,  6.469239e+00
	 4.534561e+00,  7.679373e+00
	 4.101820e+00,  8.315267e+00
	 3.403425e+00,  8.513257e+00
	 2.574625e+00,  8.065059e+00
	 2.510704e+00,  7.953160e+00
	 2.707447e+00,  6.684961e+00
	 2.656833e+00,  6.739668e+00
	 5.228877e+00,  9.476544e+00
	 5.315902e+00,  9.394406e+00
	 5.274958e+00,  8.485402e+00
	 5.006296e+00,  8.395997e+00
	 4.466676e+00,  8.594871e+00
	 1.466734e+01,  9.068916e+00
	 1.506538e+01,  9.433493e+00
	 1.477541e+01,  8.751479e+00
	 4.196736e+00,  9.600451e+00
	 4.502531e+00,  9.884979e+00
	 1.003103e+01,  1.167515e+01
	 9.644522e+00,  1.076379e+01
	 8.822768e+00,  1.063317e+01
	 9.295612e+00,  1.227095e+01
	 8.412126e+00,  1.181417e+01
	 8.360972e+00,  1.146183e+01
	 4.612431e+00,  1.680146e+00
	 4.739611e+00,  2.139314e+00
	 4.483617e+00,  1.659150e+00
	 4.167428e+00,  1.937289e+00
	 4.268287e+00,  2.220151e+00
	 1.450972e+01,  1.828493e+01
	 1.464943e+01,  1.822713e+01
	 1.438071e+01,  1.910631e+01
	 1.506921e+01,  1.890890e+01
	 1.511933e+01,  1.869743e+01
	 4.448026e+00,  1.451284e+01
	 4.630609e+00,  1.486021e+01
	 5.001647e+00,  1.417847e+01
	 5.343574e+00,  1.471616e+01
	 5.321937e+00,  1.476020e+01
	 1.020413e+01,  1.580104e+01
	 9.959345e+00,  1.624759e+01
	 1.092727e+01,  1.547572e+01
	 9.968002e+00,  1.688858e+01
	 1.154808e+01,  1.556893e+01
	 1.200810e+01,  1.652685e+01
	 1.171118e+01,  1.576112e+01
	 3.558469e+00,  1.366024e+01
	 3.128532e+00,  1.357124e+01
	 4.018542e+00,  1.299200e+01
	 3.986725e+00,  1.291797e+01
	 3.408317e+00,  1.242812e+01
	 3.582871e+00,  1.244940e+01
	 2.889931e+00,  1.299608e+01
	 0.000000e+00,  7.561713e+00
	 3.479968e-01,  8.039529e+00
	 0.000000e+00,  8.308237e+00
	 6.238616e+00,  1.706654e+01
	 5.930514e+00,  1.692795e+01
	 5.767468e+00,  1.713461e+01
	 5.782358e+00,  1.722363e+01
	 6.238102e+00,  1.709350e+01
	 1.424129e+01,  1.125454e+01
	 1.398628e+01,  1.100607e+01
	 1.341161e+01,  1.115663e+01
	 1.340383e+01,  1.163875e+01
	 1.370942e+01,  1.183693e+01
	 1.417458e+01,  1.175297e+01
	 2.521897e+00,  9.262770e+00
	 2.416749e+00,  9.391180e+00
	 2.275891e+00,  8.924922e+00
	 2.048904e+00,  9.026810e+00
	 2.113625e+00,  9.335117e+00
	 2.000000e+01,  1.973062e+01
	 1.977808e+01,  1.979213e+01
	 2.000000e+01,  2.000000e+01
	 1.968776e+01,  2.000000e+01
	 5.363662e+00,  5.196584e+00
	 5.896486e+00,  5.373166e+00
	 5.271494e+00,  5.471705e+00
	 5.819496e+00,  5.575526e+00
	 5.308252e+00,  5.561864e+00
	 1.407810e+01,  1.693996e+01
	 1.349577e+01,  1.764160e+01
	 1.460948e+01,  1.705147e+01
	 1.368831e+01,  1.805215e+01
	 1.486880e+01,  1.746260e+01
	 1.521920e+01,  1.466295e+01
	 1.424402e+01,  1.439843e+01
	 1.513439e+01,  1.536335e+01
	 1.410144e+01,  1.449618e+01
	 1.407697e+01,  1.453445e+01
	 1.453376e+01,  1.567650e+01
	 1.470490e+01,  1.569808e+01
	 1.408568e+01,  1.520893e+01
	 5.185793e+00,  1.814692e+01
	 5.411252e+00,  1.754633e+01
	 4.602290e+00,  1.784961e+01
	 4.549611e+00,  1.767590e+01
	 5.038441e+00,  1.723135e+01
	 1.387196e+01,  5.082559e+00
	 1.381908e+01,  5.247795e+00
	 1.374837e+01,  5.078251e+00
	 1.370498e+01,  5.194307e+00
	 1.355512e+01,  5.005953e+00
	 1.350283e+01,  5.165529e+00
	 1.335469e+01,  4.318327e+00
	 1.302813e+01,  5.524204e+00
	 1.232539e+01,  4.264036e+00
	 1.253818e+01,  4.120864e+00
	 1.217192e+01,  4.922059e+00
	 1.279847e+01,  5.530762e+00
	 1.315082e+01,  4.186576e+00
	 1.103490e+01,  6.546136e+00
	 1.077936e+01,  6.058893e+00
	 1.093644e+01,  6.944617e+00
	 1.000923e+01,  6.474754e+00
	 1.166318e+01,  2.000000e+01
	 1.133848e+01,  1.967252e+01
	 1.110051e+01,  2.000000e+01
	 1.694474e+01,  8.361308e+00
	 1.774865e+01,  8.310910e+00
	 1.685271e+01,  9.085439e+00
	 1.704399e+01,  9.246382e+00
	 1.778048e+01,  9.113458e+00
	 1.791952e+01,  8.718029e+00
	 1.654823e+01,  1.223178e+01
	 1.672332e+01,  1.177184e+01
	 1.687185e+01,  1.280640e+01
	 1.772462e+01,  1.236467e+01
	 1.736746e+01,  1.169705e+01
	 1.750949e+01,  1.273817e+01
	 2.000000e+01,  5.468561e+00
	 1.977454e+01,  5.510724e+00
	 1.909396e+01,  4.876366e+00
	 4.029815e+00,  1.892492e+01
	 3.917267e+00,  1.851272e+01
	 3.814469e+00,  1.898418e+01
	 3.554443e+00,  1.853587e+01
	 1.164486e+01,  1.161094e+01
	 1.167275e+01,  1.220351e+01
	 1.200341e+01,  1.154464e+01
	 1.195732e+01,  1.226433e+01
	 1.226880e+01,  1.181071e+01
	 1.922522e+01,  8.259492e+00
	 1.908024e+01,  8.626524e+00
	 1.952221e+01,  8.475829e+00
	 1.951396e+01,  8.410092e+00
	 1.595369e+00,  2.535368e+00
	 2.013575e+00,  2.709252e+00
	 1.303913e+00,  2.778713e+00
	 1.877710e+00,  3.218137e+00
	 1.270730e+00,  2.904164e+00
	 2.435979e+00,  4.115791e+00
	 2.002726e+00,  3.695785e+00
	 2.257799e+00,  4.697914e+00
	 1.435776e+00,  4.590535e+00
	 1.364103e+00,  4.258696e+00
	 1.153078e+01,  1.829930e+01
	 1.119319e+01,  1.878175e+01
	 2.292458e+00,  9.769376e+00
	 1.940383e+00,  9.697166e+00
	 2.658263e+00,  1.042224e+01
	 1.428401e+00,  9.851464e+00
	 1.290398e+00,  1.067678e+01
	 2.406493e+00,  1.098298e+01
	 1.982755e+00,  1.118202e+01
	 1.277528e+01,  1.889667e+00
	 1.221802e+01,  2.248784e+00
	 1.240966e+01,  1.154676e+00
	 1.159450e+01,  1.412762e+00
	 1.195422e+01,  2.225276e+00
	 1.189802e+01,  1.095314e+00
	 1.760243e+01,  1.066968e+01
	 1.766952e+01,  1.095676e+01
	 1.779416e+01,  1.065533e+01
	 1.789448e+01,  1.089418e+01
	 3.930594e+00,  1.236353e+01
	 6.844063e+00,  1.189374e+01
	 6.206341e+00,  1.151001e+01
	 6.032235e+00,  1.205362e+01
	 4.928798e+00,  4.736849e+00
	 4.861085e+00,  4.515298e+00
	 4.501198e+00,  4.426011e+00
	 4.355896e+00,  4.674051e+00
	 4.662531e+00,  4.936805e+00
	 0.000000e+00,  1.252048e+01
	 3.002762e-01,  1.305757e+01
	 0.000000e+00,  1.309014e+01
	 6.586841e+00,  2.325703e+00
	 6.952049e+00,  3.088517e+00
	 6.026935e+00,  2.216000e+00
	 5.723834e+00,  3.241229e+00
	 6.505649e+00,  3.503670e+00
	 5.670576e+00,  2.936986e+00
	 1.685224e+01,  3.811054e+00
	 1.639855e+01,  3.549988e+00
	 1.710230e+01,  3.602021e+00
	 1.669128e+01,  3.073983e+00
	 1.296617e+01,  1.074728e+01
	 1.266473e+01,  1.076533e+01
	 1.234474e+01,  1.177010e+01
	 1.319520e+01,  1.187552e+01
	 1.223088e+01,  1.141178e+01
	 1.630325e+01,  2.000000e+01
	 1.581187e+01,  1.946429e+01
	 1.558610e+01,  2.000000e+01
	 1.573166e+01,  1.948475e+01
	 1.218068e+01,  9.562547e+00
	 1.214376e+01,  9.607786e+00
	 1.262261e+01,  9.790212e+00
	 1.251839e+01,  1.005501e+01
	 1.671737e+01,  1.675314e+01
	 1.708283e+01,  1.715429e+01
	 1.624498e+01,  1.705861e+01
	 1.620766e+01,  1.753293e+01
	 1.688893e+01,  1.756709e+01
	 1.242311e+00,  5.792456e+00
	 8.976623e-01,  6.018572e+00
	 1.883503e+00,  5.993311e+00
	 8.121153e-01,  6.560930e+00
	 9.644743e-01,  6.839430e+00
	 1.251220e+00,  7.014552e+00
	 1.939310e+00,  6.569460e+00
	 0.000000e+00,  2.890005e+00
	 6.418744e-01,  3.278724e+00
	 0.000000e+00,  2.630906e+00
	 1.230087e+00,  2.094421e+00
	 7.083770e-01,  1.899305e+00
	 4.223472e-01,  2.029281e+00
	 1.590745e+01,  1.107805e+00
	 1.606403e+01,  1.794223e+00
	 1.612285e+01,  1.813947e+00
	 3.704753e+00,  1.090821e+01
	 4.183002e+00,  1.127217e+01
	 4.427255e+00,  1.076648e+01
	 9.258592e-01,  1.410498e+01
	 3.968165e-01,  1.449769e+01
	 6.288767e-01,  1.466996e+01
	 1.011857e+00,  1.413035e+01
	 2.000000e+01,  6.123959e+00
	 1.991712e+01,  6.124200e+00
	 1.231311e+00,  2.093985e+00
	 5.753091e+00,  9.796509e+00
	 5.617805e+00,  9.700239e+00
	 5.573426e+00,  9.931835e+00
	 5.522533e+00,  9.821620e+00
	 1.810654e+01,  1.115607e+01
	 1.762485e+01,  1.134737e+01
	 1.802169e+00,  1.591441e+01
	 1.745373e+00,  1.660969e+01
	 1.582041e+00,  1.541730e+01
	 0.000000e+00,  1.684358e+01
	 4.209108e-01,  1.718855e+01
	 0.000000e+00,  1.550008e+01
	 1.537496e+00,  1.538263e+01
	 7.558823e-01,  1.519234e+01
	 1.164900e+00,  1.724017e+01
	 1.283785e+01,  1.766363e+01
	 1.257363e+01,  1.816304e+01
	 1.214419e+01,  1.806532e+01
	 6.103731e+00,  1.092780e+01
	 5.486899e+00,  1.054747e+01
	 4.590422e+00,  1.062062e+01
	 4.258349e+00,  1.208988e+01
	 5.085173e+00,  1.262485e+01
	 5.408631e+00,  1.255823e+01
	 9.361782e-01,  1.058656e+00
	 6.563560e-01,  1.771335e+00
	 4.620910e-01,  6.395724e-01
	 0.000000e+00,  1.697565e+00
	 2.788802e-01,  1.804833e+00
	 0.000000e+00,  7.872857e-01
	 4.894451e+00,  6.440513e+00
	 4.750055e+00,  6.078932e+00
	 4.783245e+00,  7.028689e+00
	 4.737330e+00,  7.121716e+00
	 4.625449e+00,  6.011035e+00
	 3.999030e+00,  6.193583e+00
	 3.245898e-01,  4.328623e+00
	 0.000000e+00,  4.343484e+00
	 3.379397e-01,  4.516330e+00
	 0.000000e+00,  4.636579e+00
	 1.335005e+01,  1.860369e+01
	 1.308883e+01,  1.865831e+01
	 1.447259e+01,  8.566409e+00
	 1.418329e+01,  8.980189e+00
	 1.596397e+01,  1.198956e+01
	 1.652851e+01,  1.164751e+01
	 1.621820e+01,  1.100773e+01
	 1.568702e+01,  1.183671e+01
	 1.562712e+01,  1.106024e+01
	 3.006069e+00,  1.841544e+01
	 3.152524e+00,  1.816892e+01
	 3.367638e+00,  1.844497e+01
	 1.926345e+01,  1.058335e+01
	 1.923644e+01,  1.057531e+01
	 1.884123e+01,  1.107166e+01
	 1.736490e+01,  1.463691e+01
	 1.713834e+01,  1.423994e+01
	 1.737569e+01,  1.470862e+01
	 1.593027e+01,  1.467581e+01
	 1.601615e+01,  1.418547e+01
	 1.616885e+01,  1.519997e+01
	 1.709332e+01,  1.513812e+01
	 1.666237e+01,  1.537678e+01
	 1.664821e+01,  1.398396e+01
	 1.665230e+01,  1.537814e+01
	 8.276669e-01,  5.232842e+00
	 5.466664e-01,  5.589439e+00
	 8.006433e-01,  4.933077e+00
	 0.000000e+00,  5.551434e+00
	 1.035898e+01,  5.116659e+00
	 1.081415e+01,  5.637737e+00
	 1.129128e+01,  5.087051e+00
	 1.227985e+01,  8.694906e+00
	 1.231019e+01,  8.240359e+00
	 6.437598e+00,  1.063476e+01
	 6.884435e+00,  1.056820e+01
	 7.415619e+00,  1.090077e+01
	 2.000000e+01,  5.474525e-01
	 1.934972e+01,  5.966649e-01
	 2.000000e+01,  1.840937e+00
	 1.931011e+01,  1.865675e+00
	 1.912360e+01,  1.503230e+00
	 1.911761e+01,  1.130039e+00
	 2.000000e+01,  1.367980e+01
	 1.951307e+01,  1.362244e+01
	 2.000000e+01,  1.475895e+01
	 1.903474e+01,  1.457794e+01
	 1.916624e+01,  1.386730e+01
	 4.656017e+00,  1.605603e+01
	 4.700808e+00,  1.600042e+01
	 4.428275e+00,  1.555784e+01
	 4.255908e+00,  1.590419e+01
	 4.190325e+00,  1.576800e+01
	 1.904633e+01,  2.190176e+00
	 1.860112e+01,  2.288567e+00
	 1.516556e+01,  1.855411e+00
	 1.516947e+01,  1.106771e+00
	 1.854484e+01,  1.162497e+01
	 1.839831e+01,  1.127686e+01
	 9.893427e-01,  9.461789e+00
	 1.351536e+00,  8.840799e+00
	 1.173311e+00,  8.103349e+00
	-1.110223e-16,  9.034228e+00
	 2.095856e-01,  9.263477e+00
	 7.258729e-01,  9.495200e+00
	 1.676585e+01,  1.624380e+01
	 1.721517e+01,  1.579367e+01
	 1.642705e+01,  1.586019e+01
	 1.710134e+01,  1.558733e+01
	 9.013312e+00,  8.738632e+00
	 9.331383e+00,  7.792519e+00
	 9.361051e+00,  9.378098e+00
	 1.001533e+01,  9.696270e+00
	 1.093059e+01,  9.237714e+00
	 1.076038e+01,  9.411621e+00
	 1.118378e+01,  8.471402e+00
	 2.358678e+00,  1.710664e+01
	 2.282929e+00,  1.667606e+01
	 2.067050e+00,  1.675126e+01
	 2.146828e+00,  1.715677e+01
	 1.140702e+01,  6.852518e+00
	 1.794512e+01,  1.404199e+01
	 1.749636e+01,  1.416246e+01
	 1.826481e+01,  1.457444e+01
	 1.809940e+01,  1.482759e+01
	 1.746869e+01,  1.418935e+01
	 1.114839e+01,  1.903782e+01
	 1.021269e+01,  2.000000e+01
	 8.655946e+00,  1.418619e+01
	 5.097952e+00,  1.692960e+01
	 5.587379e+00,  1.681026e+01
	 4.826591e+00,  5.210599e+00
	 3.355942e+00,  5.760797e+00
	 3.595122e+00,  4.733112e+00
	 9.267446e+00,  1.530502e+01
	 8.846067e+00,  1.426042e+01
	 9.072952e+00,  1.575409e+01
	 8.558150e+00,  1.616502e+01
	 7.171601e+00,  1.517511e+01
	 4.464062e+00,  1.100527e+00
	 4.734219e+00,  1.381538e+00
	 4.443976e+00,  1.105471e+00
	 5.369369e+00,  2.447898e+00
	 4.827877e+00,  4.186639e+00
	 4.545065e+00,  4.202461e+00
	 3.780464e+00,  3.742859e+00
	 3.784685e+00,  2.645506e+00
	 2.323072e+00,  5.051039e-01
	 1.886270e+00,  1.034032e+00
	 2.460136e+00,  6.252911e-01
	 1.944043e+00,  1.127627e+00
	 2.143726e+00,  1.164109e+00
	 1.795755e+01,  9.949730e+00
	 1.801832e+01,  9.471008e+00
	 1.686342e+01,  9.662145e+00
	 1.699511e+01,  1.018165e+01
	 1.772627e+01,  1.013521e+01
	 1.721228e+01,  1.025871e+01
	 0.000000e+00,  1.746113e+01
	 8.355636e+00,  1.288603e+01
	 1.301681e+01,  1.969154e+01
	 1.305158e+01,  2.000000e+01
	 1.271065e+01,  2.000000e+01
	 1.208154e+01,  5.229459e-01
	 1.196270e+01,  5.944561e-01
	 1.257656e+01,  8.074458e-01
	 3.376590e+00,  1.967297e+01
	 2.921408e+00,  1.971001e+01
	 2.501746e+00,  1.925190e+01
	 2.596462e+00,  1.863621e+01
	 5.897163e+00,  1.913201e+01
	 5.308759e+00,  1.870268e+01
	 4.560587e+00,  1.917367e+01
	 4.655742e+00,  2.000000e+01
	 5.753263e+00,  2.000000e+01
	 5.959303e+00,  1.954899e+01
	 1.401844e+01,  6.844670e+00
	 1.432853e+01,  7.134024e+00
	 1.364250e+01,  6.806941e+00
	 1.434284e+01,  7.675429e+00
	 1.306535e+01,  7.304293e+00
	 1.424666e+01,  7.885626e+00
	 1.898084e+01,  6.897356e+00
	 1.877867e+01,  6.913233e+00
	 1.870346e+01,  7.574395e+00
	 1.890602e+01,  7.658480e+00
	 1.922021e+01,  7.197960e+00
	 8.108984e+00,  1.849437e+01
	 7.227487e+00,  1.836067e+01
	 8.418531e+00,  1.887240e+01
	 6.502086e+00,  1.911435e+01
	 6.510853e+00,  1.959989e+01
	 8.305026e+00,  2.000000e+01
	 8.490734e+00,  1.958709e+01
	 6.708765e+00,  2.000000e+01
	 1.340634e+01,  1.215826e+01
	 1.194757e+01,  7.960961e+00
	 1.196410e+01,  7.240442e+00
	 1.138557e+01,  8.432625e+00
	 1.159712e+01,  6.916251e+00
	 6.247839e+00,  7.101790e+00
	 6.691587e+00,  7.217501e+00
	 6.109046e+00,  6.035933e+00
	 6.572393e+00,  5.836245e+00
	 5.929171e+00,  6.626649e+00
	 6.447473e+00,  7.908164e+00
	 7.031243e+00,  8.249152e+00
	 7.479682e+00,  7.956674e+00
	 6.489234e+00,  7.521800e+00
	 7.425378e+00,  1.720713e+01
	 6.734371e+00,  1.685633e+01
	 6.708571e+00,  1.722913e+01
	 7.070111e+00,  1.753444e+01
	 1.785650e+01,  1.027497e+01
	 9.413200e+00,  6.144713e+00
	 9.836600e+00,  5.066951e+00
	 6.957148e-01,  3.919908e+00
	 0.000000e+00,  6.826181e+00
	 3.930570e-01,  6.884553e+00
	 4.044666e-01,  6.880061e+00
	 1.752640e+01,  1.320323e+01
	 1.682488e+01,  1.313673e+01
	 1.442041e+01,  4.657615e+00
	 1.401370e+01,  4.049617e+00
	 1.435488e+01,  4.853637e+00
	 5.061731e+00,  1.086813e+00
	 6.016879e+00,  2.196334e+00
	 5.709770e+00,  1.080338e+00
	 6.126959e+00,  1.877897e+00
	 9.302180e+00,  3.065492e+00
	 8.830561e+00,  2.660058e+00
	 8.389088e+00,  2.973002e+00
	 8.937309e+00,  3.526592e+00
	 8.369280e+00,  3.247640e+00
	 3.589404e+00,  1.715111e+01
	 3.167847e+00,  1.746752e+01
	 4.333098e+00,  1.768534e+01
	 4.345856e+00,  1.791502e+01
	 1.802917e+01,  6.541656e+00
	 1.799245e+01,  7.765269e+00
	 1.760876e+01,  7.086317e+00
	 1.781284e+01,  6.660807e+00
	 3.707400e+00,  3.948076e-01
	 3.714936e+00,  8.403893e-01
	 3.441301e+00,  3.246463e-01
	 3.287534e+00,  5.849739e-01
	 3.652361e+00,  8.722441e-01
	 1.586624e+01,  1.579512e+01
	 1.546197e+01,  1.641454e+01
	 1.575136e+01,  1.689188e+01
	 9.788559e+00,  3.074782e+00
	 1.009148e+01,  2.810979e+00
	 1.055136e+01,  3.172336e+00
	 1.139513e+01,  3.913034e+00
	 1.132175e+01,  3.787093e+00
	 1.185275e+01,  1.305520e+01
	 1.200294e+01,  1.344212e+01
	 1.243955e+01,  1.323178e+01
	 1.202992e+01,  1.284530e+01
	 8.147334e+00,  1.020284e+01
	 7.583261e+00,  1.043652e+01
	 8.712530e+00,  1.045081e+01
	 9.740813e+00,  7.780954e-01
	 9.670139e+00,  1.313504e+00
	 1.047882e+01,  6.451766e-01
	 1.064464e+01,  1.232616e+00
	 1.025060e+01,  1.471497e+00
	 1.565947e+01,  1.727727e+01
	 1.615860e+01,  1.756748e+01
	 1.910149e+01,  1.912444e+01
	 1.957652e+01,  1.976888e+01
	 1.910604e+01,  1.908840e+01
	 1.935719e+01,  1.871814e+01
	 2.000000e+01,  1.870494e+01
	 1.853439e+01,  1.916389e+01
	 1.850392e+01,  1.905577e+01
	 1.891993e+01,  1.888294e+01
	 6.982201e+00,  9.710581e+00
	 7.141892e+00,  1.021836e+01
	 7.361230e+00,  9.121004e+00
	 8.226227e+00,  9.555056e+00
	 7.898708e+00,  2.710285e+00
	 8.837715e+00,  1.896671e+00
	 8.173708e+00,  1.735430e+00
	 7.850564e+00,  1.983386e+00
	 4.900869e+00,  5.551115e-17
	 4.807047e+00,  8.356064e-01
	 3.916348e+00,  5.551115e-17
	 9.338440e+00,  1.862803e+01
	 9.046457e+00,  1.902397e+01
	 9.005030e+00,  1.943979e+01
	 9.503300e+00,  2.000000e+01
	 9.964693e+00,  1.351558e+01
	 9.630438e+00,  1.349310e+01
	 9.391303e+00,  1.398624e+01
	 1.015132e+01,  1.426803e+01
	 1.767111e+01,  1.726455e+01
	 1.733962e+01,  1.796798e+01
	 1.736854e+01,  1.824858e+01
	 1.803178e+01,  1.899382e+01
	 1.922409e+01,  1.858389e+01
	 1.877686e+01,  1.706491e+01
	 1.938245e+01,  1.753582e+01
	 1.811053e+01,  1.698853e+01
	 1.762722e+01,  1.869585e+01
	 9.335220e+00,  4.248453e+00
	 1.225072e+01,  1.607792e+01
	 1.915938e+01,  1.298761e+01
	 1.918658e+01,  1.314431e+01
	 5.077805e+00,  4.991915e+00
	 4.860749e+00,  5.204235e+00
	 1.327475e+01,  1.918619e+01
	 6.337867e+00,  9.936645e+00
	 5.551115e-17,  1.468261e+01
	 3.386184e-01,  1.450445e+01
	 1.838228e+01,  1.125506e+01
	 1.832662e+01,  1.225268e+01
	 1.655292e+01,  8.024240e+00
	 1.656975e+01,  9.258527e+00
	 1.581005e+01,  8.276729e+00
	 1.648260e+00,  1.900904e+01
	 1.754675e+00,  1.837962e+01
	 1.313318e+00,  1.901011e+01
	 1.219048e+01,  8.800707e+00
	 1.760581e+01,  5.842745e+00
	 1.741553e+01,  6.272611e+00
	 1.778789e+01,  5.817983e+00
	 1.360539e+01,  1.527096e+01
	 1.390162e+01,  1.609497e+01
	 1.344703e+01,  1.570103e+01
	 1.210236e+00,  1.111850e+00
	 1.467728e+00,  1.518095e+00
	 9.819455e+00,  1.524142e+01
	 1.035369e+01,  1.453803e+01
	 1.063649e+01,  1.463188e+01
	 1.582962e+01,  1.563952e+01
	 1.514950e+01,  1.638817e+01
	 9.334419e+00,  4.221944e+00
	 7.447902e+00,  5.035934e+00
	 7.667135e+00,  3.436830e+00
	 7.273024e+00,  4.210748e+00
	 1.298733e+01,  1.036312e+01
	 1.265079e+01,  1.033099e+01
	 6.703927e+00,  2.011991e+00
	 1.891320e+01,  1.294467e+01
	 1.476952e+01,  0.000000e+00
	 1.481628e+01,  7.734395e-01
	 1.548105e+01,  1.455776e+01
	 1.621431e+00,  1.457047e+01
	 1.045159e+00,  1.412462e+01
	 3.454331e+00,  1.786778e+00
	 3.363687e+00,  2.256405e+00
	 4.609940e+00,  1.626583e+01
	 4.183056e+00,  1.629285e+01
	 8.496398e+00,  1.777288e+01
	 8.981759e+00,  1.789038e+01
	 8.876772e+00,  1.886418e+01
	 9.253032e+00,  1.858862e+01
	 1.199550e+01,  0.000000e+00
	 1.355554e+01,  0.000000e+00
	 1.333491e+01,  6.202371e-01
	 6.622738e-01,  1.322823e+01
	 0.000000e+00,  1.445992e+01
	 8.353482e-01,  1.355177e+01
	 1.451722e+01,  1.216164e+01
	 1.449051e+01,  1.274176e+01
	 1.503452e+01,  1.230756e+01
	 1.506740e+01,  1.260274e+01
	 1.620508e+00,  1.765517e+01
	 1.058326e+01,  1.050342e+01
	 1.103597e+01,  9.766718e+00
	 3.643938e+00,  1.661465e+01
	 3.466024e+00,  1.640182e+01
	 3.567017e+00,  1.575136e+01
	 9.989823e+00,  1.774187e+00
	 9.581154e+00,  1.501237e+00
	 1.597768e+01,  1.856625e+01
	 2.000000e+01,  0.000000e+00
	 1.925589e+01,  0.000000e+00
	 1.934201e+01,  5.884605e-01
	 8.833937e+00,  9.660092e+00
	 3.257171e+00,  9.131998e+00
	 8.852191e+00,  8.747285e+00
	 8.529866e+00,  9.452159e+00
	 1.153572e+01,  1.452079e+01
	 1.190614e+01,  1.398375e+01
	 1.160347e+01,  1.458288e+01
	 1.210498e+01,  1.422287e+01
	 1.626041e+01,  6.092977e+00
	 1.586568e+01,  6.186005e+00
	 1.560223e+01,  6.911909e+00
	 1.577762e+01,  7.190680e+00
	 1.658147e+01,  7.333939e+00
	 1.685642e+01,  7.049632e+00
	 1.684660e+01,  6.551793e+00
	 1.387616e+00,  7.827496e+00
	 1.881787e+01,  2.698460e+00
	 1.881870e+01,  2.990283e+00
	 1.758915e+00,  1.837107e+01
	 1.968137e+00,  1.949355e+01
	 1.839887e+00,  1.940108e+01
	 1.397567e+01,  2.333560e+00
	 1.358521e+01,  2.417300e+00
	 1.458762e+01,  2.826552e+00
	 1.403936e+01,  3.658171e+00
	 1.462479e+01,  3.129202e+00
	 1.332410e+01,  3.335387e+00
	 1.268924e+01,  3.422538e+00
	 1.261112e+01,  3.976287e+00
	 1.307555e+01,  3.891476e+00
	 1.327596e+01,  3.364436e+00
	 1.122815e+01,  9.646916e+00
	 1.416192e+01,  1.931431e+01
	 1.423101e+01,  2.000000e+01
	 1.802114e+01,  1.000416e+01
	 0.000000e+00,  1.895205e+01
	 6.946782e-01,  1.925800e+01
	 1.261632e+00,  1.905672e+01
	 8.488644e+00,  8.312423e+00
	 7.787012e+00,  8.309484e+00
	 7.352639e+00,  8.862118e+00
	 3.152120e+00,  6.123800e+00
	 1.131102e+00,  4.908599e+00
	 1.036143e+00,  5.235043e+00
	 3.481826e+00,  2.000000e+01
	 2.828707e+00,  2.000000e+01
	 5.196597e+00,  6.729126e+00
	 1.395344e+01,  1.277162e+00
	 1.360303e+01,  1.026318e+00
	 1.367458e+01,  1.397362e+00
	 1.391263e+01,  1.391464e+00
	 1.369533e+01,  9.146992e+00
	 1.188428e+01,  2.712811e+00
	 1.132374e+01,  3.180792e+00
	 1.957684e+01,  7.028952e+00
	 2.000000e+01,  7.169574e+00
	 2.000000e+01,  8.230247e+00
	 1.356050e+01,  1.478672e+01
	 1.296846e+01,  1.410687e+01
	 1.533289e+01,  1.220886e+01
	 1.548522e+01,  1.254312e+01
	 1.599823e+01,  1.210800e+01
	 2.000000e+01,  1.045081e+01
	 2.000000e+01,  8.643687e+00
	 1.889897e+01,  1.325944e+01
	 1.883677e+01,  1.320894e+01
	 1.946171e+01,  6.705355e+00
	 8.944276e+00,  7.645677e+00
	 0.000000e+00,  1.133837e+01
	 4.567625e-01,  1.187167e+01
	 0.000000e+00,  1.235899e+01
	 1.614284e+01,  1.879287e+01
	 1.717484e+01,  1.867976e+01
	 1.685339e+01,  1.890147e+01
	 1.799301e+01,  1.364627e+01
	 1.866092e+01,  1.345045e+01
	 1.775028e+01,  1.352361e+01
	 7.465941e+00,  3.166870e+00
	 2.843675e+00,  2.109694e+00
	 2.857746e+00,  1.987021e+00
	 1.849080e+01,  9.465942e+00
	 1.865484e+01,  8.965102e+00
	 5.499853e+00,  1.110223e-16
	 5.907619e+00,  3.872365e-01
	 6.730459e+00,  4.921792e+00
	 6.863698e+00,  4.205277e+00
	 3.625624e+00,  1.089104e+01
	 2.918333e+00,  1.183155e+01
	 2.982110e+00,  1.141057e+01
	 9.500864e+00,  1.764415e+01
	 1.407262e+01,  5.594336e+00
	 1.454527e+01,  5.253344e+00
	 1.867811e+01,  1.657217e+01
	 1.823283e+01,  1.656967e+01
	 3.695318e+00,  9.617886e+00
	 3.341930e+00,  1.044213e+01
	 1.155939e+01,  0.000000e+00
	 1.153521e+01,  7.045789e-02
	 3.504428e-01,  0.000000e+00
	 2.339764e+00,  0.000000e+00
	 1.669422e+01,  2.918792e+00
	 1.656955e+01,  2.317976e+00
	 1.554900e+01,  3.824377e+00
	 1.482907e+01,  2.116233e+00
	 1.020982e+00,  1.184393e+01
	 1.253735e+00,  1.201918e+01
	 1.130049e+00,  1.314914e+01
	 1.505717e+00,  1.272123e+01
	 6.384866e+00,  1.575848e+01
	 6.743772e+00,  1.511310e+01
	 2.732526e+00,  6.350230e+00
	 1.077729e+01,  1.117094e+01
	 1.835089e+01,  1.524837e+01
	 1.869430e+01,  1.525009e+01
	 1.897776e+01,  1.461858e+01
	 1.359572e+01,  6.324760e+00
	 1.302850e+01,  6.051539e+00
	 1.237277e+01,  6.886450e+00
	 1.290721e+01,  6.068358e+00
	 1.880187e+01,  1.350436e+01
	 7.676333e+00,  4.577788e-01
	 7.975810e+00,  0.000000e+00
	 7.065074e+00,  0.000000e+00
	 2.429952e+00,  1.470233e+01
	 2.427028e+00,  1.473722e+01
	 5.187579e+00,  1.352240e+01
	 1.379851e+01,  6.272316e+00
	 6.407569e+00,  5.215737e+00
	 9.435274e+00,  1.629829e+01
	 2.346625e+00,  4.846797e+00
	 2.787099e+00,  5.195412e+00
	 3.413950e+00,  4.087357e+00
	 1.625354e+01,  5.629142e+00
	 1.568502e+01,  5.541531e+00
	 2.000000e+01,  1.597579e+01
	 1.907728e+01,  1.596027e+01
	 2.000000e+01,  1.717798e+01
	 1.945898e+01,  1.752158e+01
	 1.225335e+01,  6.932069e+00
	 1.314513e+01,  1.939134e+00
	 3.202032e+00,  1.468697e+01
	 2.714751e+00,  1.450617e+01
	 3.123904e+00,  1.540149e+01
	 3.055839e+00,  1.541496e+01
	 1.870482e+01,  1.531289e+01
	 1.881448e+01,  1.562911e+01
	 1.343133e+01,  1.913259e+01
	 0.000000e+00,  7.354630e+00
	 4.962320e-01,  1.067767e+01
	 1.570097e-01,  1.008078e+01
	 0.000000e+00,  1.117382e+01
	 0.000000e+00,  1.005924e+01
	 1.364185e+01,  1.001130e+01
	 1.412506e+01,  1.046510e+01
	 1.322779e+01,  1.006042e+01
	 1.419792e+01,  1.990128e+00
	 2.220748e+00,  5.828153e+00
	 2.435788e+00,  5.357991e+00
	 5.680920e+00,  1.672208e+01
	 5.731085e+00,  1.585560e+01
	 4.908188e+00,  1.302429e+01
	 0.000000e+00,  9.346679e+00
	 1.796275e+01,  1.595567e+01
	 7.745151e+00,  1.247100e+00
	 7.443765e+00,  1.731614e+00
	 1.519961e+01,  4.585116e+00
	 1.314873e+01,  9.806388e+00
	 1.361321e+01,  9.352190e+00
	 1.298070e+00,  1.927276e+01
	 7.462214e-01,  1.955358e+01
	 1.198094e+01,  1.274761e+01
	 1.343918e+01,  1.280141e+01
	 1.684229e+01,  2.361974e+00
	 1.855047e+01,  9.849114e+00
	 1.595790e+01,  1.413692e+01
	 1.725473e+01,  4.761362e+00
	 1.711133e+01,  4.101793e+00
	 1.703720e+01,  5.228753e+00
	 1.535472e+01,  5.261349e+00
	 2.504896e+00,  1.196492e+01
	 2.288049e+00,  1.264076e+01
	 1.839917e+01,  4.155703e+00
	 1.817647e+01,  3.768591e+00
	 1.816669e+01,  1.957805e+01
	 1.819741e+01,  2.000000e+01
	 1.957147e+01,  2.000000e+01
	 1.657992e+01,  1.340034e+01
	 1.602694e+01,  1.350534e+01
	 2.000000e+01,  1.770507e+01
	 6.358561e+00,  0.000000e+00
	 9.352783e+00,  1.110223e-16
	 3.453473e+00,  1.785812e+00
	 2.093386e+00,  2.000000e+01
	 5.708302e-01,  2.000000e+01
	 1.043504e+00,  1.352111e+01
	 3.818707e+00,  1.426495e+01
	 1.498602e+01,  1.066549e+01
	 1.824501e+01,  4.928438e+00
	 1.824118e+01,  4.922437e+00
	 1.352487e+00,  1.149103e+01
	 1.186378e+00,  1.075465e+01
	 2.627142e+00,  1.618344e+01
	 2.544893e+00,  1.621926e+01
	 1.317947e+01,  1.387935e+01
	 1.300763e+01,  1.401308e+01
	 1.542636e+01,  1.266772e+01
	 1.523498e+01,  7.244301e+00
	 1.548583e+01,  7.410260e+00
	 1.164426e+01,  1.278577e+01
	 1.320100e+01,  9.895185e+00
	 1.358976e+01,  9.725139e+00
	 5.456063e+00,  6.832001e+00
	 6.158084e+00,  7.301655e+00
	 5.436256e+00,  7.010245e+00
	 5.935332e+00,  7.452503e+00
	 1.139933e+01,  1.260107e+01
	 1.830501e+01,  1.555717e+01
	 1.862060e+01,  1.554371e+01
	 9.398736e+00,  1.638210e+01
	 9.214100e+00,  1.655589e+01
	 8.672366e+00,  1.652160e+01
	 0.000000e+00,  0.000000e+00
	 7.893410e+00,  1.709870e+01
	 9.662866e+00,  1.695536e+01
	 9.413517e+00,  1.666968e+01
	 1.904149e+00,  1.136831e+01
	 1.506276e+00,  1.152789e+01
	 9.559764e+00,  1.301064e+01
	 9.273426e+00,  1.267083e+01
	 1.488301e+01,  1.045854e+01
	 8.183656e+00,  1.717940e+01
	 1.474705e+01,  7.285529e+00
	 1.417602e+01,  1.300764e+01
	 1.387350e+01,  1.398625e+01
	 1.402875e+01,  1.390539e+01
	 5.983005e+00,  7.920863e+00
	 1.060735e+01,  1.261072e+01
	 1.010867e+01,  1.168749e+01
	 1.007990e+01,  1.309374e+01
	 1.693459e+01,  2.000000e+01
	 1.758320e+01,  2.000000e+01
	 1.807592e+01,  1.954289e+01
	 1.734901e+01,  3.762154e+00
	 3.426503e+00,  0.000000e+00
	 0.000000e+00,  2.000000e+01
	 1.202021e+01,  2.727270e+00
	 5.683751e+00,  1.582494e+01
	 1.080109e+01,  0.000000e+00
	 1.080296e+01,  1.614814e-02
Mesh Facets: 1474
	11, 9
	46, 40
	21, 22
	57, 59
	58, 57
	67, 57
	27, 23
	0, 2
	15, 17
	51, 53
	16, 14
	75, 74
	77, 76
	166, 168
	187, 185
	188, 187
	142, 143
	7, 5
	231, 229
	11, 12
	244, 11
	73, 72
	164, 162
	28, 30
	298, 300
	177, 176
	318, 316
	338, 336
	262, 264
	60, 61
	244, 245
	352, 244
	262, 339
	262, 260
	288, 286
	366, 364
	78, 79
	291, 292
	347, 346
	384, 382
	111, 112
	392, 394
	370, 371
	197, 195
	126, 128
	42, 41
	394, 423
	393, 394
	94, 95
	83, 84
	290, 291
	103, 104
	373, 291
	434, 432
	440, 438
	435, 436
	66, 64
	343, 342
	49, 48
	168, 457
	168, 167
	452, 49
	45, 49
	417, 419
	6, 8
	225, 227
	412, 410
	482, 231
	231, 230
	71, 70
	22, 29
	56, 22
	211, 208
	171, 172
	18, 19
	297, 296
	389, 390
	26, 29
	85, 89
	483, 29
	139, 137
	138, 141
	304, 306
	236, 235
	365, 364
	364, 513
	100, 23
	21, 55
	23, 21
	517, 516
	284, 281
	249, 250
	404, 406
	528, 529
	81, 80
	122, 121
	356, 358
	549, 547
	177, 314
	178, 177
	6, 470
	6, 5
	227, 5
	227, 475
	107, 109
	107, 108
	107, 556
	88, 87
	511, 512
	285, 287
	226, 228
	425, 424
	3, 1
	392, 391
	336, 392
	337, 336
	423, 421
	423, 572
	330, 332
	243, 240
	218, 216
	212, 214
	495, 137
	138, 497
	138, 137
	250, 406
	250, 248
	406, 405
	539, 538
	324, 326
	460, 462
	92, 98
	93, 91
	104, 102
	431, 104
	136, 133
	604, 326
	327, 326
	186, 185
	185, 628
	624, 626
	615, 614
	586, 585
	496, 494
	640, 642
	597, 598
	214, 216
	214, 215
	216, 217
	482, 70
	646, 482
	70, 68
	630, 631
	99, 96
	3, 570
	4, 3
	158, 157
	136, 102
	136, 135
	102, 101
	207, 208
	526, 525
	545, 543
	566, 567
	173, 172
	172, 208
	209, 210
	591, 592
	47, 46
	439, 438
	438, 46
	191, 189
	517, 515
	229, 517
	230, 229
	270, 271
	371, 372
	396, 371
	230, 481
	429, 430
	633, 632
	366, 368
	668, 366
	349, 350
	242, 241
	360, 359
	453, 452
	45, 452
	43, 45
	234, 232
	52, 54
	553, 551
	427, 428
	593, 596
	206, 204
	505, 503
	152, 154
	201, 205
	603, 602
	110, 2
	2, 4
	660, 4
	587, 588
	312, 311
	583, 581
	303, 301
	47, 50
	662, 47
	59, 61
	59, 700
	451, 342
	342, 61
	413, 415
	201, 690
	201, 199
	351, 350
	368, 367
	350, 368
	501, 141
	141, 140
	443, 446
	542, 544
	714, 713
	518, 520
	299, 300
	300, 717
	349, 348
	669, 349
	362, 369
	474, 473
	33, 35
	469, 467
	419, 462
	419, 415
	602, 462
	602, 690
	415, 690
	708, 446
	446, 447
	429, 667
	373, 429
	374, 373
	357, 355
	605, 606
	584, 585
	637, 585
	623, 622
	143, 146
	143, 198
	432, 732
	732, 733
	432, 433
	33, 467
	467, 466
	133, 616
	133, 132
	34, 33
	116, 117
	182, 180
	466, 464
	735, 466
	117, 118
	182, 117
	183, 182
	455, 456
	434, 435
	9, 434
	10, 9
	448, 435
	524, 523
	676, 675
	645, 644
	544, 548
	544, 711
	470, 468
	470, 553
	320, 321
	678, 553
	145, 144
	318, 319
	768, 318
	511, 507
	511, 568
	196, 194
	204, 683
	205, 204
	691, 205
	723, 369
	513, 770
	365, 513
	676, 753
	677, 676
	365, 369
	738, 737
	634, 635
	410, 480
	411, 410
	487, 390
	113, 111
	111, 390
	422, 420
	780, 779
	521, 522
	385, 387
	536, 80
	80, 82
	398, 397
	283, 282
	729, 606
	606, 607
	621, 620
	256, 259
	541, 540
	791, 790
	684, 682
	741, 742
	156, 158
	661, 158
	738, 635
	738, 735
	735, 616
	635, 614
	614, 616
	399, 402
	788, 607
	92, 91
	607, 92
	91, 609
	733, 734
	733, 67
	63, 67
	40, 797
	41, 407
	41, 40
	791, 259
	798, 791
	259, 258
	662, 699
	662, 663
	353, 352
	789, 790
	790, 352
	295, 294
	498, 499
	285, 512
	285, 286
	242, 360
	242, 239
	286, 360
	510, 512
	400, 401
	228, 569
	228, 7
	106, 105
	8, 465
	8, 7
	803, 805
	731, 623
	653, 652
	327, 623
	327, 328
	800, 699
	699, 50
	243, 575
	243, 241
	241, 671
	50, 44
	313, 315
	253, 255
	62, 64
	436, 64
	436, 437
	586, 636
	586, 588
	694, 588
	354, 260
	686, 505
	260, 261
	506, 505
	236, 508
	236, 237
	817, 640
	580, 582
	640, 641
	695, 693
	345, 346
	376, 346
	164, 289
	163, 164
	710, 712
	643, 68
	68, 69
	212, 213
	212, 579
	658, 656
	238, 239
	239, 400
	400, 399
	796, 399
	347, 375
	345, 347
	345, 821
	130, 129
	684, 661
	684, 683
	195, 370
	195, 194
	194, 683
	76, 157
	76, 78
	661, 157
	78, 370
	736, 180
	272, 274
	180, 181
	830, 829
	518, 713
	713, 831
	519, 518
	603, 691
	604, 603
	198, 622
	196, 198
	604, 622
	691, 196
	503, 502
	503, 685
	381, 379
	834, 833
	308, 310
	758, 760
	344, 343
	450, 343
	93, 608
	93, 94
	94, 426
	222, 220
	716, 299
	298, 299
	805, 298
	804, 805
	85, 493
	85, 86
	119, 113
	113, 776
	697, 312
	725, 724
	253, 315
	315, 312
	251, 253
	766, 321
	323, 321
	479, 478
	535, 533
	478, 849
	476, 478
	441, 442
	810, 809
	856, 857
	703, 367
	367, 363
	149, 150
	24, 32
	825, 213
	213, 215
	850, 851
	217, 219
	217, 215
	741, 156
	741, 739
	154, 156
	689, 154
	476, 809
	809, 811
	477, 476
	110, 109
	110, 693
	558, 109
	693, 819
	708, 726
	708, 707
	589, 591
	591, 210
	210, 211
	484, 211
	152, 687
	153, 152
	489, 491
	488, 19
	20, 19
	265, 267
	743, 744
	656, 657
	656, 827
	871, 869
	325, 328
	328, 652
	651, 652
	26, 493
	26, 25
	844, 493
	535, 852
	81, 535
	84, 81
	428, 84
	551, 428
	552, 551
	715, 520
	520, 281
	281, 279
	784, 783
	545, 525
	545, 546
	525, 530
	549, 546
	529, 549
	530, 529
	546, 530
	858, 859
	440, 441
	869, 440
	848, 849
	870, 869
	441, 849
	666, 396
	395, 396
	574, 573
	167, 456
	166, 167
	882, 166
	334, 333
	750, 456
	886, 885
	802, 465
	737, 773
	737, 464
	464, 465
	130, 375
	14, 130
	375, 374
	374, 357
	357, 358
	121, 15
	15, 14
	121, 358
	176, 311
	176, 175
	696, 311
	451, 701
	450, 451
	782, 785
	838, 450
	776, 845
	776, 487
	20, 865
	20, 18
	487, 18
	170, 169
	565, 87
	86, 843
	86, 87
	499, 500
	488, 296
	488, 866
	296, 295
	295, 499
	376, 289
	376, 377
	289, 162
	162, 161
	884, 886
	896, 886
	459, 458
	828, 658
	325, 651
	325, 324
	651, 658
	460, 324
	461, 460
	639, 638
	837, 760
	578, 577
	760, 759
	82, 786
	82, 83
	320, 322
	320, 678
	427, 678
	83, 427
	772, 771
	550, 314
	314, 313
	613, 612
	313, 255
	38, 36
	255, 254
	835, 836
	798, 258
	797, 798
	815, 816
	797, 407
	257, 258
	407, 408
	584, 605
	584, 587
	97, 98
	692, 587
	98, 605
	702, 413
	413, 414
	868, 867
	837, 900
	307, 308
	837, 308
	757, 756
	784, 874
	785, 784
	890, 785
	378, 292
	292, 30
	30, 31
	581, 497
	581, 303
	306, 303
	306, 497
	405, 590
	753, 723
	753, 524
	524, 404
	404, 405
	474, 723
	474, 471
	163, 822
	163, 165
	13, 10
	10, 752
	775, 774
	562, 561
	273, 272
	181, 272
	181, 184
	624, 629
	624, 625
	919, 920
	418, 414
	909, 414
	657, 655
	627, 628
	628, 923
	872, 657
	857, 855
	857, 924
	818, 582
	582, 583
	899, 898
	698, 583
	203, 206
	682, 792
	682, 206
	409, 42
	453, 670
	453, 48
	48, 42
	896, 458
	458, 457
	457, 896
	729, 621
	621, 618
	730, 729
	618, 617
	638, 637
	898, 638
	925, 856
	855, 898
	637, 730
	856, 855
	730, 618
	290, 103
	290, 28
	28, 27
	27, 103
	706, 705
	814, 813
	928, 927
	903, 904
	755, 754
	595, 596
	596, 680
	749, 748
	718, 348
	348, 351
	351, 704
	875, 877
	445, 447
	147, 148
	728, 447
	794, 402
	719, 721
	174, 179
	402, 403
	679, 681
	910, 912
	700, 701
	700, 714
	701, 782
	715, 783
	715, 714
	783, 782
	861, 850
	533, 850
	533, 531
	95, 424
	95, 96
	570, 96
	570, 424
	803, 804
	885, 803
	883, 885
	804, 839
	264, 337
	264, 263
	266, 269
	337, 571
	363, 361
	363, 859
	878, 859
	431, 615
	430, 431
	633, 430
	633, 615
	160, 165
	703, 858
	704, 703
	165, 915
	842, 841
	704, 929
	876, 858
	873, 552
	554, 552
	37, 39
	99, 97
	97, 692
	692, 660
	660, 99
	576, 240
	240, 238
	922, 921
	795, 796
	238, 796
	908, 815
	507, 769
	508, 507
	815, 508
	745, 746
	146, 731
	146, 145
	145, 319
	731, 806
	319, 317
	613, 905
	610, 613
	817, 818
	924, 817
	818, 924
	566, 173
	566, 565
	169, 173
	169, 565
	889, 887
	362, 473
	361, 362
	473, 472
	937, 361
	246, 245
	538, 593
	538, 537
	801, 353
	353, 245
	932, 681
	681, 593
	900, 913
	900, 577
	826, 579
	577, 579
	559, 555
	943, 905
	905, 254
	254, 252
	193, 192
	946, 559
	385, 781
	559, 557
	385, 386
	897, 828
	828, 827
	827, 870
	870, 880
	734, 63
	433, 734
	437, 62
	437, 433
	63, 62
	305, 304
	664, 189
	189, 190
	498, 304
	498, 294
	819, 820
	819, 862
	294, 293
	811, 575
	575, 576
	480, 411
	480, 477
	921, 576
	921, 418
	418, 411
	477, 811
	799, 663
	439, 442
	439, 663
	442, 854
	631, 655
	631, 626
	626, 627
	627, 655
	851, 853
	851, 219
	219, 223
	863, 491
	491, 492
	384, 381
	956, 384
	381, 833
	833, 956
	90, 88
	88, 564
	153, 863
	153, 155
	863, 953
	125, 124
	114, 115
	842, 915
	840, 842
	914, 915
	79, 77
	77, 74
	74, 73
	372, 270
	372, 79
	270, 73
	56, 483
	56, 55
	514, 55
	649, 648
	483, 490
	175, 888
	175, 174
	174, 931
	649, 490
	649, 650
	489, 687
	489, 490
	688, 687
	641, 494
	494, 495
	580, 641
	495, 580
	659, 653
	653, 807
	90, 957
	90, 89
	955, 492
	492, 89
	825, 861
	826, 825
	941, 745
	913, 826
	744, 745
	744, 868
	532, 531
	861, 531
	913, 868
	571, 269
	571, 391
	393, 422
	393, 391
	268, 269
	777, 422
	31, 32
	31, 378
	895, 377
	378, 377
	860, 32
	755, 675
	675, 677
	903, 755
	772, 903
	677, 772
	644, 711
	644, 643
	711, 712
	643, 712
	322, 901
	322, 323
	889, 944
	696, 889
	696, 697
	323, 697
	191, 665
	191, 193
	389, 386
	389, 486
	386, 193
	883, 935
	883, 884
	276, 275
	459, 884
	454, 459
	335, 334
	118, 750
	118, 120
	750, 334
	527, 528
	249, 521
	247, 249
	779, 528
	779, 521
	509, 235
	235, 234
	234, 673
	646, 645
	547, 646
	548, 547
	548, 645
	218, 578
	218, 224
	765, 764
	578, 759
	759, 761
	767, 768
	666, 881
	666, 515
	516, 768
	515, 516
	812, 694
	695, 694
	820, 695
	820, 305
	305, 302
	882, 573
	573, 572
	572, 882
	895, 860
	895, 161
	930, 147
	149, 860
	159, 161
	147, 149
	906, 36
	37, 938
	36, 37
	746, 942
	672, 674
	747, 746
	0, 1
	0, 105
	105, 569
	1, 569
	112, 114
	112, 388
	949, 948
	114, 124
	124, 123
	387, 781
	387, 388
	781, 946
	948, 946
	948, 388
	134, 135
	101, 100
	101, 135
	963, 514
	100, 514
	872, 923
	872, 871
	923, 871
	767, 144
	144, 142
	395, 881
	197, 395
	142, 197
	881, 767
	963, 134
	963, 962
	131, 134
	183, 184
	183, 455
	454, 275
	275, 273
	184, 273
	454, 455
	44, 43
	671, 44
	43, 671
	816, 257
	816, 237
	237, 233
	257, 256
	539, 594
	539, 540
	540, 256
	17, 125
	16, 17
	829, 129
	829, 736
	116, 736
	129, 16
	125, 115
	115, 116
	879, 848
	848, 847
	952, 951
	940, 795
	722, 721
	794, 721
	795, 794
	958, 959
	709, 710
	965, 955
	954, 955
	824, 710
	496, 598
	496, 139
	139, 140
	926, 705
	598, 601
	140, 705
	807, 659
	807, 808
	974, 975
	654, 659
	209, 592
	209, 207
	248, 247
	247, 527
	527, 526
	526, 207
	592, 248
	724, 35
	724, 846
	34, 132
	132, 131
	35, 34
	131, 972
	908, 769
	408, 908
	409, 670
	409, 408
	288, 359
	288, 287
	568, 287
	769, 568
	359, 670
	221, 224
	224, 764
	764, 763
	251, 846
	252, 251
	950, 252
	972, 971
	972, 846
	307, 911
	309, 307
	957, 965
	957, 564
	567, 543
	564, 567
	965, 709
	543, 542
	542, 709
	200, 202
	968, 969
	479, 412
	412, 416
	951, 847
	847, 479
	951, 897
	461, 897
	463, 461
	810, 854
	854, 799
	800, 810
	799, 800
	274, 277
	821, 830
	821, 823
	274, 830
	939, 39
	39, 38
	38, 612
	612, 611
	740, 742
	793, 742
	504, 506
	601, 926
	601, 600
	506, 814
	814, 926
	751, 752
	309, 977
	309, 310
	917, 752
	835, 310
	835, 907
	449, 66
	65, 66
	335, 120
	331, 335
	891, 845
	120, 119
	119, 845
	962, 648
	648, 647
	962, 973
	268, 777
	777, 778
	329, 331
	268, 267
	891, 892
	331, 891
	864, 267
	599, 600
	504, 600
	502, 504
	834, 502
	978, 834
	766, 468
	468, 469
	725, 766
	469, 725
	202, 968
	202, 203
	792, 203
	792, 793
	793, 939
	968, 938
	938, 939
	271, 72
	72, 71
	71, 481
	481, 271
	426, 222
	426, 425
	226, 225
	425, 226
	853, 852
	853, 223
	554, 873
	475, 554
	225, 475
	222, 223
	852, 873
	901, 944
	944, 945
	902, 901
	864, 892
	892, 865
	865, 864
	775, 634
	775, 561
	632, 667
	632, 634
	122, 356
	123, 122
	560, 561
	356, 355
	970, 123
	355, 667
	532, 534
	966, 532
	899, 698
	899, 639
	636, 639
	812, 636
	698, 301
	301, 302
	302, 812
	778, 420
	420, 421
	330, 421
	330, 329
	778, 329
	840, 961
	840, 839
	839, 934
	976, 975
	975, 919
	919, 918
	625, 920
	625, 186
	920, 188
	188, 186
	338, 341
	382, 338
	383, 382
	265, 266
	265, 866
	501, 500
	501, 706
	263, 266
	263, 261
	706, 813
	261, 813
	500, 866
	877, 728
	877, 878
	727, 728
	936, 878
	716, 841
	716, 718
	718, 929
	929, 841
	673, 52
	52, 51
	931, 964
	931, 403
	510, 509
	401, 510
	51, 127
	403, 401
	509, 673
	719, 179
	720, 719
	906, 967
	906, 550
	178, 550
	179, 178
	595, 594
	595, 748
	747, 672
	747, 748
	233, 594
	232, 233
	672, 232
	65, 907
	65, 58
	344, 836
	60, 344
	60, 58
	907, 836
	563, 560
	949, 970
	947, 949
	560, 970
	380, 383
	341, 383
	341, 340
	246, 12
	12, 13
	246, 932
	933, 932
	13, 916
	928, 904
	979, 928
	770, 979
	771, 904
	771, 770
	757, 874
	874, 279
	762, 765
	765, 761
	279, 280
	761, 757
	563, 556
	556, 555
	563, 947
	555, 947
	952, 880
	879, 952
	880, 879
	642, 597
	642, 978
	599, 978
	599, 597
	912, 679
	912, 867
	679, 680
	867, 743
	680, 749
	749, 743
	537, 801
	537, 541
	541, 789
	789, 801
	787, 788
	788, 609
	609, 608
	762, 980
	762, 763
	608, 220
	763, 221
	221, 220
	160, 876
	160, 159
	875, 930
	876, 875
	159, 930
	664, 293
	664, 665
	293, 297
	297, 486
	486, 665
	280, 283
	280, 980
	283, 787
	787, 980
	964, 127
	964, 888
	887, 888
	945, 887
	127, 126
	786, 902
	786, 398
	126, 398
	945, 902
	959, 953
	953, 954
	954, 959
	808, 974
	808, 806
	317, 316
	316, 974
	806, 317
	445, 444
	445, 148
	151, 148
	917, 916
	917, 977
	977, 911
	916, 933
	910, 933
	911, 910
	463, 416
	416, 417
	417, 463
	831, 832
	831, 982
	844, 25
	843, 844
	981, 151
	150, 24
	150, 151
	894, 843
	25, 24
	823, 277
	823, 822
	822, 914
	960, 914
	277, 278
	276, 935
	276, 278
	934, 961
	934, 935
	278, 960
	961, 960
	717, 669
	717, 668
	668, 669
	106, 802
	106, 108
	562, 774
	108, 562
	802, 773
	774, 773
	893, 894
	485, 484
	981, 444
	444, 443
	707, 484
	443, 707
	981, 894
	958, 824
	958, 155
	69, 75
	75, 155
	69, 824
	925, 617
	982, 925
	983, 982
	617, 619
	332, 574
	332, 333
	574, 333
	909, 922
	702, 909
	199, 702
	199, 200
	940, 722
	722, 720
	969, 200
	940, 922
	967, 969
	720, 967
	941, 966
	941, 942
	128, 397
	128, 53
	53, 54
	397, 536
	674, 942
	674, 54
	966, 534
	536, 534
	485, 893
	485, 171
	171, 170
	170, 893
	756, 890
	756, 758
	758, 838
	890, 838
	519, 284
	519, 832
	620, 282
	620, 619
	282, 284
	983, 619
	832, 983
	862, 190
	862, 558
	192, 557
	190, 192
	558, 557
	936, 937
	937, 472
	471, 590
	590, 589
	936, 727
	589, 726
	726, 727
	471, 472
	379, 685
	379, 380
	340, 339
	340, 380
	354, 686
	686, 685
	339, 354
	630, 654
	629, 630
	976, 918
	976, 654
	918, 629
	780, 522
	927, 780
	754, 927
	754, 523
	523, 522
	449, 751
	448, 449
	751, 448
	943, 950
	943, 610
	650, 688
	650, 647
	611, 610
	688, 689
	973, 647
	971, 973
	611, 740
	689, 739
	739, 740
	950, 971
Facet Neighbors: 1474
	-2, 2
	-2, 8
	5, 10
	-3, 11
	11, 12
	-3, 12
	5, 18
	0, 19
	3, 21
	9, 22
	3, 23
	13, 28
	14, 28
	-1, 30
	-2, 34
	-4, 34
	26, 36
	1, 41
	-4, 42
	2, 45
	-2, 45
	13, 51
	29, 55
	5, 56
	-1, 58
	32, 61
	-4, 62
	-1, 66
	49, 66
	11, 67
	45, 70
	-2, 70
	66, 71
	49, 71
	54, 73
	-1, 74
	14, 75
	56, 76
	68, 76
	-1, 77
	20, 78
	-1, 79
	75, 80
	36, 80
	22, 81
	8, 84
	-1, 86
	79, 86
	17, 87
	15, 88
	56, 89
	18, 89
	76, 89
	-2, 90
	-2, 91
	90, 93
	12, 93
	67, 94
	8, 95
	-1, 96
	30, 96
	95, 97
	8, 97
	85, 98
	1, 99
	41, 101
	85, 102
	-4, 103
	42, 103
	13, 103
	5, 104
	10, 104
	38, 105
	31, 105
	4, 106
	57, 106
	78, 106
	5, 107
	16, 107
	104, 107
	25, 108
	25, 109
	59, 109
	43, 111
	74, 112
	-1, 112
	18, 113
	10, 113
	5, 113
	-4, 114
	53, 115
	46, 116
	83, 116
	-4, 117
	15, 118
	21, 120
	72, 120
	-4, 121
	61, 122
	32, 122
	99, 123
	1, 123
	41, 123
	101, 123
	19, 124
	19, 125
	124, 125
	16, 126
	111, 127
	54, 127
	41, 128
	87, 128
	0, 128
	79, 129
	-1, 129
	66, 129
	86, 130
	-1, 130
	65, 130
	44, 131
	40, 132
	39, 132
	108, 133
	109, 133
	25, 133
	116, 135
	46, 135
	83, 135
	119, 136
	64, 138
	98, 138
	17, 139
	17, 140
	18, 142
	89, 142
	24, 142
	138, 144
	64, 144
	34, 145
	-2, 145
	145, 146
	142, 147
	134, 148
	108, 149
	-3, 149
	137, 149
	132, 150
	39, 150
	40, 150
	103, 151
	-4, 151
	13, 151
	146, 153
	17, 154
	128, 154
	0, 154
	28, 155
	142, 156
	24, 156
	18, 156
	38, 157
	117, 157
	121, 157
	126, 157
	31, 157
	105, 157
	38, 158
	135, 158
	8, 159
	91, 159
	-2, 159
	35, 160
	114, 161
	-4, 161
	42, 161
	51, 161
	75, 161
	80, 161
	103, 161
	89, 162
	147, 162
	74, 163
	-1, 163
	69, 163
	44, 164
	73, 164
	95, 164
	97, 164
	8, 164
	43, 165
	9, 165
	123, 167
	88, 167
	136, 168
	37, 169
	110, 170
	28, 171
	37, 172
	138, 172
	19, 173
	0, 173
	154, 173
	134, 173
	61, 174
	133, 175
	59, 175
	8, 176
	159, 176
	11, 177
	-3, 177
	94, 177
	67, 177
	85, 178
	172, 178
	37, 178
	69, 179
	74, 179
	163, 179
	109, 180
	25, 180
	92, 181
	121, 182
	-3, 183
	115, 183
	58, 184
	-1, 184
	69, 184
	163, 184
	74, 186
	100, 186
	6, 187
	99, 187
	98, 188
	85, 188
	138, 188
	172, 188
	178, 188
	181, 189
	92, 189
	162, 190
	89, 190
	76, 190
	72, 190
	139, 191
	134, 191
	148, 191
	144, 192
	26, 192
	36, 192
	-2, 193
	-3, 193
	90, 193
	187, 194
	99, 194
	142, 194
	24, 194
	6, 194
	20, 195
	33, 195
	99, 196
	194, 196
	20, 199
	195, 199
	33, 199
	96, 199
	90, 200
	-2, 200
	2, 200
	93, 200
	116, 201
	166, 201
	151, 203
	121, 203
	182, 203
	99, 205
	123, 205
	63, 205
	167, 205
	26, 206
	62, 206
	-4, 206
	111, 207
	127, 207
	36, 208
	169, 208
	37, 208
	172, 208
	186, 209
	-1, 209
	112, 209
	201, 209
	166, 209
	74, 209
	196, 210
	147, 210
	102, 211
	85, 211
	106, 212
	20, 212
	78, 212
	86, 213
	-4, 214
	116, 214
	78, 215
	118, 217
	15, 217
	81, 217
	53, 218
	191, 218
	139, 218
	143, 218
	48, 219
	119, 219
	-2, 219
	169, 220
	197, 220
	28, 220
	155, 220
	210, 221
	196, 221
	194, 221
	147, 221
	142, 221
	82, 222
	218, 223
	17, 223
	139, 223
	140, 223
	193, 224
	-3, 224
	12, 224
	-2, 225
	84, 225
	8, 225
	219, 226
	-2, 226
	48, 226
	176, 227
	159, 227
	70, 228
	219, 228
	-2, 228
	57, 229
	109, 229
	127, 230
	54, 230
	164, 230
	44, 230
	73, 230
	111, 230
	82, 230
	128, 231
	41, 231
	19, 231
	99, 231
	1, 231
	-1, 232
	192, 233
	153, 233
	144, 233
	64, 233
	227, 234
	176, 234
	131, 234
	44, 234
	164, 234
	8, 234
	61, 235
	47, 235
	12, 236
	93, 236
	90, 236
	148, 237
	134, 237
	173, 237
	71, 238
	170, 238
	49, 238
	110, 238
	111, 239
	43, 239
	-3, 240
	133, 240
	149, 240
	173, 241
	68, 242
	76, 242
	55, 242
	29, 242
	182, 243
	151, 243
	13, 243
	39, 244
	132, 244
	153, 245
	44, 246
	230, 246
	82, 246
	222, 246
	76, 247
	68, 247
	242, 247
	23, 247
	220, 248
	169, 248
	80, 248
	36, 248
	208, 248
	28, 248
	14, 248
	155, 248
	75, 248
	195, 249
	52, 249
	33, 249
	247, 249
	183, 250
	-3, 250
	115, 250
	172, 251
	138, 251
	192, 251
	36, 251
	144, 251
	208, 251
	110, 252
	170, 252
	77, 252
	-3, 252
	60, 253
	202, 253
	67, 253
	94, 253
	140, 254
	17, 254
	87, 254
	40, 254
	184, 255
	58, 255
	-1, 255
	232, 255
	107, 256
	16, 256
	20, 257
	212, 257
	174, 258
	187, 258
	235, 258
	61, 258
	47, 258
	205, 258
	63, 258
	102, 259
	118, 260
	259, 261
	102, 261
	91, 261
	234, 261
	-3, 262
	179, 263
	74, 263
	27, 264
	5, 264
	244, 265
	39, 265
	260, 265
	40, 265
	150, 265
	220, 266
	197, 266
	28, 266
	171, 266
	261, 267
	234, 267
	102, 267
	19, 268
	173, 268
	124, 268
	241, 268
	189, 269
	181, 269
	135, 269
	158, 269
	38, 269
	105, 269
	171, 270
	28, 270
	107, 270
	106, 271
	4, 271
	50, 271
	198, 272
	153, 273
	245, 273
	-2, 273
	64, 274
	233, 274
	153, 274
	107, 275
	5, 275
	256, 275
	260, 276
	118, 276
	15, 276
	88, 276
	167, 276
	123, 276
	183, 277
	115, 277
	53, 277
	216, 277
	157, 278
	121, 278
	117, 278
	121, 279
	-4, 279
	117, 279
	278, 279
	263, 280
	91, 281
	-2, 281
	259, 281
	273, 281
	261, 281
	161, 282
	80, 282
	130, 283
	96, 283
	30, 283
	-1, 283
	65, 283
	199, 283
	-1, 284
	231, 285
	210, 285
	196, 285
	99, 285
	247, 286
	23, 286
	76, 286
	190, 286
	72, 286
	21, 286
	3, 286
	120, 286
	61, 287
	32, 287
	174, 287
	177, 288
	94, 288
	216, 288
	253, 288
	257, 289
	212, 289
	271, 289
	4, 289
	106, 289
	31, 290
	126, 290
	256, 290
	16, 290
	109, 291
	106, 291
	271, 291
	57, 291
	229, 291
	242, 292
	76, 292
	55, 292
	29, 292
	284, 293
	-1, 293
	96, 293
	245, 294
	274, 294
	64, 294
	153, 294
	138, 294
	98, 294
	148, 295
	253, 296
	132, 296
	202, 296
	217, 297
	15, 297
	63, 297
	205, 297
	167, 297
	88, 297
	209, 298
	122, 299
	61, 299
	141, 299
	235, 299
	7, 299
	47, 299
	253, 300
	226, 301
	-2, 301
	239, 301
	225, 301
	48, 301
	84, 301
	191, 302
	134, 302
	17, 302
	173, 302
	139, 302
	178, 303
	85, 303
	272, 304
	296, 304
	60, 304
	253, 304
	202, 305
	277, 305
	216, 305
	288, 305
	76, 306
	56, 306
	5, 306
	133, 307
	175, 307
	59, 307
	109, 307
	135, 308
	209, 308
	201, 308
	116, 308
	83, 308
	186, 308
	100, 308
	242, 309
	29, 309
	2, 310
	200, 310
	210, 311
	125, 311
	52, 312
	249, 312
	33, 312
	146, 313
	145, 313
	-4, 313
	85, 314
	303, 314
	153, 315
	145, 315
	-2, 315
	273, 315
	262, 316
	-3, 316
	240, 316
	133, 316
	295, 316
	175, 316
	37, 317
	220, 317
	169, 317
	84, 318
	164, 318
	95, 318
	8, 318
	293, 319
	96, 319
	-1, 319
	218, 320
	143, 320
	191, 320
	143, 321
	148, 321
	295, 321
	-3, 321
	316, 321
	191, 321
	262, 321
	320, 321
	89, 322
	56, 322
	5, 322
	18, 322
	180, 323
	238, 323
	-4, 324
	298, 324
	201, 324
	136, 325
	168, 325
	198, 325
	184, 326
	69, 326
	179, 326
	280, 327
	92, 327
	27, 327
	189, 327
	222, 328
	185, 328
	32, 328
	82, 328
	168, 329
	304, 329
	177, 330
	-3, 330
	288, 330
	277, 330
	183, 330
	216, 330
	265, 331
	260, 331
	118, 331
	87, 332
	17, 332
	154, 332
	128, 332
	232, 333
	-1, 333
	284, 333
	255, 333
	66, 334
	49, 334
	50, 334
	129, 334
	74, 335
	263, 335
	280, 335
	142, 336
	89, 336
	162, 336
	147, 336
	29, 337
	263, 337
	179, 337
	309, 337
	255, 337
	326, 337
	280, 337
	276, 338
	123, 338
	7, 339
	17, 340
	302, 340
	173, 340
	154, 340
	131, 341
	44, 341
	314, 341
	222, 341
	246, 341
	301, 342
	207, 342
	111, 342
	239, 342
	198, 343
	192, 344
	26, 344
	206, 344
	233, 344
	62, 344
	299, 345
	141, 345
	240, 346
	-3, 346
	316, 346
	157, 347
	126, 347
	31, 347
	290, 347
	287, 348
	186, 349
	74, 349
	100, 349
	335, 349
	45, 350
	136, 350
	119, 350
	228, 350
	70, 350
	329, 350
	168, 350
	304, 351
	296, 351
	244, 351
	132, 351
	124, 352
	345, 353
	299, 353
	47, 353
	35, 354
	352, 354
	215, 354
	124, 354
	78, 354
	294, 355
	245, 355
	273, 355
	281, 355
	224, 356
	193, 356
	236, 356
	90, 356
	12, 356
	59, 357
	160, 357
	35, 357
	109, 357
	229, 357
	241, 357
	268, 357
	57, 357
	234, 358
	131, 358
	211, 358
	102, 358
	341, 358
	314, 358
	85, 358
	267, 358
	227, 359
	91, 359
	159, 359
	261, 359
	153, 360
	146, 360
	145, 360
	315, 360
	260, 361
	265, 361
	40, 361
	270, 362
	107, 362
	77, 363
	-1, 363
	252, 363
	-3, 363
	16, 364
	126, 364
	270, 365
	28, 365
	362, 365
	21, 366
	20, 366
	337, 367
	255, 367
	309, 367
	14, 368
	28, 368
	13, 368
	161, 368
	75, 368
	51, 368
	104, 369
	10, 369
	113, 369
	152, 369
	107, 369
	287, 370
	32, 370
	328, 370
	369, 371
	152, 371
	270, 371
	107, 371
	171, 371
	149, 372
	108, 372
	240, 372
	133, 372
	153, 373
	233, 373
	364, 374
	16, 374
	362, 374
	107, 374
	265, 375
	244, 375
	343, 375
	351, 375
	198, 375
	272, 375
	118, 375
	331, 375
	304, 375
	334, 376
	129, 376
	86, 376
	79, 376
	50, 376
	213, 376
	5, 377
	306, 377
	292, 377
	76, 377
	264, 377
	201, 378
	166, 378
	324, 378
	298, 378
	209, 378
	203, 379
	151, 379
	182, 379
	243, 379
	297, 380
	63, 380
	348, 380
	287, 380
	174, 380
	258, 380
	160, 381
	35, 381
	78, 381
	106, 381
	354, 381
	333, 382
	284, 382
	52, 382
	293, 382
	96, 382
	65, 383
	199, 383
	20, 383
	283, 383
	117, 384
	116, 384
	46, 384
	-4, 384
	214, 384
	111, 385
	43, 385
	165, 385
	151, 386
	-4, 386
	121, 386
	203, 386
	132, 387
	40, 387
	204, 387
	296, 387
	202, 387
	206, 388
	282, 388
	161, 388
	-4, 388
	114, 388
	237, 389
	173, 389
	241, 389
	357, 389
	59, 389
	283, 390
	130, 390
	-1, 390
	377, 391
	292, 391
	327, 391
	264, 391
	29, 391
	27, 391
	299, 392
	339, 392
	7, 392
	343, 393
	165, 393
	198, 393
	0, 394
	19, 394
	231, 394
	128, 394
	20, 395
	78, 395
	352, 395
	366, 395
	21, 395
	215, 396
	78, 396
	354, 396
	352, 396
	395, 396
	24, 397
	18, 397
	156, 397
	369, 397
	113, 397
	315, 398
	273, 398
	-2, 398
	206, 399
	26, 399
	282, 399
	80, 399
	36, 399
	388, 399
	397, 400
	369, 400
	24, 400
	33, 401
	199, 401
	382, 401
	52, 401
	312, 401
	96, 401
	8, 402
	234, 402
	164, 402
	301, 403
	239, 403
	43, 403
	48, 403
	136, 403
	119, 403
	219, 403
	21, 404
	3, 404
	247, 404
	249, 404
	195, 404
	23, 404
	366, 404
	20, 404
	281, 405
	259, 405
	355, 405
	341, 406
	185, 406
	328, 406
	222, 406
	365, 407
	182, 407
	374, 407
	362, 407
	243, 407
	149, 408
	108, 408
	25, 408
	323, 408
	137, 408
	180, 408
	373, 409
	233, 409
	-4, 409
	153, 409
	158, 410
	38, 410
	46, 410
	384, 410
	117, 410
	157, 410
	135, 410
	187, 411
	258, 411
	194, 411
	24, 411
	6, 411
	400, 411
	342, 412
	301, 412
	318, 412
	84, 412
	73, 412
	54, 412
	127, 412
	207, 412
	164, 412
	40, 413
	387, 413
	204, 413
	258, 414
	47, 414
	353, 414
	400, 414
	411, 414
	304, 415
	60, 415
	374, 416
	364, 416
	157, 416
	126, 416
	407, 416
	121, 416
	182, 416
	37, 417
	392, 417
	102, 418
	85, 418
	405, 418
	259, 418
	355, 418
	294, 418
	98, 418
	261, 419
	359, 419
	234, 419
	227, 419
	52, 420
	247, 420
	242, 420
	249, 420
	339, 421
	7, 421
	299, 421
	141, 421
	197, 421
	220, 421
	110, 422
	408, 422
	137, 422
	238, 422
	323, 422
	200, 423
	415, 423
	60, 423
	310, 423
	253, 423
	300, 423
	93, 423
	12, 423
	383, 424
	65, 424
	289, 424
	20, 424
	257, 424
	369, 425
	152, 425
	400, 425
	376, 426
	213, 426
	65, 426
	50, 426
	289, 426
	424, 426
	271, 426
	137, 427
	422, 427
	110, 427
	252, 427
	-3, 427
	205, 428
	99, 428
	258, 428
	187, 428
	417, 429
	37, 429
	317, 429
	220, 429
	421, 429
	392, 429
	339, 429
	51, 430
	13, 430
	103, 430
	161, 430
	254, 431
	87, 431
	41, 431
	128, 431
	260, 431
	361, 431
	338, 431
	123, 431
	101, 431
	40, 431
	276, 431
	380, 432
	348, 432
	297, 432
	426, 433
	289, 433
	271, 433
	210, 434
	311, 434
	162, 434
	147, 434
	120, 434
	21, 434
	125, 434
	72, 434
	395, 434
	190, 434
	118, 435
	375, 435
	316, 436
	295, 436
	148, 436
	237, 436
	175, 436
	59, 436
	389, 436
	213, 437
	86, 437
	130, 437
	65, 437
	426, 437
	367, 438
	255, 438
	333, 438
	409, 439
	-4, 439
	313, 439
	313, 440
	145, 440
	-4, 440
	34, 440
	66, 441
	-1, 441
	77, 441
	50, 442
	271, 442
	109, 442
	180, 442
	334, 442
	49, 442
	323, 442
	238, 442
	291, 442
	327, 443
	280, 443
	189, 443
	335, 443
	255, 444
	184, 444
	326, 444
	337, 444
	165, 445
	9, 445
	370, 445
	328, 445
	111, 445
	230, 445
	22, 445
	82, 445
	385, 445
	328, 446
	185, 446
	392, 446
	299, 446
	122, 446
	32, 446
	136, 447
	325, 447
	393, 447
	198, 447
	403, 447
	43, 447
	165, 447
	423, 448
	12, 448
	253, 448
	67, 448
	11, 448
	300, 448
	125, 449
	395, 449
	352, 449
	434, 449
	77, 450
	441, 450
	66, 450
	45, 451
	2, 451
	350, 451
	329, 451
	310, 451
	324, 452
	-4, 452
	-1, 452
	298, 452
	209, 452
	305, 453
	277, 453
	204, 453
	387, 453
	53, 453
	202, 453
	125, 454
	124, 454
	449, 454
	352, 454
	355, 455
	405, 455
	281, 455
	149, 456
	-3, 456
	427, 456
	137, 456
	329, 457
	304, 457
	168, 457
	272, 457
	325, 457
	198, 457
	350, 458
	119, 458
	219, 458
	228, 458
	218, 459
	223, 459
	140, 459
	453, 459
	204, 459
	254, 459
	413, 459
	40, 459
	337, 460
	29, 460
	327, 460
	280, 460
	391, 460
	357, 461
	160, 461
	57, 461
	106, 461
	381, 461
	53, 462
	453, 462
	218, 462
	459, 462
	445, 463
	370, 463
	287, 463
	348, 463
	22, 463
	297, 463
	217, 463
	81, 463
	432, 463
	365, 464
	362, 464
	407, 464
	409, 465
	233, 465
	62, 465
	-4, 465
	344, 465
	92, 466
	327, 466
	27, 466
	310, 467
	423, 467
	415, 467
	451, 467
	329, 467
	304, 467
	418, 468
	85, 468
	98, 468
	250, 469
	-3, 469
	275, 470
	256, 470
	466, 470
	264, 470
	27, 470
	290, 470
	5, 470
	420, 471
	242, 471
	309, 471
	367, 471
	52, 471
	382, 472
	52, 472
	438, 472
	333, 472
	471, 472
	367, 472
	184, 473
	-1, 473
	163, 473
	231, 474
	19, 474
	311, 474
	125, 474
	285, 474
	210, 474
	290, 475
	105, 475
	466, 475
	92, 475
	269, 475
	181, 475
	470, 475
	407, 476
	365, 476
	13, 476
	28, 476
	243, 476
	321, 477
	-3, 477
	469, 477
	143, 477
	130, 478
	65, 478
	283, 478
	314, 479
	303, 479
	178, 479
	37, 479
	406, 479
	185, 479
	417, 479
	341, 479
	392, 479
	446, 479
	375, 480
	343, 480
	81, 480
	22, 480
	9, 480
	217, 480
	393, 480
	165, 480
	435, 480
	118, 480
	475, 481
	105, 481
	31, 481
	290, 481
	305, 482
	202, 482
	253, 482
	288, 482
	115, 483
	250, 483
	218, 483
	143, 483
	53, 483
	477, 483
	469, 483
	357, 484
	268, 484
	354, 484
	35, 484
	124, 484
	335, 485
	349, 485
	308, 485
	135, 485
	443, 485
	269, 485
	189, 485
	100, 485
	252, 486
	77, 486
	66, 486
	450, 486
	238, 486
	170, 486
	71, 486
	153, 487
	146, 487
	439, 487
	409, 487
	313, 487
	214, 488
	-4, 488
	324, 488
	201, 488
	116, 488
	423, 489
	93, 489
	200, 489
	353, 490
	345, 490
	371, 490
	152, 490
	141, 490
	171, 490
	425, 490
	400, 490
	421, 490
	266, 490
	197, 490
	414, 490
Mesh Regions: 491
	7, 112, 155, 200, 965
	17, 64, 101, 355
	0, 19, 267, 634, 1259
	8, 10, 543, 1013
	74, 489, 555
	2, 6, 23, 70, 77, 88, 462, 499, 620, 679, 889, 1354
	230, 256, 1053
	594, 739, 961, 1099
	1, 45, 58, 62, 168, 188, 206, 333, 366, 662, 1002
	9, 190, 1224, 1408
	2, 71, 87, 852
	3, 4, 29, 208, 1249
	4, 5, 56, 330, 369, 801, 1116, 1246
	11, 21, 69, 151, 391, 847, 1149, 1384
	12, 36, 409, 845
	49, 94, 305, 503, 584
	78, 107, 442, 560, 835, 871
	48, 131, 132, 153, 325, 434, 605, 712, 740
	6, 51, 86, 133, 159, 680, 980
	7, 104, 105, 199, 353, 475, 966, 1370
	40, 257, 261, 298, 443, 841, 921, 969, 1019, 1120
	8, 95, 542, 840, 973, 1012, 1174
	9, 44, 1229, 1321, 1407
	10, 402, 538, 1017
	135, 158, 255, 979, 995, 1052
	80, 81, 124, 219, 1034
	16, 247, 278, 755, 988
	461, 694, 958, 1336, 1352
	11, 12, 156, 196, 316, 408, 470, 486, 838, 846, 1385
	22, 388, 569, 633, 730, 957, 1304
	13, 60, 528
	73, 164, 557, 766, 1416
	25, 99, 546, 698, 857, 1237
	258, 263, 414, 640, 996
	14, 15, 138, 1202
	171, 788, 804, 910, 1432
	16, 43, 248, 283, 406, 422, 991
	194, 197, 214, 285, 656, 1081, 1142, 1397
	72, 160, 166, 483, 1043
	121, 147, 392, 464
	120, 148, 436, 466, 828, 936, 1064, 1161, 1302
	17, 65, 102, 110, 352, 1154
	18, 68, 174
	83, 189, 380, 929, 1007, 1243
	119, 184, 347, 364, 395, 745
	19, 20, 30, 773, 1258
	91, 126, 925, 1044
	368, 449, 595, 787, 1068
	311, 336, 601, 1008
	28, 33, 377, 720, 1211
	490, 721, 887, 1128, 1206
	21, 175, 850, 1148
	413, 638, 916, 999, 1094, 1359, 1361
	90, 307, 509, 1272, 1313, 1426
	34, 109, 345, 1060
	22, 387, 568
	23, 37, 50, 619, 678
	75, 342, 564, 809, 1310
	24, 224, 438
	82, 205, 623, 802, 949, 1186
	429, 612, 1073, 1111
	25, 98, 203, 367, 448, 545, 591
	26, 279, 758, 1331
	276, 451, 585, 904
	129, 137, 360, 495, 575
	118, 530, 919, 1118, 1127, 1191, 1392
	27, 28, 32, 115, 719, 1203, 1257, 1444
	29, 57, 211, 431, 1248
	38, 385, 400
	183, 215, 226, 690
	30, 31, 339, 777
	32, 33, 375, 1448
	96, 242, 541, 1176
	34, 185, 348, 1059
	35, 84, 181, 216, 228, 292, 460, 723, 770
	36, 42, 176, 411, 849
	37, 38, 52, 241, 386, 399, 539, 567, 618, 892
	39, 427, 831, 1205, 1255, 1443
	40, 76, 299, 303, 792, 911, 970, 975
	41, 47, 113, 886
	42, 43, 177, 405, 525, 990
	44, 306, 1324, 1406
	323, 350, 397, 699, 1230
	92, 127, 629
	45, 332, 602, 659, 1058
	63, 66, 212, 233, 296, 609, 644, 816, 1084, 1344
	46, 47, 116, 300, 885, 1189
	48, 111, 435, 711, 1153
	49, 192, 504, 588
	50, 51, 52, 134, 179, 240, 677, 727
	53, 55, 251, 265, 371, 800
	54, 169, 456, 519, 819
	220, 238, 693, 1334, 1378
	55, 56, 268, 370, 1115, 1460
	57, 210, 432, 549
	58, 61, 186, 661
	59, 60, 264, 527, 572, 664, 918, 1001
	61, 62, 187
	63, 130, 232, 578, 1089, 1345
	64, 100, 231, 253, 259, 274, 354, 536, 1138
	229, 631, 771, 1441
	65, 103, 1160
	66, 295, 452, 455, 474, 813, 1083
	67, 68, 69, 149, 178, 1150
	70, 71, 79, 851
	72, 73, 165, 484, 1376, 1415
	74, 75, 76, 297, 488, 556, 562, 912, 1311
	77, 78, 79, 441, 487, 498, 830, 855, 862, 873
	80, 122, 143, 865, 1033
	81, 82, 123, 218, 343, 561, 624, 805, 1208
	195, 378, 425, 1104, 1134
	83, 108, 281, 349, 379, 751, 928, 1227
	84, 85, 289
	86, 87, 88, 853, 983
	89, 172, 944
	90, 223, 418, 508, 1422
	91, 92, 125, 269, 302, 628, 924, 1458
	93, 161, 513, 516, 923, 1046
	94, 304, 453, 502, 710, 880, 1179, 1413
	128, 312, 775, 1010, 1292
	95, 96, 544, 1173
	97, 162, 221, 272, 512, 514, 933, 1079
	98, 99, 590, 1236
	100, 101, 102, 103, 191, 275, 506, 738, 1159
	104, 106, 477, 784, 791, 1275, 1433
	105, 106, 637, 1175, 1251, 1274, 1372
	107, 163, 558, 765, 836, 1077
	108, 109, 282, 344, 1061
	110, 111, 112, 154, 351, 714, 968, 1155
	113, 114, 115, 722, 884
	116, 117, 118, 526, 951, 1190, 1391
	119, 363, 744, 811
	120, 121, 146, 393, 581, 783, 935
	122, 123, 124, 204, 382, 621, 653, 867
	142, 202, 244, 373, 604
	125, 126, 127, 167, 481, 625, 1048, 1437
	128, 193, 686, 774, 1009, 1238
	145, 1036, 1106, 1132, 1284
	129, 130, 136, 198, 234, 420, 577
	131, 243, 309, 326, 607
	132, 327, 433, 1297
	592, 760, 1101, 1466
	133, 134, 135, 141, 157, 254, 322, 726
	310, 667, 669, 1390, 1425
	136, 137, 246, 359, 423
	138, 139, 140, 642, 647, 824, 1200
	140, 152, 641, 823, 1450
	141, 180, 294, 321, 729, 1172
	142, 245, 372, 579, 670, 1183
	143, 144, 145, 383, 864, 1032, 1281
	146, 147, 148, 467
	149, 150, 151, 271, 390, 900, 931
	854, 860, 1123, 1465
	152, 358, 394, 492, 497, 576, 646, 822, 868, 1041, 1449
	153, 154, 155, 201, 713, 743
	156, 317, 410
	157, 158, 159, 981
	160, 161, 162, 163, 164, 165, 511, 764, 1047, 1076
	166, 167, 482, 1042
	168, 169, 170, 207, 338, 820
	171, 803, 909, 1309
	172, 173, 174, 175, 176, 177, 178, 524, 848, 942, 1151
	179, 180, 239, 728, 1171
	181, 182, 183, 217, 227, 1368
	184, 185, 186, 187, 188, 346, 365, 660, 1004, 1063
	189, 190, 930, 963, 1223, 1244, 1411
	270, 291, 895
	191, 192, 277, 505, 587
	193, 687, 700, 779, 1287
	194, 284, 314, 404, 658
	195, 376, 426, 1447
	196, 471, 485, 863, 1467
	197, 198, 213, 235, 286, 419
	199, 200, 201, 202, 374, 384, 476, 606, 742, 946
	203, 445, 547, 907
	204, 205, 622, 655, 1185
	206, 207, 337, 362
	208, 209, 210, 211, 548, 702
	212, 213, 214, 236, 608, 1396
	215, 216, 217, 459, 691, 732
	218, 219, 681, 1037, 1209
	220, 237, 480, 1380
	221, 273, 389, 901, 1028, 1080
	222, 223, 416, 507, 706
	224, 225, 226, 227, 437, 689, 1220, 1366
	697, 1024, 1233, 1399
	228, 229, 287, 630, 769
	230, 231, 252, 446, 1049, 1140
	232, 233, 234, 235, 236
	237, 238, 479, 695, 1217, 1440
	239, 240, 241, 242, 540, 1178
	243, 244, 245, 308, 603, 668, 674
	246, 247, 248, 357, 421, 754
	249, 250, 251, 328, 798
	252, 253, 254, 255, 256, 260, 320, 1051
	257, 258, 262, 412, 1016
	259, 260, 293, 319, 535
	315, 469, 1102, 1472
	491, 688, 753, 878, 964, 1241, 1290
	261, 262, 263, 264, 531, 920, 997
	265, 266, 267, 268, 635, 1109, 1461
	269, 270, 290, 627, 685, 894, 1457
	430, 582, 614, 939, 1273, 1419
	271, 272, 273, 899, 934
	937, 1066, 1270, 1299
	274, 275, 276, 277, 450, 586, 1137
	278, 279, 280, 756, 940, 987
	281, 282, 750, 1062
	283, 284, 285, 286, 407, 424
	287, 288, 289, 290, 291, 292, 589, 626, 898, 1267
	293, 294, 318, 534, 636, 1169, 1374
	295, 296, 812
	297, 298, 299, 444, 553
	300, 888, 1126, 1188
	301, 302, 927, 1454
	303, 790, 974
	510, 550, 616, 707
	304, 305, 306, 583, 1323, 1409
	307, 308, 309, 310, 324, 666, 1295, 1315, 1424
	311, 312, 313, 334, 340, 1011, 1293
	314, 315, 316, 317, 403, 468, 657, 1103, 1144
	318, 319, 320, 321, 322
	323, 398, 696, 747, 1026
	324, 325, 326, 327, 1296
	328, 329, 330, 797
	331, 332, 333, 600
	334, 335, 336, 597
	337, 338, 361, 818, 1093
	339, 340, 341, 776, 1294
	342, 343, 565, 806
	344, 345, 346, 347, 348, 349, 350, 396, 1228
	351, 352, 353, 354, 355, 533, 967, 1369
	356, 440, 715
	357, 358, 359, 360, 496, 757, 869, 1039, 1330
	361, 362, 363, 364, 365, 366, 457, 473, 810, 1003, 1092
	367, 368, 447, 593
	369, 370, 371, 799
	372, 373, 374, 945, 1184
	375, 376, 377, 378, 682, 1107, 1213, 1446
	379, 380, 599, 752, 1006
	381, 382, 383, 652, 761, 866
	384, 478, 807, 947
	385, 386, 387, 388, 401, 566, 632, 1096, 1356
	389, 390, 391, 902, 1031, 1386
	392, 393, 463, 782, 875
	394, 493, 573, 794
	395, 396, 397, 398, 748
	399, 400, 401, 402, 415, 537, 1014, 1095
	403, 404, 405, 406, 407, 408, 409, 410, 411
	412, 413, 414, 415, 639, 1015, 1097
	416, 417, 418, 1346, 1423
	419, 420, 421, 422, 423, 424
	425, 426, 427, 428, 833, 1135, 1442
	429, 430, 431, 432, 551, 580, 596, 613, 1113, 1247, 1420
	433, 434, 435, 436, 1152, 1300
	437, 438, 439, 440, 718, 734, 843, 1194, 1219
	441, 442, 500, 559, 1349
	443, 444, 552, 1121
	445, 446, 447, 448, 449, 450, 451, 908, 1050, 1067, 1139
	452, 454, 521, 1021, 1086
	453, 465, 501, 709, 826, 1156
	454, 455, 456, 457, 472, 523, 821, 1090
	458, 650, 675
	459, 460, 518, 724, 731
	461, 462, 893, 956, 1351
	463, 464, 465, 466, 467, 708, 827, 874
	468, 469, 470, 471, 1471
	472, 473, 474, 817
	475, 476, 477, 478, 808, 1430
	479, 480, 481, 482, 483, 484, 1379, 1439
	485, 486, 487, 829, 837, 861
	488, 489, 490, 554, 563, 1131, 1168, 1207
	491, 610, 879, 1288
	492, 493, 494, 522, 649, 795, 985
	495, 496, 497, 574
	498, 499, 500, 1348
	501, 502, 503, 504, 505, 506, 737, 1162
	507, 508, 509, 510, 615, 705, 1269
	511, 512, 513, 517
	514, 515, 516, 517
	518, 692, 725, 736, 1216, 1306
	519, 520, 521, 522, 523, 796, 1020, 1280
	524, 525, 941, 989
	526, 527, 528, 529, 530, 531, 922, 950, 1393
	532, 570, 717, 915
	533, 534, 535, 536, 1373
	537, 538, 539, 540, 541, 542, 543, 544
	545, 546, 547, 768, 856, 906, 1319
	548, 549, 550, 551, 617, 704, 1421
	552, 553, 554, 555, 556, 1119, 1129, 1167
	557, 558, 559, 560, 767, 1353, 1375, 1417
	561, 562, 563, 564, 565, 1214
	566, 567, 568, 569, 891, 954
	570, 571, 572, 663, 917
	573, 574, 575, 576, 577, 578, 793, 1088
	579, 654, 671, 1182
	580, 581, 582, 611, 781, 938
	583, 584, 585, 586, 587, 588, 903, 1165, 1322
	589, 684, 897, 1266
	590, 591, 592, 593, 594, 595, 759, 786, 959, 1100, 1235
	596, 1114, 1250
	597, 598, 599, 600, 601, 602, 749, 1005, 1056
	603, 604, 605, 606, 607, 741
	608, 609, 645, 1395
	610, 611, 612, 613, 701, 780, 882, 1072, 1286, 1342
	614, 615, 616, 617, 1268, 1418
	618, 619, 620, 890
	621, 622, 623, 624
	625, 626, 627, 628, 629, 630, 631, 1436
	632, 633, 733, 844, 1357
	634, 635, 1112, 1262, 1337
	636, 637, 1170, 1371
	638, 639, 640, 1000
	641, 642, 643, 1198, 1199, 1453
	644, 645, 746, 815, 1394
	646, 647, 648, 649, 825, 984
	650, 651, 652, 653, 654, 655, 673, 763, 1181
	656, 657, 658, 1143
	659, 660, 661, 662, 1057
	663, 664, 665
	666, 667, 668, 676
	669, 670, 671, 672, 673, 674, 675, 676, 1387
	677, 678, 679, 680
	681, 682, 1035, 1108, 1212
	683, 684, 685, 896, 1263, 1456
	686, 687, 688, 1239, 1289
	689, 690, 691, 735, 1221
	692, 693, 694, 695, 955, 1215, 1305, 1335
	696, 697, 698, 699, 858, 1025, 1226, 1232
	700, 701, 778, 1261, 1285, 1341
	702, 703, 704, 705, 706, 707
	708, 709, 710, 881
	711, 712, 713, 714
	715, 716, 717, 718, 914, 1195, 1363
	719, 720, 721, 722, 883, 1210
	723, 724, 725, 772, 1218, 1434
	726, 727, 728, 729
	730, 731, 732, 733, 734, 735, 736, 842, 1222, 1303
	737, 738, 1158
	739, 960, 1098, 1147
	740, 741, 742, 743
	744, 745, 746, 747, 748, 814, 1023, 1401
	749, 750, 751, 752, 1055
	753, 876, 962, 1405
	754, 755, 756, 757, 758, 1333
	759, 760, 785, 1463
	761, 762, 763
	764, 765, 766, 767
	768, 905, 1164, 1320
	769, 770, 771, 772, 1435
	773, 774, 775, 776, 777, 778, 779, 1260, 1291
	780, 781, 782, 783, 877
	784, 789, 971, 977, 1253, 1277
	785, 786, 787, 1069, 1462
	788, 789, 790, 791, 792, 913, 976, 1431
	793, 794, 795, 796, 1022, 1087, 1278
	797, 798, 799, 800, 801
	802, 803, 804, 805, 806, 807, 808, 809, 948, 1308, 1429
	810, 811, 812, 813, 814, 815, 816, 817
	818, 819, 820, 821, 1091
	822, 823, 824, 825
	826, 827, 828, 1157
	829, 830, 839, 872, 1030, 1327
	831, 832, 833, 834
	835, 836, 870, 1075
	837, 838, 839, 1027, 1326, 1383
	840, 841, 972, 1018
	842, 843, 844, 1193, 1358, 1365
	845, 846, 847, 848, 849, 850
	851, 852, 853, 854, 855, 859, 982, 994, 1122
	856, 857, 858, 1225, 1318
	859, 860, 861, 862, 863, 1464
	864, 865, 866, 867
	868, 869, 1038
	870, 871, 872, 873, 1029, 1074
	874, 875, 876, 877, 878, 879, 880, 881, 882, 1180, 1404
	883, 884, 885, 886, 887, 888, 1125
	889, 890, 891, 892, 893, 953
	894, 895, 896, 897, 898
	899, 900, 901, 902
	903, 904, 905, 906, 907, 908, 1163
	909, 910, 911, 912, 913, 1312
	914, 915, 916, 917, 918, 998, 1360
	919, 920, 921, 922, 1117
	923, 924, 925, 926, 927, 1045
	928, 929, 930, 1231
	931, 932, 933, 934
	935, 936, 937, 938, 939, 1065, 1271
	940, 941, 942, 943, 944, 992
	945, 946, 947, 948, 949, 1187
	950, 951, 952
	953, 954, 955, 956, 957, 958, 1307
	959, 960, 961, 1082, 1146, 1234, 1402
	962, 963, 964, 1240, 1410
	965, 966, 967, 968
	969, 970, 971, 972, 973, 978, 1177, 1252
	974, 975, 976, 977, 978
	979, 980, 981, 982, 983, 993
	984, 985, 986
	987, 988, 989, 990, 991, 992
	993, 994, 995, 1054, 1070, 1124, 1469
	996, 997, 998, 999, 1000, 1001
	1002, 1003, 1004
	1005, 1006, 1007, 1008, 1009, 1010, 1011, 1242
	1012, 1013, 1014, 1015, 1016, 1017, 1018, 1019
	1020, 1021, 1022, 1085, 1279
	1023, 1024, 1025, 1026, 1398
	1027, 1028, 1029, 1030, 1031, 1078, 1328, 1382
	1032, 1033, 1034, 1035, 1036, 1037, 1105
	1038, 1039, 1040, 1041, 1196, 1329, 1452
	1042, 1043, 1044, 1045, 1046, 1047, 1048
	1049, 1050, 1051, 1052, 1053, 1054, 1071
	1055, 1056, 1057, 1058, 1059, 1060, 1061, 1062, 1063
	1064, 1065, 1066, 1301
	1067, 1068, 1069, 1070, 1071, 1473
	1072, 1073, 1110, 1339
	1074, 1075, 1076, 1077, 1078, 1079, 1080
	1081, 1082, 1141, 1400
	1083, 1084, 1085, 1086, 1087, 1088, 1089, 1343
	1090, 1091, 1092, 1093
	1094, 1095, 1096, 1097, 1355
	1098, 1099, 1100, 1101, 1102, 1103, 1145, 1470
	1104, 1105, 1106, 1107, 1108, 1133
	1109, 1110, 1111, 1112, 1113, 1114, 1115, 1116, 1245, 1338, 1459
	1117, 1118, 1119, 1120, 1121, 1130
	1122, 1123, 1124, 1468
	1125, 1126, 1127, 1128, 1129, 1130, 1131, 1166, 1192
	1132, 1133, 1134, 1135, 1136, 1283
	1137, 1138, 1139, 1140
	1141, 1142, 1143, 1144, 1145, 1146, 1147
	1148, 1149, 1150, 1151
	1152, 1153, 1154, 1155, 1156, 1157, 1158, 1159, 1160, 1161, 1162
	1163, 1164, 1165, 1325
	1166, 1167, 1168
	1169, 1170, 1171, 1172, 1173, 1174, 1175, 1176, 1177, 1178, 1254
	1179, 1180, 1412
	1181, 1182, 1183, 1184, 1185, 1186, 1187
	1188, 1189, 1190, 1191, 1192
	1193, 1194, 1195, 1362
	1196, 1197, 1198, 1451
	1199, 1200, 1201, 1202
	1203, 1204, 1205, 1256
	1206, 1207, 1208, 1209, 1210, 1211, 1212, 1213, 1214
	1215, 1216, 1217, 1218, 1438
	1219, 1220, 1221, 1222
	1223, 1224, 1225, 1226, 1227, 1228, 1229, 1230, 1231, 1317
	1232, 1233, 1234, 1235, 1236, 1237, 1403
	1238, 1239, 1240, 1241, 1242, 1243, 1244
	1245, 1246, 1247, 1248, 1249, 1250
	1251, 1252, 1253, 1254, 1276
	1255, 1256, 1257, 1445
	1258, 1259, 1260, 1261, 1262, 1340
	1263, 1264, 1265, 1266, 1267
	1268, 1269, 1270, 1271, 1272, 1273, 1298, 1314
	1274, 1275, 1276, 1277
	1278, 1279, 1280
	1281, 1282, 1283, 1284
	1285, 1286, 1287, 1288, 1289, 1290
	1291, 1292, 1293, 1294
	1295, 1296, 1297, 1298, 1299, 1300, 1301, 1302, 1316
	1303, 1304, 1305, 1306, 1307
	1308, 1309, 1310, 1311, 1312
	1313, 1314, 1315, 1316
	1317, 1318, 1319, 1320, 1321, 1322, 1323, 1324, 1325
	1326, 1327, 1328
	1329, 1330, 1331, 1332, 1333
	1334, 1335, 1336, 1350, 1377
	1337, 1338, 1339, 1340, 1341, 1342
	1343, 1344, 1345
	1346, 1347, 1389, 1428
	1348, 1349, 1350, 1351, 1352, 1353, 1354, 1381
	1355, 1356, 1357, 1358, 1359, 1364
	1360, 1361, 1362, 1363, 1364, 1365
	1366, 1367, 1368
	1369, 1370, 1371, 1372, 1373, 1374
	1375, 1376, 1377, 1378, 1379, 1380, 1381, 1414
	1382, 1383, 1384, 1385, 1386
	1387, 1388, 1389, 1390, 1427
	1391, 1392, 1393
	1394, 1395, 1396, 1397, 1398, 1399, 1400, 1401, 1402, 1403
	1404, 1405, 1406, 1407, 1408, 1409, 1410, 1411, 1412, 1413
	1414, 1415, 1416, 1417
	1418, 1419, 1420, 1421
	1422, 1423, 1424, 1425, 1426, 1427, 1428
	1429, 1430, 1431, 1432, 1433
	1434, 1435, 1436, 1437, 1438, 1439, 1440, 1441
	1442, 1443, 1444, 1445, 1446, 1447, 1448
	1449, 1450, 1451, 1452, 1453
	1454, 1455, 1456, 1457, 1458
	1459, 1460, 1461
	1462, 1463, 1464, 1465, 1466, 1467, 1468, 1469, 1470, 1471, 1472, 1473
Seed Numbers: 491
	0
	1
	2
	3
	4
	5
	6
	7
	8
	9
	10
	11
	12
	13
	14
	15
	16
	17
	18
	19
	20
	21
	22
	23
	24
	25
	26
	27
	28
	29
	30
	31
	32
	33
	34
	35
	36
	37
	38
	39
	40
	41
	42
	43
	44
	45
	46
	47
	48
	49
	50
	51
	52
	53
	54
	55
	56
	57
	58
	59
	60
	61
	62
	63
	64
	65
	66
	67
	68
	69
	70
	71
	72
	73
	74
	75
	76
	77
	78
	79
	80
	81
	82
	83
	84
	85
	86
	87
	88
	89
	90
	91
	92
	93
	94
	95
	96
	97
	98
	99
	100
	101
	102
	103
	104
	105
	106
	107
	108
	109
	110
	111
	112
	113
	114
	115
	116
	117
	118
	119
	120
	121
	122
	123
	124
	125
	126
	127
	128
	129
	130
	131
	132
	133
	134
	135
	136
	137
	138
	139
	140
	141
	142
	143
	144
	145
	146
	147
	148
	149
	150
	151
	152
	153
	154
	155
	156
	157
	158
	159
	160
	161
	162
	163
	164
	165
	166
	167
	168
	169
	170
	171
	172
	173
	174
	175
	176
	177
	178
	179
	180
	181
	182
	183
	184
	185
	186
	187
	188
	189
	190
	191
	192
	193
	194
	195
	196
	197
	198
	199
	200
	201
	202
	203
	204
	205
	206
	207
	208
	209
	210
	211
	212
	213
	214
	215
	216
	217
	218
	219
	220
	221
	222
	223
	224
	225
	226
	227
	228
	229
	230
	231
	232
	233
	234
	235
	236
	237
	238
	239
	240
	241
	242
	243
	244
	245
	246
	247
	248
	249
	250
	251
	252
	253
	254
	255
	256
	257
	258
	259
	260
	261
	262
	263
	264
	265
	266
	267
	268
	269
	270
	271
	272
	273
	274
	275
	276
	277
	278
	279
	280
	281
	282
	283
	284
	285
	286
	287
	288
	289
	290
	291
	292
	293
	294
	295
	296
	297
	298
	299
	300
	301
	302
	303
	304
	305
	306
	307
	308
	309
	310
	311
	312
	313
	314
	315
	316
	317
	318
	319
	320
	321
	322
	323
	324
	325
	326
	327
	328
	329
	330
	331
	332
	333
	334
	335
	336
	337
	338
	339
	340
	341
	342
	343
	344
	345
	346
	347
	348
	349
	350
	351
	352
	353
	354
	355
	356
	357
	358
	359
	360
	361
	362
	363
	364
	365
	366
	367
	368
	369
	370
	371
	372
	373
	374
	375
	376
	377
	378
	379
	380
	381
	382
	383
	384
	385
	386
	387
	388
	389
	390
	391
	392
	393
	394
	395
	396
	397
	398
	399
	400
	401
	402
	403
	404
	405
	406
	407
	408
	409
	410
	411
	412
	413
	414
	415
	416
	417
	418
	419
	420
	421
	422
	423
	424
	425
	426
	427
	428
	429
	430
	431
	432
	433
	434
	435
	436
	437
	438
	439
	440
	441
	442
	443
	444
	445
	446
	447
	448
	449
	450
	451
	452
	453
	454
	455
	456
	457
	458
	459
	460
	461
	462
	463
	464
	465
	466
	467
	468
	469
	470
	471
	472
	473
	474
	475
	476
	477
	478
	479
	480
	481
	482
	483
	484
	485
	486
	487
	488
	489
	490
Phase Numbers: 491
	0
	0
	0
	0
	0
	1
	0
	0
	0
	0
	0
	0
	1
	0
	0
	0
	0
	0
	0
	1
	1
	0
	0
	0
	0
	0
	0
	0
	1
	0
	0
	0
	0
	0
	0
	0
	0
	0
	0
	0
	0
	0
	0
	0
	0
	0
	0
	0
	0
	0
	0
	0
	0
	0
	0
	0
	0
	0
	0
	0
	0
	0
	0
	0
	0
	0
	0
	0
	0
	0
	0
	0
	0
	0
	1
	0
	1
	0
	0
	0
	0
	0
	0
	0
	0
	0
	0
	0
	0
	0
	0
	0
	0
	0
	0
	0
	0
	0
	0
	1
	0
	0
	0
	0
	0
	0
	0
	1
	0
	1
	0
	0
	0
	0
	0
	0
	0
	0
	0
	0
	0
	1
	0
	0
	0
	0
	0
	0
	0
	0
	0
	0
	0
	0
	0
	0
	0
	0
	0
	0
	0
	0
	0
	0
	0
	0
	0
	0
	0
	0
	0
	0
	0
	1
	0
	0
	0
	1
	0
	0
	0
	1
	0
	0
	0
	0
	0
	0
	0
	0
	0
	0
	0
	1
	0
	0
	0
	0
	0
	0
	0
	0
	0
	0
	0
	0
	0
	0
	0
	0
	0
	0
	0
	0
	0
	0
	0
	0
	0
	0
	1
	0
	0
	0
	0
	0
	0
	0
	0
	1
	0
	0
	0
	0
	0
	0
	0
	0
	1
	0
	1
	0
	0
	0
	0
	0
	0
	0
	0
	0
	0
	0
	0
	0
	0
	0
	0
	0
	0
	0
	0
	0
	0
	0
	0
	0
	0
	0
	1
	0
	0
	0
	1
	1
	0
	0
	0
	0
	1
	0
	0
	0
	0
	0
	0
	0
	0
	0
	0
	0
	0
	0
	0
	0
	0
	0
	0
	0
	0
	0
	0
	0
	0
	0
	0
	0
	0
	0
	0
	0
	0
	0
	0
	0
	0
	0
	0
	0
	0
	0
	0
	1
	0
	0
	1
	0
	0
	0
	0
	0
	0
	0
	0
	0
	0
	0
	1
	0
	0
	0
	0
	1
	0
	0
	0
	0
	0
	0
	0
	0
	0
	0
	0
	0
	0
	0
	0
	1
	0
	0
	0
	0
	0
	0
	0
	0
	0
	0
	0
	0
	1
	0
	0
	0
	0
	0
	0
	1
	0
	0
	0
	0
	0
	0
	0
	0
	0
	0
	0
	0
	0
	0
	0
	0
	0
	1
	0
	0
	0
	0
	0
	0
	0
	0
	0
	0
	0
	0
	0
	0
	0
	0
	0
	0
	0
	0
	0
	0
	0
	0
	0
	0
	0
	0
	0
	0
	0
	0
	0
	0
	0
	0
	0
	0
	0
	0
	0
	0
	0
	0
	0
	0
	0
	1
	0
	0
	0
	0
	0
	0
	0
	1
	0
	0
	1
	0
	0
	0
	0
	0
	0
	0
	1
	0
	0
	1
	0
	0
	0
	0
	0
	0
	0
	0
	0
	0
	0
	0
	0
	0
	0
	0
	0
	0
	0
	0
	0
	0
	0
	0
	0
	0
	0
	0
	0
	0
	0
	0
	0
	1
	0
	0
	0
	0
	0
	0
	0
	0
	0
	0
	1
Volumes: 491
	0.5084627446299976
	0.4017522623731139
	0.3572630548196014
	0.11319450909247586
	0.10291920945974026
	3.1895099592999863
	0.13400365571002087
	0.06116826189944366
	1.3262301869396105
	0.27966723340781996
	0.08304476632699337
	0.7835658924154072
	2.7535459563356364
	1.6806984229204485
	0.13641801793666847
	0.3122124039047283
	1.0077426661541224
	1.2703306460360864
	1.0841632823778924
	3.0754763058919043
	3.1969807207969403
	0.8367784651597263
	0.3478915484679047
	0.04573568024844815
	1.8103383612321702
	0.21048700804603832
	0.3912538974249716
	0.35712964403074704
	3.2643299855831813
	0.8588379658350546
	0.12989389318314887
	0.07072106216372481
	0.5457933884465073
	0.13856314754593757
	0.06234354637044111
	0.16367251876388458
	1.2500206288712903
	1.0922579905740863
	0.44684318509817517
	0.018106289312061756
	1.4040663245781684
	0.7353716672566529
	0.0921329405827897
	0.7946576131838989
	0.9387694051586074
	0.8364402738207068
	0.13205644983499787
	0.3125904816945366
	0.07905386739764747
	0.2953558313992205
	0.6878459334568433
	0.1771246422283759
	1.4170252611615501
	0.8848128605683634
	0.05800789346268695
	0.09880598036578155
	0.4082201068907414
	0.17809526050111535
	0.08552841578500603
	1.0942485820575052
	0.255170402482627
	0.9845515787596082
	0.21126805337189247
	0.08710323757109602
	0.49498701056293026
	0.9782172669585695
	1.250514189802357
	0.2084262462517581
	0.16537032661079026
	0.11919702172155767
	0.09932129694530768
	0.1090528790886099
	0.026140882899911764
	0.12589654594618888
	3.034305535210271
	0.34101858111087313
	3.1964629149185115
	0.8270570123004589
	0.7708378052064939
	0.08008730221252502
	0.768265216809727
	0.17104096369933547
	0.6200958511037603
	0.046729203542646966
	0.17431925760290237
	1.4114608942813938
	0.695641012732759
	0.5422943548383921
	0.1775114453004776
	1.3044566925718106
	1.0282409881082115
	0.8743134758971798
	0.12295809587940427
	0.8173525012244168
	0.5893954821602276
	0.09829052519783132
	1.5558416398362849
	0.024651071806084404
	0.3806774467594737
	3.227259879023471
	0.09427841630286472
	0.08922430927395333
	0.4869482352324629
	0.9179821598143296
	0.3320069124367932
	0.34899966435115626
	1.7580493784589235
	3.204497262107397
	0.09887959305136468
	2.9140120142275454
	0.16072793971208904
	1.0018509259059818
	0.1299662032623628
	0.3460555273229583
	0.05258172104598444
	0.28900292973817954
	1.2236054463350312
	1.3866710629167929
	1.2029197323954324
	0.2488103036639488
	0.05996639579775244
	2.681542504346348
	0.13362089575470026
	1.6383905127857858
	1.3533885503752403
	0.9390633858073436
	0.32877961760042945
	0.2091852044778854
	1.5083897674592368
	0.7644933831273317
	0.9683922547443455
	0.26627256479122813
	0.7195994634528874
	1.5052200072268145
	0.47143972535012996
	1.1686931356859023
	0.9743151843524149
	0.14908830124432595
	1.1591863629288577
	0.33920104583336574
	0.07031055248559387
	0.17748890907458148
	1.256721756303403
	0.586267305212312
	0.2532969284406199
	0.7476961146107725
	0.1010028025614464
	1.1036550326454873
	0.9594657351344066
	1.0660986370427241
	0.029664280690400946
	1.4266681252046074
	0.3447483578973055
	3.169967953541425
	0.5614790321052628
	0.1595384498348243
	0.12262743890449282
	3.0790689817314267
	0.04892062572017064
	0.8778490893671426
	0.12138736623598673
	3.1178716230919523
	0.5178362701425656
	0.5336927629792202
	1.0315565655769248
	1.046372294993713
	0.10535168235194137
	0.4302771824940047
	0.2920203851759886
	0.5775560298904933
	0.18090598258663398
	0.8227859863229166
	0.7454841968944541
	3.1157396671830324
	0.13057119990851385
	0.20117403144854054
	0.17641857162804658
	1.4803988905045795
	0.7788846754334842
	0.8487651896427809
	0.4876545788522853
	0.12744122834995478
	0.8477249810585509
	0.9615476502262281
	1.061334057791195
	0.23942560142243569
	0.567662835586332
	0.6594406498757917
	0.34775699978727054
	0.4950320624504963
	0.7690378348316143
	1.553145394400151
	1.5921759597017715
	0.4019071961291794
	1.4051057878307844
	0.8822853742862385
	0.431699644207648
	0.1254442253788042
	1.1302461301244042
	1.2347198055166348
	1.8658132384864505
	0.74115387452555
	1.1197695879550278
	0.3600983090998626
	0.27406698137154606
	1.1853611617736775
	1.326917936915394
	0.0413285959529127
	1.1157209242272
	2.9040115396570845
	1.311673947077309
	0.0713005924781571
	0.3853951228910145
	0.08399310131665262
	0.17107645042348057
	0.10490526295167263
	0.06952042172520709
	1.0176242444281773
	3.0201850942541455
	1.1161606286748906
	3.088238018686347
	0.4866948693070348
	0.23860934129835268
	0.5392743038558706
	0.30768038606803433
	0.7392642146621566
	0.11548572940805525
	0.07329969599487697
	0.36581984274769763
	0.08892181469877322
	1.5600205998704082
	1.7407341378262786
	0.2330897265247334
	1.476418838863678
	1.509256674206439
	0.06380754445921964
	0.1577270122836944
	0.407450608562282
	1.5573953659756148
	0.45441798611952106
	0.9740326352348121
	0.4330402815831147
	1.472703040345934
	0.503798076702592
	0.3035704358295335
	0.2538017554677388
	0.25443431795891513
	1.2202651492864316
	2.99930003481275
	1.328063832506953
	0.18516646414075547
	0.8056409517533731
	1.801389029556728
	3.174859271600765
	1.117970634299288
	1.5082100640644243
	0.5021136314122046
	0.1828305050947424
	3.1097679508805234
	0.41364837872750015
	0.9722750035793595
	1.0844296447615132
	0.20845780721427723
	0.37822717892820684
	1.2093221756431318
	0.8613429641656807
	0.7554503704804241
	0.17901149151372142
	0.7945502138895202
	1.4897647174119757
	0.8353327977693956
	1.150659905798721
	0.2671477005995738
	1.6388126674125163
	0.35707074243361264
	0.5529596312533598
	1.214580948841811
	1.1353047665581135
	0.26034879168099234
	0.3207715109838536
	0.3892031378106956
	1.5182163512211126
	0.11760936581181138
	1.3661713308911063
	0.3197506522222689
	0.515089618092067
	0.9779109937812498
	0.9549189597211951
	1.1810729212327171
	0.8272702887819726
	1.126190210885556
	0.7553136694049067
	0.7393989834476689
	0.35647259025049727
	1.6405033722630435
	0.268522380947663
	1.5417819879641725
	1.5487941279168314
	0.15370490037689002
	1.7414354043775724
	0.07918966007037911
	2.4910554741034856
	0.8812770355345513
	0.13903801879611694
	3.1322232154407574
	0.6690064144901013
	0.5796183048071892
	0.20336008035366088
	1.7524973392977365
	0.774521464978942
	0.8760234931623945
	0.345985569301293
	0.13079328296481635
	0.9724265946093227
	0.3988749779224397
	0.7798206294035325
	3.141880551834836
	0.29295226539356356
	0.11444835813160827
	0.03274260530600903
	0.15895487581737905
	3.1463306532322908
	0.17829796886070765
	0.16431301945549903
	0.8248569108693623
	0.5696774613981829
	0.09561574538374726
	1.6904946629272573
	1.7615078190689222
	0.7837496221717443
	1.4224807680826022
	0.15355729429832954
	0.14908119312267115
	1.1939446463424006
	1.2326826214742566
	1.2672350880394723
	0.2564659271232723
	3.2741860931477884
	0.10346992693141294
	0.19393107138441323
	0.07982373684195859
	1.348230696207013
	0.2488711180177663
	0.13209052196235294
	0.589803018314596
	0.06312876734205658
	0.16626146752290855
	0.09607258862622658
	0.09492077907097432
	0.4257014985377685
	3.1390773812133173
	0.541446048201693
	0.3904634908918023
	0.23945674059035715
	1.198380324840007
	0.7908058416933513
	0.19364314432741195
	3.061044669216538
	0.9737484400559474
	0.28792976713751117
	0.10057111963641147
	0.09407203401783201
	0.4414237203365337
	0.29396558105976456
	0.1400322499506471
	0.33131245951009825
	0.4167635003434912
	1.1687724720456645
	1.009927259901107
	1.680098826755343
	0.4931774389191971
	1.262543240002362
	0.16264383045330016
	0.09908608417171956
	0.7871342385737045
	3.20772961525681
	0.737395784950742
	0.6812818513009531
	0.144322322653224
	0.07610252983142701
	0.31585166097020445
	0.3003936711021107
	1.1425620666756733
	1.4989399862122856
	1.0458513326176035
	0.13681235532193817
	0.42814376579881863
	0.637685726628886
	0.862023315666364
	0.8665517599753991
	0.10385534829281713
	1.7940106068122863
	0.9911863681466961
	0.8489931652301408
	0.12586188781683288
	1.4820168628534058
	0.14809028726337092
	0.8543484601693999
	0.14258354911620025
	1.0695882595995339
	1.1972843962835542
	0.7538030155375745
	0.08127959670430453
	1.4257503988536044
	1.2221662711914099
	0.10275724521740133
	0.14430564792152514
	1.4463101453277116
	0.815907640534984
	1.3247841559523126
	1.2270437185464407
	0.8864923168750789
	1.328196369725088
	0.11840197702477336
	1.5768336211425305
	0.12435698035399761
	1.4541020377196354
	0.09447083579516724
	1.1926828489321766
	0.031827866924424235
	0.7679736831449369
	0.7688983578362962
	1.4635083838198943
	3.137960741359718
	0.5188605563955979
	0.19432964048790238
	1.4861290916986825
	0.6414702988291501
	0.11132791064149286
	0.616849296435079
	0.09921355729607391
	3.1684657668302796
	0.10299517125701681
	0.09704219769346113
	3.20819017062132
	0.11221013803290358
	1.3602869858660096
	0.32406606942536287
	0.11254898358620465
	0.15898853007246674
	0.03543822182656917
	0.22069918886347686
	3.0141896016818532
	0.5672711173670403
	0.11990313565661603
	3.1530512950212577
	1.0801307182676962
	1.5079235900827919
	1.2255694268107464
	0.2670182177974354
	0.06644707146492229
	0.642832470802503
	0.6131995926061014
	1.648654062416463
	0.12219549496725148
	0.025972127389125594
	0.1393723298806086
	1.1450050564573355
	0.1626881628118666
	1.4766570095678446
	0.7431337847092353
	0.10411968635265476
	0.09907722608471625
	1.748018795496532
	0.027832702347686263
	1.0205356647296555
	1.0925150316852013
	1.1962862908924603
	0.09774984592915466
	0.03257553750585157
	1.4525218189258928
	0.6415842232192162
	0.3771259264594057
	0.037702336353739166
	1.4085799066901394
	0.88832670627273
	0.5848434988124112
	0.7833206013583511
	0.08107628277375531
	3.1017340253340375
	1.715046622435942
	0.06568407312390259
	0.3992480624730941
	1.5663181766546281
	0.39332799447176386
	1.2393460287397344
	0.5348364215810862
	0.18407191121790056
	0.5073845193351125
	0.10190679031108049
	3.258248303039929
