Mesh Points: 410
	 2.000000e+01,  4.179856e+00
	 2.000000e+01,  3.877891e+00
	 2.000000e+01,  1.223992e+01
	 2.000000e+01,  1.171375e+01
	 8.025619e+00,  1.323978e+01
	 7.944391e+00,  1.368935e+01
	 1.681833e+01,  0.000000e+00
	 1.636784e+01,  0.000000e+00
	 1.693836e+01,  1.031110e+00
	 1.870259e+01, -1.110223e-16
	 7.124866e+00,  1.238729e+01
	 7.617795e+00,  1.259851e+01
	 8.994018e+00,  5.850540e+00
	 8.574044e+00,  5.304110e+00
	 1.052279e+01,  1.751751e+01
	 1.089879e+01,  1.763850e+01
	 1.184606e+01,  1.707337e+01
	 1.198210e+01,  1.686855e+01
	 0.000000e+00,  7.561713e+00
	 0.000000e+00,  8.308237e+00
	 2.000000e+01,  2.000000e+01
	 2.000000e+01,  1.973062e+01
	 1.968776e+01,  2.000000e+01
	 1.110051e+01,  2.000000e+01
	 1.166318e+01,  2.000000e+01
	 2.000000e+01,  5.468561e+00
	 6.551389e+00,  1.243407e+01
	 6.532051e+00,  1.244127e+01
	 0.000000e+00,  1.252048e+01
	 0.000000e+00,  1.309014e+01
	 1.558610e+01,  2.000000e+01
	 1.630325e+01,  2.000000e+01
	 0.000000e+00,  2.630906e+00
	 0.000000e+00,  2.890005e+00
	 2.000000e+01,  6.123959e+00
	 0.000000e+00,  1.550008e+01
	 0.000000e+00,  1.684358e+01
	 6.206341e+00,  1.151001e+01
	 6.032235e+00,  1.205362e+01
	 4.427255e+00,  1.076648e+01
	 4.183002e+00,  1.127217e+01
	 0.000000e+00,  7.872857e-01
	 0.000000e+00,  1.697565e+00
	 3.870870e+00,  6.477734e+00
	 4.591003e+00,  7.237005e+00
	 0.000000e+00,  4.343484e+00
	 0.000000e+00,  4.636579e+00
	 0.000000e+00,  5.551434e+00
	 6.103731e+00,  1.092780e+01
	 2.000000e+01,  1.840937e+00
	 2.000000e+01,  5.474525e-01
	 2.000000e+01,  1.475895e+01
	 2.000000e+01,  1.367980e+01
	 1.793798e+01,  1.725615e+00
	 1.861649e+01,  1.290136e+00
	-1.110223e-16,  9.034228e+00
	 1.054917e+01,  7.719736e+00
	 9.838055e+00,  7.594700e+00
	 1.021269e+01,  2.000000e+01
	 7.698519e+00,  1.421110e+01
	 7.470219e+00,  1.436935e+01
	 7.310694e+00,  1.570928e+01
	 7.766485e+00,  1.610096e+01
	 8.655946e+00,  1.418619e+01
	 4.739611e+00,  2.139314e+00
	 4.268287e+00,  2.220151e+00
	 5.723834e+00,  3.241229e+00
	 5.670576e+00,  2.936986e+00
	 4.209108e-01,  1.718855e+01
	 0.000000e+00,  1.746113e+01
	 1.271065e+01,  2.000000e+01
	 1.305158e+01,  2.000000e+01
	 4.655742e+00,  2.000000e+01
	 5.753263e+00,  2.000000e+01
	 6.708765e+00,  2.000000e+01
	 8.305026e+00,  2.000000e+01
	 1.118378e+01,  8.471402e+00
	 7.284446e+00,  7.028511e+00
	 7.048198e+00,  5.971555e+00
	 7.507777e+00,  7.183220e+00
	 0.000000e+00,  6.826181e+00
	 5.369369e+00,  2.447898e+00
	 2.000000e+01,  1.870494e+01
	 4.900869e+00,  5.551115e-17
	 3.916348e+00,  5.551115e-17
	 9.503300e+00,  2.000000e+01
	 1.850392e+01,  1.905577e+01
	 1.891993e+01,  1.888294e+01
	 1.171118e+01,  1.576112e+01
	 1.200810e+01,  1.652685e+01
	 5.185793e+00,  1.814692e+01
	 5.411252e+00,  1.754633e+01
	 5.308759e+00,  1.870268e+01
	 5.897163e+00,  1.913201e+01
	 6.502086e+00,  1.911435e+01
	 7.227487e+00,  1.836067e+01
	 6.708571e+00,  1.722913e+01
	 7.070111e+00,  1.753444e+01
	 6.238102e+00,  1.709350e+01
	 5.782358e+00,  1.722363e+01
	 1.301681e+01,  1.969154e+01
	 1.133848e+01,  1.967252e+01
	 1.153078e+01,  1.829930e+01
	 1.119319e+01,  1.878175e+01
	 1.257363e+01,  1.816304e+01
	 1.214419e+01,  1.806532e+01
	 1.308883e+01,  1.865831e+01
	 1.114839e+01,  1.903782e+01
	 7.558823e-01,  1.519234e+01
	 5.551115e-17,  1.468261e+01
	 1.020413e+01,  1.580104e+01
	 1.092727e+01,  1.547572e+01
	 7.568576e+00,  5.171093e+00
	 9.029776e+00,  4.958835e+00
	 9.335220e+00,  4.248453e+00
	 8.937309e+00,  3.526592e+00
	 8.369280e+00,  3.247640e+00
	 1.476952e+01,  0.000000e+00
	 1.537496e+00,  1.538263e+01
	 3.784685e+00,  2.645506e+00
	 8.108984e+00,  1.849437e+01
	 8.418531e+00,  1.887240e+01
	 1.355554e+01,  0.000000e+00
	 1.199550e+01,  0.000000e+00
	 0.000000e+00,  1.445992e+01
	 1.745373e+00,  1.660969e+01
	 1.164900e+00,  1.724017e+01
	 1.076038e+01,  9.411621e+00
	 1.001533e+01,  9.696270e+00
	 5.486899e+00,  1.054747e+01
	 2.000000e+01,  0.000000e+00
	 1.925589e+01,  0.000000e+00
	 9.361051e+00,  9.378098e+00
	 3.403425e+00,  8.513257e+00
	 2.574625e+00,  8.065059e+00
	 9.013312e+00,  8.738632e+00
	 2.510704e+00,  7.953160e+00
	 1.931011e+01,  1.865675e+00
	 1.938295e+01,  3.716795e+00
	 1.904633e+01,  2.190176e+00
	 8.490734e+00,  1.958709e+01
	 1.093059e+01,  9.237714e+00
	 1.423101e+01,  2.000000e+01
	 1.620508e+00,  1.765517e+01
	 0.000000e+00,  1.895205e+01
	 1.754675e+00,  1.837962e+01
	 1.758915e+00,  1.837107e+01
	 1.313318e+00,  1.901011e+01
	 3.289837e+00,  6.469239e+00
	 2.828707e+00,  2.000000e+01
	 3.481826e+00,  2.000000e+01
	 1.195422e+01,  2.225276e+00
	 1.159450e+01,  1.412762e+00
	 9.989823e+00,  1.774187e+00
	 1.009148e+01,  2.810979e+00
	 1.055136e+01,  3.172336e+00
	 1.025060e+01,  1.471497e+00
	 1.064464e+01,  1.232616e+00
	 2.000000e+01,  8.230247e+00
	 2.000000e+01,  7.169574e+00
	 1.344703e+01,  1.570103e+01
	 1.360539e+01,  1.527096e+01
	 1.160347e+01,  1.458288e+01
	 1.210498e+01,  1.422287e+01
	 1.154808e+01,  1.556893e+01
	 1.225072e+01,  1.607792e+01
	 1.132374e+01,  3.180792e+00
	 1.887018e+01,  6.074039e-01
	 2.000000e+01,  1.045081e+01
	 2.000000e+01,  8.643687e+00
	 4.827877e+00,  4.186639e+00
	 4.545065e+00,  4.202461e+00
	 8.596866e+00,  7.108042e+00
	 9.038909e+00,  6.238030e+00
	 9.331383e+00,  7.792519e+00
	 0.000000e+00,  1.133837e+01
	 0.000000e+00,  1.235899e+01
	 1.736854e+01,  1.824858e+01
	 1.733962e+01,  1.796798e+01
	 1.879696e+01,  9.780903e-01
	 7.667135e+00,  3.436830e+00
	 5.499853e+00,  1.110223e-16
	 7.273024e+00,  4.210748e+00
	 7.447902e+00,  5.035934e+00
	 4.258349e+00,  1.208988e+01
	 1.811053e+01,  1.698853e+01
	 1.877686e+01,  1.706491e+01
	 4.590422e+00,  1.062062e+01
	 1.390162e+01,  1.609497e+01
	 1.349577e+01,  1.764160e+01
	 1.283785e+01,  1.766363e+01
	 1.407810e+01,  1.693996e+01
	 1.236920e+01,  1.741782e+01
	 1.155939e+01,  0.000000e+00
	 1.886270e+00,  1.034032e+00
	 2.323072e+00,  5.051039e-01
	 1.210236e+00,  1.111850e+00
	 4.620910e-01,  6.395724e-01
	 9.361782e-01,  1.058656e+00
	 2.339764e+00,  0.000000e+00
	 3.504428e-01,  0.000000e+00
	 1.639855e+01,  3.549988e+00
	 1.669128e+01,  3.073983e+00
	 1.458762e+01,  2.826552e+00
	 1.462479e+01,  3.129202e+00
	 1.612285e+01,  1.813947e+00
	 1.606403e+01,  1.794223e+00
	 1.516556e+01,  1.855411e+00
	 7.171601e+00,  1.517511e+01
	 2.707447e+00,  6.684961e+00
	 1.265079e+01,  1.033099e+01
	 1.266473e+01,  1.076533e+01
	 1.103597e+01,  9.766718e+00
	 1.058326e+01,  1.050342e+01
	 1.200341e+01,  1.154464e+01
	 1.223088e+01,  1.141178e+01
	 1.164486e+01,  1.161094e+01
	 1.122815e+01,  9.646916e+00
	 1.214376e+01,  9.607786e+00
	 1.251839e+01,  1.005501e+01
	 7.975810e+00,  0.000000e+00
	 7.065074e+00,  0.000000e+00
	 1.582041e+00,  1.541730e+01
	 6.393681e+00,  1.433365e+01
	 5.922768e+00,  1.336928e+01
	 9.959345e+00,  1.624759e+01
	 9.267446e+00,  1.530502e+01
	 9.072952e+00,  1.575409e+01
	 1.938245e+01,  1.753582e+01
	 2.000000e+01,  1.717798e+01
	 2.000000e+01,  1.597579e+01
	 1.767111e+01,  1.726455e+01
	 6.466920e+00,  1.437421e+01
	 6.510853e+00,  1.959989e+01
	 1.327475e+01,  1.918619e+01
	 0.000000e+00,  7.354630e+00
	 0.000000e+00,  1.005924e+01
	 0.000000e+00,  1.117382e+01
	 1.482907e+01,  2.116233e+00
	 3.780464e+00,  3.742859e+00
	 5.085173e+00,  1.262485e+01
	 0.000000e+00,  9.346679e+00
	 1.554900e+01,  3.824377e+00
	 1.261632e+00,  1.905672e+01
	 6.946782e-01,  1.925800e+01
	 1.669422e+01,  2.918792e+00
	 1.656955e+01,  2.317976e+00
	 1.952221e+01,  8.475829e+00
	 1.849080e+01,  9.465942e+00
	 1.865484e+01,  8.965102e+00
	 1.926345e+01,  1.058335e+01
	 1.908024e+01,  8.626524e+00
	 1.923644e+01,  1.057531e+01
	 9.334419e+00,  4.221944e+00
	 1.568502e+01,  5.541531e+00
	 1.625354e+01,  5.629142e+00
	 1.519961e+01,  4.585116e+00
	 1.685224e+01,  3.811054e+00
	 5.408631e+00,  1.255823e+01
	 5.981329e+00,  1.309080e+01
	 1.881870e+01,  2.990283e+00
	 1.819741e+01,  2.000000e+01
	 1.957147e+01,  2.000000e+01
	 1.922409e+01,  1.858389e+01
	 2.000000e+01,  1.770507e+01
	 7.676333e+00,  4.577788e-01
	 6.358561e+00,  0.000000e+00
	 5.907619e+00,  3.872365e-01
	 5.709770e+00,  1.080338e+00
	 6.126959e+00,  1.877897e+00
	 7.443765e+00,  1.731614e+00
	 7.745151e+00,  1.247100e+00
	 6.703927e+00,  2.011991e+00
	 1.356050e+01,  1.478672e+01
	 9.670139e+00,  1.313504e+00
	 9.740813e+00,  7.780954e-01
	 8.173708e+00,  1.735430e+00
	 8.837715e+00,  1.896671e+00
	 9.352783e+00,  1.110223e-16
	 9.581154e+00,  1.501237e+00
	 5.708302e-01,  2.000000e+01
	 2.093386e+00,  2.000000e+01
	 1.725473e+01,  4.761362e+00
	 1.703720e+01,  5.228753e+00
	 1.802169e+00,  1.591441e+01
	 3.128532e+00,  1.357124e+01
	 2.889931e+00,  1.299608e+01
	 1.621431e+00,  1.457047e+01
	 2.429952e+00,  1.470233e+01
	 1.045159e+00,  1.412462e+01
	 2.288049e+00,  1.264076e+01
	 1.505717e+00,  1.272123e+01
	 1.130049e+00,  1.314914e+01
	 1.043504e+00,  1.352111e+01
	 2.714751e+00,  1.450617e+01
	 1.855047e+01,  9.849114e+00
	 1.909396e+01,  4.876366e+00
	 1.977454e+01,  5.510724e+00
	 1.877867e+01,  6.913233e+00
	 1.802917e+01,  6.541656e+00
	 1.898084e+01,  6.897356e+00
	 1.946171e+01,  6.705355e+00
	 1.991712e+01,  6.124200e+00
	 1.824501e+01,  4.928438e+00
	 1.778789e+01,  5.817983e+00
	 1.535472e+01,  5.261349e+00
	 6.505649e+00,  3.503670e+00
	 5.077805e+00,  4.991915e+00
	 5.363662e+00,  5.196584e+00
	 5.896486e+00,  5.373166e+00
	 4.861085e+00,  4.515298e+00
	 6.730459e+00,  4.921792e+00
	 6.863698e+00,  4.205277e+00
	 6.407569e+00,  5.215737e+00
	 4.928798e+00,  4.736849e+00
	 8.558150e+00,  1.616502e+01
	 0.000000e+00,  0.000000e+00
	 9.968002e+00,  1.688858e+01
	 4.534561e+00,  7.679373e+00
	 4.101820e+00,  8.315267e+00
	 8.846067e+00,  1.426042e+01
	 1.762722e+01,  1.869585e+01
	 1.407262e+01,  5.594336e+00
	 1.379851e+01,  6.272316e+00
	 1.454527e+01,  5.253344e+00
	 1.523498e+01,  7.244301e+00
	 1.560223e+01,  6.911909e+00
	 1.586568e+01,  6.186005e+00
	 1.432853e+01,  7.134024e+00
	 1.401844e+01,  6.844670e+00
	 2.656833e+00,  6.739668e+00
	 1.693459e+01,  2.000000e+01
	 1.758320e+01,  2.000000e+01
	 1.803178e+01,  1.899382e+01
	 1.077729e+01,  1.117094e+01
	 1.711133e+01,  4.101793e+00
	 1.296846e+01,  1.410687e+01
	 1.881787e+01,  2.698460e+00
	 1.710230e+01,  3.602021e+00
	 1.734901e+01,  3.762154e+00
	 1.817647e+01,  3.768591e+00
	 1.684229e+01,  2.361974e+00
	 1.860112e+01,  2.288567e+00
	 1.769338e+01,  1.713534e+00
	 3.426503e+00,  0.000000e+00
	 1.129128e+01,  5.087051e+00
	 1.217192e+01,  4.922059e+00
	 1.081415e+01,  5.637737e+00
	 1.077936e+01,  6.058893e+00
	 1.103490e+01,  6.546136e+00
	 1.290721e+01,  6.068358e+00
	 1.237277e+01,  6.886450e+00
	 1.279847e+01,  5.530762e+00
	 1.159712e+01,  6.916251e+00
	 1.225335e+01,  6.932069e+00
	 1.140702e+01,  6.852518e+00
	 7.352639e+00,  8.862118e+00
	 7.361230e+00,  9.121004e+00
	 7.031243e+00,  8.249152e+00
	 6.982201e+00,  9.710581e+00
	 6.337867e+00,  9.936645e+00
	 5.315902e+00,  9.394406e+00
	 5.617805e+00,  9.700239e+00
	 5.274958e+00,  8.485402e+00
	 6.447473e+00,  7.908164e+00
	 5.753091e+00,  9.796509e+00
	 5.983005e+00,  7.920863e+00
	 1.474705e+01,  7.285529e+00
	 2.435979e+00,  4.115791e+00
	 2.002726e+00,  3.695785e+00
	 3.413950e+00,  4.087357e+00
	 3.363687e+00,  2.256405e+00
	 1.877710e+00,  3.218137e+00
	 2.013575e+00,  2.709252e+00
	 2.843675e+00,  2.109694e+00
	 1.656975e+01,  9.258527e+00
	 1.587364e+01,  9.001753e+00
	 1.543541e+01,  9.106444e+00
	 1.498602e+01,  1.066549e+01
	 1.488301e+01,  1.045854e+01
	 1.562712e+01,  1.106024e+01
	 1.699511e+01,  1.018165e+01
	 1.686342e+01,  9.662145e+00
	 1.621820e+01,  1.100773e+01
	 1.506538e+01,  9.433493e+00
	 0.000000e+00,  2.000000e+01
	 1.188428e+01,  2.712811e+00
	 1.080109e+01,  0.000000e+00
	 1.595790e+01,  1.413692e+01
	 1.602694e+01,  1.350534e+01
	 1.548105e+01,  1.455776e+01
	 1.521920e+01,  1.466295e+01
	 1.424402e+01,  1.439843e+01
	 1.542636e+01,  1.266772e+01
	 1.506740e+01,  1.260274e+01
	 1.449051e+01,  1.274176e+01
	 1.402875e+01,  1.390539e+01
	 1.417602e+01,  1.300764e+01
	 1.164426e+01,  1.278577e+01
	 1.139933e+01,  1.260107e+01
	 1.185275e+01,  1.305520e+01
	 1.015132e+01,  1.426803e+01
	 1.035369e+01,  1.453803e+01
	 9.964693e+00,  1.351558e+01
	 1.200294e+01,  1.344212e+01
	 1.063649e+01,  1.463188e+01
	 1.007990e+01,  1.309374e+01
	 1.060735e+01,  1.261072e+01
	 1.190614e+01,  1.398375e+01
	 1.153572e+01,  1.452079e+01
Mesh Elements: 729
	56, 132, 135
	6, 8, 7
	49, 139, 137
	101, 107, 102
	16, 111, 89
	262, 87, 21
	31, 177, 321
	9, 8, 6
	15, 103, 14
	8, 205, 206
	50, 49, 137
	303, 304, 282
	16, 225, 111
	37, 48, 359
	138, 1, 0
	10, 11, 5
	114, 155, 345
	161, 165, 273
	5, 11, 4
	48, 129, 360
	10, 26, 37
	371, 65, 119
	12, 13, 113
	103, 15, 102
	39, 40, 133
	227, 110, 225
	101, 100, 24
	14, 16, 15
	51, 185, 388
	16, 14, 317
	11, 132, 213
	232, 224, 5
	358, 360, 362
	38, 40, 129
	21, 20, 22
	18, 136, 19
	101, 102, 104
	100, 71, 70
	386, 203, 204
	208, 62, 61
	38, 26, 27
	224, 259, 5
	59, 60, 5
	227, 63, 226
	129, 40, 39
	176, 175, 291
	178, 231, 321
	165, 190, 192
	370, 43, 148
	369, 373, 368
	41, 198, 42
	245, 341, 338
	60, 232, 5
	36, 68, 69
	241, 134, 236
	43, 44, 318
	26, 38, 37
	60, 59, 208
	290, 40, 184
	47, 330, 80
	68, 36, 125
	237, 291, 175
	112, 183, 13
	370, 368, 373
	173, 78, 12
	42, 196, 32
	306, 312, 310
	37, 38, 129
	372, 45, 33
	239, 119, 171
	148, 133, 136
	77, 78, 79
	173, 12, 348
	54, 179, 137
	190, 106, 104
	88, 164, 162
	8, 9, 167
	139, 54, 137
	54, 53, 343
	8, 167, 179
	127, 128, 132
	347, 114, 345
	76, 141, 56
	79, 356, 358
	36, 35, 108
	98, 99, 223
	59, 5, 63
	208, 59, 63
	293, 287, 289
	233, 93, 94
	90, 125, 91
	120, 121, 95
	93, 73, 92
	5, 4, 63
	219, 211, 215
	65, 84, 64
	272, 306, 67
	81, 65, 64
	46, 369, 368
	67, 66, 170
	13, 12, 78
	170, 81, 67
	266, 221, 267
	68, 126, 69
	233, 95, 140
	145, 147, 143
	17, 89, 192
	70, 24, 100
	281, 147, 145
	94, 90, 91
	120, 317, 121
	95, 233, 94
	386, 204, 346
	212, 216, 334
	310, 314, 171
	79, 78, 172
	77, 364, 366
	112, 13, 78
	127, 132, 56
	360, 358, 359
	133, 40, 236
	268, 181, 267
	157, 151, 156
	161, 188, 160
	193, 123, 152
	84, 83, 64
	195, 196, 199
	107, 14, 103
	82, 21, 87
	22, 262, 21
	86, 333, 87
	186, 321, 231
	88, 162, 163
	273, 165, 163
	30, 177, 31
	16, 89, 17
	90, 143, 125
	108, 125, 36
	223, 232, 98
	96, 61, 62
	73, 72, 92
	150, 92, 72
	90, 93, 92
	91, 96, 95
	94, 93, 90
	95, 94, 91
	315, 97, 62
	74, 233, 140
	96, 91, 99
	62, 97, 96
	227, 315, 62
	95, 96, 97
	232, 208, 98
	61, 96, 98
	96, 99, 98
	284, 108, 118
	104, 106, 101
	234, 106, 189
	24, 23, 101
	107, 23, 58
	15, 16, 102
	102, 105, 104
	23, 107, 101
	14, 107, 85
	188, 190, 165
	100, 101, 106
	102, 16, 105
	192, 16, 17
	190, 188, 191
	189, 142, 234
	85, 107, 58
	102, 107, 103
	109, 124, 289
	28, 292, 29
	108, 35, 109
	108, 289, 287
	111, 225, 110
	226, 401, 402
	212, 334, 213
	89, 111, 88
	313, 308, 312
	268, 272, 269
	242, 207, 246
	238, 117, 207
	182, 113, 13
	114, 113, 115
	152, 123, 122
	276, 277, 116
	115, 113, 182
	181, 268, 83
	245, 201, 242
	240, 224, 285
	288, 294, 284
	65, 81, 119
	306, 310, 170
	97, 120, 95
	85, 121, 14
	74, 140, 75
	121, 140, 95
	152, 122, 151
	284, 118, 222
	150, 146, 90
	125, 143, 126
	68, 125, 126
	389, 393, 383
	128, 212, 213
	10, 359, 11
	132, 128, 213
	357, 359, 356
	37, 129, 48
	130, 50, 131
	137, 179, 50
	356, 359, 358
	356, 135, 357
	55, 19, 136
	318, 319, 148
	368, 47, 46
	133, 134, 136
	135, 356, 172
	56, 135, 57
	55, 136, 134
	136, 330, 148
	1, 138, 49
	49, 138, 139
	25, 296, 0
	300, 159, 247
	138, 296, 340
	139, 342, 54
	121, 85, 140
	85, 75, 140
	56, 141, 127
	218, 219, 217
	71, 100, 142
	147, 69, 143
	69, 126, 143
	244, 385, 144
	90, 92, 150
	144, 69, 147
	145, 143, 146
	143, 90, 146
	149, 145, 146
	145, 149, 281
	45, 369, 46
	148, 43, 318
	147, 244, 144
	146, 150, 149
	166, 345, 155
	277, 115, 116
	114, 115, 253
	151, 155, 156
	269, 81, 268
	271, 276, 270
	156, 154, 153
	155, 154, 156
	166, 155, 151
	253, 155, 114
	276, 180, 270
	274, 277, 275
	152, 157, 193
	151, 157, 152
	367, 377, 384
	169, 168, 295
	331, 31, 321
	88, 163, 165
	394, 395, 378
	295, 168, 252
	320, 401, 226
	217, 212, 127
	217, 127, 141
	161, 160, 165
	88, 111, 164
	111, 162, 164
	165, 160, 188
	89, 88, 165
	8, 206, 7
	347, 113, 114
	9, 131, 167
	50, 167, 131
	218, 351, 328
	384, 218, 328
	170, 119, 81
	306, 170, 66
	368, 148, 209
	119, 170, 171
	173, 57, 172
	174, 172, 57
	78, 173, 172
	113, 347, 12
	57, 135, 174
	135, 172, 174
	286, 184, 285
	286, 290, 184
	396, 390, 391
	263, 321, 186
	177, 30, 178
	231, 185, 186
	8, 179, 54
	50, 179, 167
	180, 116, 115
	115, 182, 180
	156, 274, 275
	366, 78, 77
	182, 311, 312
	13, 183, 182
	112, 78, 183
	38, 258, 40
	259, 26, 10
	231, 191, 391
	263, 186, 228
	51, 230, 185
	82, 87, 263
	129, 39, 187
	39, 133, 187
	191, 30, 189
	106, 190, 189
	189, 190, 191
	142, 189, 30
	104, 105, 192
	192, 89, 165
	396, 273, 336
	30, 191, 178
	104, 192, 190
	105, 16, 192
	275, 157, 156
	370, 373, 239
	195, 194, 196
	197, 200, 196
	84, 371, 344
	119, 239, 373
	197, 198, 41
	196, 200, 199
	195, 199, 344
	197, 196, 198
	196, 42, 198
	197, 41, 316
	316, 200, 197
	335, 283, 257
	204, 242, 256
	202, 201, 245
	260, 340, 342
	257, 256, 242
	238, 151, 122
	242, 203, 207
	204, 324, 346
	7, 206, 117
	54, 343, 8
	246, 206, 205
	207, 206, 246
	238, 207, 203
	117, 206, 207
	98, 208, 61
	294, 91, 284
	209, 148, 330
	209, 330, 47
	217, 76, 218
	380, 378, 379
	215, 397, 400
	213, 334, 11
	398, 216, 214
	128, 127, 212
	215, 212, 219
	216, 399, 407
	216, 212, 215
	336, 273, 163
	215, 214, 216
	210, 379, 211
	215, 400, 214
	407, 398, 400
	76, 217, 141
	212, 217, 219
	305, 254, 324
	56, 57, 349
	159, 158, 247
	211, 219, 210
	271, 221, 265
	81, 269, 67
	108, 109, 289
	108, 284, 125
	224, 258, 259
	259, 10, 5
	99, 91, 294
	184, 258, 240
	317, 120, 315
	63, 4, 403
	62, 208, 227
	227, 208, 63
	110, 227, 226
	121, 317, 14
	230, 186, 185
	82, 263, 264
	186, 229, 228
	229, 186, 230
	178, 191, 231
	188, 391, 191
	232, 223, 224
	60, 208, 232
	74, 73, 233
	93, 233, 73
	142, 100, 234
	100, 106, 234
	136, 18, 235
	133, 236, 134
	40, 290, 236
	151, 238, 203
	117, 238, 122
	314, 370, 171
	32, 372, 33
	223, 285, 224
	258, 184, 40
	55, 134, 241
	203, 242, 204
	255, 283, 304
	243, 281, 280
	147, 243, 244
	385, 244, 280
	343, 342, 341
	340, 339, 342
	245, 242, 246
	8, 246, 205
	158, 169, 247
	251, 169, 295
	249, 251, 248
	168, 250, 252
	256, 257, 255
	169, 251, 247
	168, 3, 250
	252, 3, 2
	375, 326, 299
	251, 298, 300
	250, 3, 252
	380, 384, 383
	115, 154, 253
	155, 253, 154
	242, 201, 257
	328, 329, 326
	255, 254, 256
	296, 297, 304
	256, 254, 305
	256, 324, 204
	338, 201, 202
	25, 297, 296
	259, 38, 27
	224, 240, 258
	38, 259, 258
	26, 259, 27
	245, 338, 202
	138, 260, 337
	87, 262, 86
	261, 86, 262
	321, 263, 87
	264, 263, 228
	228, 229, 264
	221, 220, 265
	220, 278, 271
	83, 268, 64
	181, 266, 267
	267, 221, 270
	81, 64, 268
	270, 272, 267
	67, 269, 272
	272, 268, 267
	276, 271, 275
	221, 271, 270
	220, 271, 265
	270, 180, 272
	180, 306, 272
	397, 396, 336
	52, 51, 388
	156, 153, 274
	277, 154, 115
	278, 275, 271
	275, 387, 157
	277, 274, 279
	276, 116, 180
	277, 276, 275
	153, 154, 277
	157, 387, 193
	275, 278, 387
	274, 153, 279
	153, 277, 279
	280, 244, 243
	147, 281, 243
	340, 282, 335
	297, 300, 299
	304, 297, 299
	257, 283, 255
	222, 287, 288
	91, 125, 284
	287, 222, 118
	184, 240, 285
	285, 294, 287
	286, 287, 290
	285, 287, 286
	118, 108, 287
	294, 288, 287
	284, 222, 288
	29, 293, 124
	28, 176, 291
	237, 290, 291
	290, 237, 236
	287, 293, 290
	28, 291, 292
	292, 291, 290
	292, 290, 293
	124, 293, 289
	29, 292, 293
	285, 223, 294
	99, 294, 223
	219, 384, 210
	295, 248, 251
	296, 303, 340
	0, 296, 138
	34, 302, 25
	34, 301, 302
	300, 247, 251
	249, 298, 251
	298, 249, 299
	248, 382, 249
	300, 298, 299
	301, 300, 297
	34, 159, 301
	159, 300, 301
	301, 297, 302
	25, 302, 297
	303, 296, 304
	283, 335, 282
	255, 304, 299
	282, 304, 283
	327, 255, 299
	345, 346, 352
	306, 66, 67
	180, 182, 306
	314, 308, 307
	307, 308, 43
	44, 308, 309
	43, 308, 44
	312, 308, 310
	309, 308, 313
	310, 308, 314
	171, 170, 310
	182, 183, 311
	78, 311, 183
	312, 311, 313
	306, 182, 312
	311, 78, 313
	78, 309, 313
	307, 43, 314
	314, 43, 370
	225, 315, 227
	97, 315, 120
	315, 225, 317
	16, 317, 225
	364, 362, 366
	361, 187, 319
	187, 133, 319
	148, 319, 133
	226, 402, 110
	226, 63, 320
	178, 321, 177
	332, 333, 261
	324, 254, 327
	329, 350, 323
	327, 322, 324
	329, 322, 326
	322, 352, 324
	256, 305, 324
	367, 326, 325
	295, 381, 248
	299, 326, 327
	375, 299, 249
	327, 326, 322
	254, 255, 327
	326, 367, 328
	76, 354, 218
	350, 353, 352
	322, 329, 323
	136, 235, 330
	80, 330, 235
	261, 333, 86
	331, 321, 332
	332, 321, 333
	87, 333, 321
	216, 398, 399
	407, 406, 334
	335, 257, 338
	335, 339, 340
	401, 408, 405
	378, 380, 394
	260, 342, 337
	138, 337, 139
	335, 338, 339
	201, 338, 257
	341, 342, 338
	282, 340, 303
	339, 338, 342
	138, 340, 260
	245, 246, 341
	8, 341, 246
	54, 342, 53
	139, 337, 342
	342, 343, 53
	341, 8, 343
	84, 65, 371
	350, 322, 323
	348, 349, 57
	345, 166, 346
	151, 203, 386
	348, 57, 173
	347, 348, 12
	347, 345, 349
	353, 349, 345
	348, 347, 349
	350, 329, 351
	353, 345, 352
	351, 354, 350
	351, 329, 328
	76, 56, 353
	324, 352, 346
	322, 350, 352
	76, 353, 354
	56, 355, 353
	350, 354, 353
	218, 354, 351
	56, 349, 355
	349, 353, 355
	172, 356, 79
	357, 135, 132
	132, 11, 359
	360, 359, 48
	309, 78, 366
	79, 358, 77
	359, 357, 132
	37, 359, 10
	318, 363, 319
	363, 366, 362
	129, 187, 362
	361, 362, 187
	362, 361, 363
	360, 365, 362
	319, 363, 361
	366, 318, 44
	77, 358, 364
	362, 364, 358
	360, 129, 365
	129, 362, 365
	318, 366, 363
	309, 366, 44
	325, 326, 376
	325, 377, 367
	372, 373, 369
	47, 368, 209
	373, 32, 196
	32, 373, 372
	171, 370, 239
	148, 368, 370
	344, 374, 195
	374, 344, 371
	369, 45, 372
	194, 373, 196
	374, 371, 373
	119, 373, 371
	373, 194, 374
	195, 374, 194
	326, 375, 376
	2, 383, 252
	379, 378, 211
	376, 377, 325
	383, 384, 375
	384, 328, 367
	384, 380, 379
	252, 381, 295
	384, 377, 376
	384, 376, 375
	185, 231, 388
	394, 380, 393
	382, 383, 375
	248, 381, 382
	382, 381, 383
	249, 382, 375
	252, 383, 381
	389, 52, 388
	210, 384, 379
	384, 219, 218
	346, 166, 386
	166, 151, 386
	392, 396, 391
	389, 2, 52
	390, 389, 388
	383, 2, 389
	390, 388, 231
	390, 231, 391
	188, 161, 391
	392, 161, 273
	392, 391, 161
	389, 394, 393
	383, 393, 380
	390, 396, 389
	215, 211, 395
	395, 211, 378
	389, 396, 394
	397, 395, 396
	394, 396, 395
	273, 396, 392
	404, 397, 336
	215, 395, 397
	408, 403, 400
	400, 403, 406
	408, 400, 404
	407, 400, 406
	398, 214, 400
	409, 408, 163
	402, 405, 110
	320, 63, 403
	403, 408, 401
	405, 402, 401
	320, 403, 401
	4, 11, 406
	397, 404, 400
	336, 163, 404
	111, 405, 409
	110, 405, 111
	4, 406, 403
	11, 334, 406
	216, 407, 334
	398, 407, 399
	404, 163, 408
	162, 409, 163
	111, 409, 162
	405, 408, 409
Element Attributes: 729
	99
	0
	200
	161
	28
	0
	0
	12
	0
	0
	90
	0
	28
	0
	0
	5
	0
	220
	5
	0
	0
	0
	0
	0
	0
	0
	161
	28
	0
	28
	0
	5
	434
	76
	0
	0
	161
	0
	0
	107
	0
	5
	5
	107
	76
	0
	153
	248
	0
	442
	0
	423
	5
	112
	0
	20
	0
	107
	0
	0
	74
	0
	173
	442
	19
	0
	357
	76
	0
	109
	20
	19
	0
	90
	0
	220
	12
	90
	12
	12
	99
	0
	99
	0
	74
	0
	0
	107
	337
	0
	0
	121
	0
	0
	258
	0
	0
	109
	0
	109
	19
	109
	316
	209
	121
	209
	248
	161
	0
	157
	0
	121
	0
	258
	0
	19
	0
	19
	99
	434
	0
	0
	218
	0
	0
	0
	252
	0
	0
	0
	153
	153
	220
	220
	0
	28
	0
	74
	0
	0
	0
	0
	157
	157
	157
	157
	0
	121
	157
	0
	107
	157
	0
	0
	157
	74
	161
	0
	0
	0
	0
	161
	0
	0
	248
	161
	0
	0
	248
	0
	0
	161
	0
	0
	0
	0
	28
	0
	258
	28
	357
	316
	253
	0
	173
	173
	0
	0
	173
	0
	253
	0
	0
	109
	357
	0
	0
	121
	121
	0
	74
	0
	0
	74
	0
	0
	0
	0
	434
	76
	90
	90
	434
	0
	0
	20
	0
	20
	0
	99
	0
	20
	200
	200
	0
	0
	0
	90
	0
	0
	99
	258
	0
	209
	209
	0
	0
	209
	209
	0
	0
	0
	0
	20
	209
	0
	0
	0
	173
	218
	0
	0
	218
	218
	218
	0
	0
	321
	0
	218
	0
	301
	0
	220
	0
	301
	0
	0
	0
	220
	28
	0
	248
	155
	0
	0
	90
	90
	0
	0
	109
	357
	0
	109
	0
	0
	19
	0
	99
	0
	0
	0
	479
	153
	0
	153
	12
	90
	173
	173
	0
	0
	0
	173
	0
	76
	5
	0
	153
	0
	0
	76
	0
	0
	0
	248
	0
	0
	248
	0
	0
	0
	0
	0
	442
	252
	252
	0
	442
	0
	252
	0
	252
	0
	0
	0
	304
	0
	253
	423
	304
	0
	253
	0
	0
	12
	253
	253
	253
	0
	0
	0
	20
	0
	0
	445
	0
	0
	0
	0
	258
	0
	258
	220
	258
	0
	0
	490
	0
	258
	375
	0
	0
	258
	316
	0
	0
	74
	0
	5
	0
	76
	0
	0
	107
	107
	0
	0
	0
	0
	0
	0
	0
	0
	5
	0
	0
	0
	0
	161
	0
	0
	0
	0
	0
	0
	0
	0
	76
	0
	253
	0
	0
	209
	0
	423
	423
	253
	0
	0
	301
	301
	301
	304
	301
	0
	0
	0
	0
	0
	445
	0
	0
	304
	375
	304
	350
	304
	0
	0
	0
	0
	0
	0
	5
	423
	200
	0
	0
	153
	0
	0
	262
	321
	0
	0
	316
	0
	316
	0
	316
	321
	316
	321
	0
	0
	0
	0
	0
	0
	321
	0
	321
	0
	321
	0
	0
	0
	0
	0
	0
	0
	0
	350
	350
	304
	0
	0
	0
	0
	337
	337
	337
	0
	337
	0
	0
	0
	0
	0
	337
	0
	337
	337
	0
	0
	0
	0
	0
	301
	0
	0
	0
	0
	0
	0
	0
	0
	350
	350
	0
	0
	350
	0
	350
	304
	0
	0
	0
	431
	0
	0
	357
	0
	0
	0
	357
	357
	357
	0
	0
	0
	357
	0
	0
	0
	0
	0
	0
	0
	0
	28
	434
	0
	0
	20
	0
	107
	153
	0
	375
	0
	375
	375
	0
	0
	375
	0
	0
	0
	375
	0
	375
	0
	431
	375
	0
	0
	0
	0
	0
	153
	0
	0
	0
	0
	490
	0
	423
	200
	0
	0
	423
	0
	423
	0
	0
	0
	90
	90
	423
	0
	0
	0
	0
	0
	0
	0
	0
	431
	431
	431
	0
	431
	431
	0
	0
	0
	0
	0
	0
	431
	0
	0
	431
	0
	0
	0
	0
	0
	0
	0
	0
	0
	434
	0
	0
	434
	434
	0
	0
	0
	434
	0
	0
	0
	0
	0
	0
	442
	0
	0
	0
	0
	0
	0
	0
	0
	0
	442
	442
	0
	0
	0
	0
	0
	0
	445
	0
	445
	0
	445
	445
	0
	0
	445
	0
	445
	0
	0
	0
	0
	0
	0
	218
	479
	0
	479
	0
	0
	0
	0
	0
	0
	479
	0
	479
	0
	0
	479
	479
	479
	0
	0
	0
	490
	490
	490
	490
	0
	0
	0
	0
	490
	490
	0
	0
	0
	0
	0
	0
	0
	0
	0
	490
	0
	0
	0
	490
Facets: 435
	132, 135
	6, 8
	7, 6
	139, 137
	137, 49
	101, 107
	177, 321
	6, 9
	14, 15
	205, 206
	50, 49
	303, 304
	37, 48
	138, 1
	1, 0
	10, 11
	273, 161
	11, 4
	4, 5
	48, 129
	10, 26
	65, 119
	119, 371
	12, 13
	13, 113
	102, 103
	39, 40
	110, 225
	24, 101
	16, 15
	14, 317
	21, 20
	20, 22
	19, 18
	71, 70
	70, 100
	203, 204
	62, 61
	61, 208
	26, 27
	224, 259
	59, 60
	5, 59
	226, 227
	176, 175
	178, 231
	190, 192
	43, 148
	368, 369
	42, 41
	245, 341
	60, 232
	36, 68
	68, 69
	69, 36
	236, 241
	43, 44
	44, 318
	38, 37
	208, 60
	40, 184
	80, 47
	175, 237
	112, 183
	13, 112
	370, 368
	12, 173
	32, 42
	306, 312
	45, 33
	239, 119
	171, 239
	77, 78
	79, 77
	54, 179
	106, 104
	88, 164
	164, 162
	9, 167
	54, 53
	53, 343
	167, 179
	127, 128
	128, 132
	345, 347
	76, 141
	56, 76
	356, 358
	36, 35
	35, 108
	98, 99
	63, 59
	287, 289
	289, 293
	93, 94
	94, 233
	91, 90
	120, 121
	95, 120
	92, 93
	211, 215
	64, 65
	64, 81
	67, 66
	66, 170
	81, 67
	266, 221
	267, 266
	68, 126
	145, 147
	17, 89
	192, 17
	70, 24
	94, 95
	216, 334
	310, 314
	172, 79
	364, 366
	78, 112
	359, 360
	267, 268
	156, 157
	188, 160
	160, 161
	193, 123
	84, 83
	199, 195
	103, 107
	82, 21
	22, 262
	86, 333
	87, 86
	162, 163
	31, 30
	17, 16
	223, 232
	73, 72
	72, 150
	92, 90
	62, 315
	74, 233
	91, 99
	97, 96
	227, 315
	97, 95
	96, 98
	108, 118
	234, 106
	24, 23
	23, 58
	102, 105
	105, 104
	188, 191
	58, 85
	109, 124
	29, 28
	35, 109
	110, 111
	401, 402
	334, 213
	213, 212
	88, 89
	272, 269
	269, 268
	207, 238
	114, 113
	123, 122
	276, 277
	83, 181
	201, 242
	288, 294
	310, 170
	140, 75
	75, 74
	121, 140
	151, 152
	118, 222
	222, 284
	143, 126
	126, 125
	389, 393
	357, 359
	356, 357
	130, 50
	131, 130
	55, 19
	318, 319
	47, 46
	133, 134
	134, 136
	57, 56
	136, 330
	49, 1
	0, 25
	85, 75
	141, 127
	218, 219
	217, 218
	142, 71
	385, 144
	144, 244
	144, 69
	143, 146
	146, 145
	149, 281
	46, 45
	150, 149
	155, 166
	115, 116
	115, 253
	253, 114
	271, 276
	270, 271
	154, 153
	153, 156
	155, 154
	275, 274
	152, 157
	377, 384
	169, 168
	331, 31
	165, 88
	394, 395
	252, 295
	226, 320
	217, 212
	160, 165
	111, 164
	165, 89
	9, 131
	66, 306
	148, 209
	170, 171
	172, 173
	57, 174
	135, 174
	285, 286
	286, 290
	390, 391
	178, 177
	231, 185
	185, 186
	180, 116
	182, 180
	311, 312
	183, 182
	38, 258
	186, 228
	228, 263
	51, 230
	87, 263
	39, 187
	187, 129
	189, 191
	190, 189
	30, 142
	273, 336
	239, 370
	195, 194
	194, 196
	197, 200
	344, 84
	197, 198
	200, 199
	199, 344
	196, 198
	41, 316
	316, 200
	257, 335
	204, 242
	242, 256
	202, 201
	245, 202
	260, 340
	117, 7
	343, 8
	205, 246
	207, 206
	203, 238
	330, 209
	380, 378
	378, 379
	216, 214
	399, 407
	163, 336
	215, 214
	211, 210
	398, 400
	305, 254
	324, 305
	159, 158
	219, 210
	221, 265
	265, 271
	284, 125
	258, 240
	240, 184
	264, 82
	230, 229
	223, 224
	74, 73
	100, 234
	18, 235
	122, 117
	33, 32
	241, 55
	255, 283
	281, 280
	147, 243
	243, 244
	280, 385
	341, 343
	340, 339
	246, 245
	158, 169
	169, 247
	249, 251
	248, 249
	168, 250
	250, 252
	251, 247
	168, 3
	3, 2
	298, 300
	383, 380
	201, 257
	328, 329
	255, 254
	296, 297
	305, 256
	202, 338
	27, 259
	138, 260
	260, 337
	262, 261
	229, 264
	221, 220
	220, 265
	220, 278
	181, 266
	270, 272
	397, 396
	52, 51
	278, 275
	274, 279
	279, 277
	387, 193
	278, 387
	282, 335
	299, 304
	287, 288
	285, 294
	124, 29
	28, 176
	290, 291
	237, 236
	291, 292
	293, 292
	295, 248
	296, 303
	25, 34
	301, 302
	299, 298
	301, 300
	34, 159
	297, 302
	282, 283
	345, 346
	346, 352
	308, 307
	307, 314
	308, 309
	313, 309
	311, 313
	225, 317
	133, 319
	63, 320
	261, 332
	254, 327
	323, 329
	322, 324
	326, 325
	325, 367
	326, 327
	367, 328
	352, 350
	323, 322
	235, 80
	332, 331
	321, 333
	398, 399
	407, 406
	342, 337
	337, 139
	338, 339
	342, 53
	348, 349
	386, 151
	347, 348
	351, 350
	351, 354
	353, 354
	355, 353
	349, 355
	363, 366
	361, 362
	361, 363
	360, 365
	365, 362
	358, 364
	372, 373
	369, 372
	371, 374
	373, 374
	375, 376
	376, 377
	379, 384
	393, 394
	375, 382
	381, 382
	381, 383
	388, 389
	166, 386
	392, 396
	391, 392
	2, 52
	388, 390
	397, 395
	403, 406
	400, 404
	404, 408
	409, 408
	402, 405
	401, 403
	405, 409
Facet Attributes: 435
	259
	4
	3
	268
	265
	178
	868
	5
	11
	431
	53
	778
	52
	267
	0
	6
	657
	88
	2
	241
	679
	218
	1209
	7
	200
	175
	38
	486
	174
	846
	1385
	14
	15
	13
	89
	172
	430
	78
	441
	23
	889
	77
	70
	487
	356
	497
	411
	298
	1206
	39
	1114
	499
	84
	289
	85
	571
	40
	969
	37
	498
	386
	117
	716
	476
	199
	1207
	966
	1204
	948
	114
	1208
	561
	104
	105
	369
	177
	316
	468
	330
	56
	1116
	801
	231
	253
	1153
	274
	100
	1170
	35
	181
	164
	79
	732
	735
	511
	512
	160
	221
	1079
	161
	448
	81
	123
	82
	805
	624
	651
	763
	292
	291
	408
	409
	173
	162
	1067
	809
	1370
	1254
	475
	1171
	652
	310
	404
	314
	417
	144
	1135
	1151
	139
	1201
	1449
	152
	315
	26
	12
	1354
	93
	926
	1047
	873
	514
	165
	163
	830
	1076
	764
	216
	524
	18
	67
	848
	176
	407
	150
	1367
	24
	182
	196
	1464
	1050
	446
	156
	655
	653
	551
	201
	222
	670
	381
	613
	736
	806
	933
	97
	272
	307
	460
	723
	287
	228
	1401
	1172
	1169
	249
	250
	59
	841
	46
	257
	261
	64
	921
	266
	20
	932
	1138
	451
	450
	943
	1265
	1267
	288
	626
	290
	1455
	41
	301
	324
	202
	606
	742
	671
	654
	308
	666
	309
	669
	1424
	1229
	598
	1332
	317
	1399
	1056
	862
	1139
	403
	470
	410
	329
	802
	443
	343
	353
	354
	536
	730
	733
	1396
	358
	576
	394
	374
	946
	807
	384
	618
	492
	646
	520
	822
	399
	539
	406
	405
	280
	1144
	1214
	425
	426
	833
	1282
	427
	428
	1136
	1442
	832
	834
	1072
	580
	611
	429
	1113
	1112
	209
	1246
	1247
	432
	1420
	1120
	1226
	1225
	449
	1473
	1103
	447
	445
	1463
	882
	877
	313
	908
	650
	673
	770
	892
	567
	648
	494
	462
	515
	942
	529
	703
	27
	665
	1286
	683
	898
	589
	1264
	1245
	1338
	596
	335
	597
	1005
	599
	600
	602
	601
	331
	1
	775
	1230
	612
	880
	610
	773
	780
	1111
	620
	635
	1109
	643
	986
	458
	675
	672
	762
	1181
	1402
	54
	1387
	676
	674
	1347
	1388
	1342
	779
	731
	1303
	225
	439
	842
	532
	734
	1222
	749
	1260
	31
	776
	774
	1291
	341
	777
	701
	1152
	1161
	803
	1308
	804
	1429
	808
	838
	1019
	855
	1197
	879
	881
	875
	876
	1404
	878
	1180
	1157
	874
	952
	1040
	1041
	1462
	1469
	1459
	1461
	1110
	1115
	1154
	1315
	1155
	1156
	1162
	1158
	1159
	1160
	1177
	1173
	1174
	1178
	1176
	1175
	1211
	1210
	1212
	1213
	1223
	1224
	1317
	1398
	1231
	1227
	1228
	1394
	1295
	1400
	1397
	170
	1395
	1403
	1468
	1466
	1470
	1472
	1467
	1465
	1471
