6.287648808211088181e-03
8.241804898716509342e-04
4.656005476135760546e-04
3.257509088143706322e-04
2.609579823911190033e-04
2.095855888910591602e-04
1.869825646281242371e-04
1.620121183805167675e-04
1.473408774472773075e-04
1.365005009574815631e-04
1.262791047338396311e-04
1.151407486759126186e-04
1.085457552107982337e-04
1.009186162264086306e-04
9.743251575855538249e-05
9.692900493973866105e-05
8.678025187691673636e-05
8.616864215582609177e-05
7.892493158578872681e-05
7.937066402519121766e-05
7.533551979577168822e-05
7.148630538722500205e-05
7.312482921406626701e-05
6.748100713593885303e-05
6.729608139721676707e-05
6.580003537237644196e-05
6.232886516954749823e-05
6.281824607867747545e-05
5.714359576813876629e-05
5.525555025087669492e-05
2.978729608003050089e-04
5.247168155619874597e-05
5.055373549112118781e-05
5.025547943660058081e-05
5.117215187055990100e-05
5.113384031574241817e-05
5.143900852999649942e-05
5.169284486328251660e-05
4.813658961211331189e-05
4.729349529952742159e-05
4.821035690838471055e-05
4.643758438760414720e-05
4.733676178148016334e-05
4.633808930520899594e-05
4.206626181257888675e-05
4.389574678498320282e-05
4.301383160054683685e-05
4.408784661791287363e-05
4.147360596107318997e-05
3.911480962415225804e-05
4.164909842074848711e-05
4.121111851418390870e-05
2.113983791787177324e-04
3.869288775604218245e-05
3.612546424847096205e-05
3.658358764369040728e-05
3.716144055943004787e-05
3.805994492722675204e-05
3.703655602294020355e-05
3.652494706329889596e-05
3.682002716232091188e-05
3.647838457254692912e-05
3.469591320026665926e-05
3.619410563260316849e-05
3.418289634282700717e-05
3.484065746306441724e-05
3.416034815018065274e-05
3.514541094773449004e-05
3.189904600731097162e-05
2.667315420694649220e-04
4.005592563771642745e-05
3.042629032279364765e-05
3.033720895473379642e-05
3.037718124687671661e-05
2.978598968184087425e-05
2.972884067276027054e-05
3.223964085918851197e-05
3.098876914009451866e-05
3.232187737012282014e-05
3.109401586698368192e-05
3.029971230716910213e-05
3.034300971194170415e-05
3.069970989599823952e-05
2.928687172243371606e-05
2.473180356901139021e-04
4.177204027655534446e-05
2.895100624300539494e-05
2.743587720033247024e-05
2.742211654549464583e-05
2.822249916789587587e-05
2.808922727126628160e-05
2.874331948987673968e-05
2.925356602645479143e-05
2.782219235086813569e-05
2.350352733628824353e-04
3.585263766581192613e-05
2.681832665984984487e-05
2.669395689736120403e-05
2.511231105017941445e-05
2.564347232691943645e-05
