6.263566203415393829e-03
8.408842841163277626e-04
4.628074239008128643e-04
3.314572386443614960e-04
2.579471038188785315e-04
2.227311197202652693e-04
1.981995446840301156e-04
1.646317541599273682e-04
1.530558365629985929e-04
1.370684185530990362e-04
1.256887917406857014e-04
1.234688970725983381e-04
1.132169418269768357e-04
1.024945959215983748e-04
1.035342065733857453e-04
9.704029798740521073e-05
8.753431757213547826e-05
8.496509690303355455e-05
8.455564966425299644e-05
7.875367737142369151e-05
8.041199180297553539e-05
7.257705874508246779e-05
6.974155257921665907e-05
7.064492820063605905e-05
6.700202357023954391e-05
6.691776070510968566e-05
6.008786658640019596e-05
6.197894254000857472e-05
5.974426312604919076e-05
5.768696064478717744e-05
5.744725422118790448e-05
5.481552216224372387e-05
5.481289917952381074e-05
5.370507642510347068e-05
5.315275848261080682e-05
4.988128421246074140e-05
4.765501580550335348e-05
5.228589361649937928e-05
2.742931246757507324e-04
5.554535164264962077e-05
4.157165676588192582e-05
4.308833013055846095e-05
4.109377914573997259e-05
4.328396244090981781e-05
4.442383942659944296e-05
4.294256359571591020e-05
4.255440217093564570e-05
4.457472095964476466e-05
4.249166158842854202e-05
3.919482333003543317e-05
4.027641261927783489e-05
4.261565482011064887e-05
3.758513776119798422e-05
3.890042717102915049e-05
3.630877836258150637e-05
3.814979572780430317e-05
3.909519728040322661e-05
2.695284201763570309e-04
3.612162981880828738e-05
3.361359631526283920e-05
3.371727143530733883e-05
3.309200110379606485e-05
3.334037683089263737e-05
3.423133603064343333e-05
3.381125497980974615e-05
3.550342080416157842e-05
3.439569627516902983e-05
3.208174166502431035e-05
3.319409006508067250e-05
3.232885137549601495e-05
3.132332494715228677e-05
3.306997314211912453e-05
3.063685289816930890e-05
3.246350024710409343e-05
2.990357825183309615e-05
2.894502540584653616e-05
3.244642357458360493e-05
2.876897633541375399e-05
2.999126445502042770e-05
2.857937943190336227e-05
2.890360883611720055e-05
2.805789335980080068e-05
2.887711343646515161e-05
2.847401992767117918e-05
3.057027934119105339e-04
3.205621760571375489e-05
2.847506220859941095e-05
2.739771298365667462e-05
2.725214289966970682e-05
2.669552850420586765e-05
2.702699202927760780e-05
2.775009124889038503e-05
2.741695243457797915e-05
2.759450035227928311e-05
2.693573514989111573e-05
2.819835935952141881e-05
2.573376332293264568e-05
2.558960113674402237e-05
2.619326733110938221e-05
2.593871431599836797e-05
