8.867292664945125580e-03
2.349596004933118820e-03
1.050395774655044079e-03
7.139798835851252079e-04
5.900944815948605537e-04
5.250315880402922630e-04
4.651276394724845886e-04
4.383551422506570816e-04
4.057072801515460014e-04
3.804831940215080976e-04
3.679017827380448580e-04
3.541530750226229429e-04
3.302323166280984879e-04
3.198863123543560505e-04
3.110277466475963593e-04
2.924304280895739794e-04
2.858838706742972136e-04
2.726551319938153028e-04
2.625916094984859228e-04
2.543583395890891552e-04
2.418079966446384788e-04
2.317613834748044610e-04
2.223741175839677453e-04
2.174975816160440445e-04
2.035026554949581623e-04
2.014837082242593169e-04
1.905614772113040090e-04
1.862773933680728078e-04
1.801454782253131270e-04
1.766710629453882575e-04
1.678030675975605845e-04
1.682760776020586491e-04
1.608742895768955350e-04
1.574105117470026016e-04
1.523529790574684739e-04
1.507434062659740448e-04
1.470621791668236256e-04
1.449996489100158215e-04
1.429068506695330143e-04
1.395783328916877508e-04
1.374630373902618885e-04
1.381034962832927704e-04
1.353386905975639820e-04
1.289528299821540713e-04
1.322891475865617394e-04
1.279535645153373480e-04
1.280887081520631909e-04
1.255992974620312452e-04
1.241165155079215765e-04
1.226922904606908560e-04
1.216372256749309599e-04
1.178910970338620245e-04
1.192520649055950344e-04
1.160348983830772340e-04
1.167786904261447489e-04
1.155724094132892787e-04
1.110461744247004390e-04
1.122281610150821507e-04
1.116096973419189453e-04
1.099376968340948224e-04
1.117664141929708421e-04
1.086841075448319316e-04
1.077237757272087038e-04
1.068898636731319129e-04
1.072311351890675724e-04
1.040043571265414357e-04
1.057787376339547336e-04
1.009672268992289901e-04
1.057772824424318969e-04
1.010249907267279923e-04
1.006944148684851825e-04
1.005913800327107310e-04
1.006032616714946926e-04
9.928804502123966813e-05
9.912651876220479608e-05
1.001689306576736271e-04
9.617635805625468493e-05
9.730103192850947380e-05
9.571672126185148954e-05
9.673863678472116590e-05
9.583538485458120704e-05
9.636327013140544295e-05
9.436979598831385374e-05
9.411670907866209745e-05
9.310222230851650238e-05
9.311495523434132338e-05
9.603659418644383550e-05
8.984147279988974333e-05
9.084449266083538532e-05
9.096920257434248924e-05
9.068221697816625237e-05
9.182910434901714325e-05
8.906022412702441216e-05
8.991212962428107858e-05
8.803953824099153280e-05
8.791668369667604566e-05
8.901888941181823611e-05
8.587757474742829800e-05
8.750976849114522338e-05
8.430488378508016467e-05
