Mesh Points: 612
	 1.028123e+01,  1.155818e+01
	 1.090779e+01,  1.177043e+01
	 1.026839e+01,  1.156305e+01
	 1.079021e+01,  1.245544e+01
	 1.016662e+01,  1.176005e+01
	 1.066182e+01,  1.250978e+01
	 3.500080e+00,  2.740764e+00
	 3.379152e+00,  3.027362e+00
	 3.184964e+00,  2.535062e+00
	 3.052596e+00,  2.902202e+00
	 1.234977e+01,  5.879306e+00
	 1.260784e+01,  6.311972e+00
	 1.196296e+01,  5.965759e+00
	 1.190173e+01,  6.447907e+00
	 1.240925e+01,  6.578160e+00
	 7.478567e+00,  1.194771e+00
	 7.445793e+00,  1.176685e+00
	 7.045401e+00,  1.481667e+00
	 7.152659e+00,  1.761366e+00
	 7.434739e+00,  1.709170e+00
	 7.492148e+00,  1.210060e+00
	 1.639825e+00,  7.246283e+00
	 2.145981e+00,  7.342562e+00
	 1.868685e+00,  7.674531e+00
	 2.133391e+00,  7.581411e+00
	 6.784210e+00,  5.810499e+00
	 7.303085e+00,  5.474628e+00
	 6.525482e+00,  6.199318e+00
	 6.911571e+00,  7.288797e+00
	 6.619793e+00,  6.963750e+00
	 7.351615e+00,  7.478650e+00
	 8.597367e+00,  6.529470e+00
	 8.492788e+00,  6.923729e+00
	 8.384409e+00,  5.852545e+00
	 7.790206e+00,  5.445719e+00
	 7.728305e+00,  7.544483e+00
	 2.648084e+00,  7.416886e+00
	 2.385946e+00,  7.189018e+00
	 2.540421e+00,  7.674221e+00
	 9.107625e+00,  1.315615e+01
	 9.095203e+00,  1.313879e+01
	 8.431416e+00,  1.358913e+01
	 8.343259e+00,  1.339143e+01
	 1.231791e+01,  1.375143e+01
	 1.258248e+01,  1.396303e+01
	 1.222590e+01,  1.376183e+01
	 1.190312e+01,  1.424961e+01
	 9.000743e-01,  5.326250e+00
	 7.818664e-01,  5.344629e+00
	 1.262148e+00,  5.741400e+00
	 9.125318e-01,  6.001546e+00
	 6.385918e-01,  5.870631e+00
	 1.500000e+01,  3.262506e+00
	 1.467623e+01,  3.225165e+00
	 1.455393e+01,  3.461501e+00
	 1.500000e+01,  3.856356e+00
	 6.936353e+00,  7.646364e+00
	 6.018787e+00,  9.401546e+00
	 5.546760e+00,  9.091008e+00
	 6.150309e+00,  9.605375e+00
	 4.226370e+00,  1.031408e+01
	 4.648940e+00,  1.088059e+01
	 5.150104e+00,  1.109070e+01
	 6.154608e+00,  1.039443e+01
	 4.294060e+00,  9.600924e+00
	 4.846023e+00,  9.060731e+00
	 4.223080e+00,  9.893143e+00
	 5.848160e+00,  8.609925e+00
	 5.760566e+00,  8.328627e+00
	 4.816431e+00,  8.242826e+00
	 5.213492e+00,  8.069931e+00
	 1.467973e+01,  3.133094e+00
	 1.409676e+01,  2.769653e+00
	 1.398362e+01,  3.400998e+00
	 9.263711e+00,  2.669459e+00
	 8.879749e+00,  2.037113e+00
	 8.667139e+00,  3.183677e+00
	 8.261506e+00,  2.951574e+00
	 8.071207e+00,  2.512109e+00
	 1.223617e+01,  1.323117e+01
	 1.250194e+01,  1.338610e+01
	 1.390742e+01,  1.249165e+01
	 1.410110e+01,  1.203853e+01
	 1.381787e+01,  1.153759e+01
	 1.304954e+01,  1.168874e+01
	 1.287609e+01,  1.203952e+01
	 1.312638e+01,  1.266831e+01
	 1.295091e+01,  1.248855e+01
	 7.307895e+00,  3.914274e+00
	 7.425814e+00,  3.533762e+00
	 7.194436e+00,  3.372625e+00
	 6.917877e+00,  3.841422e+00
	 5.097208e+00,  1.136388e+01
	 5.339252e+00,  1.208494e+01
	 6.201378e+00,  1.244246e+01
	 6.970281e+00,  1.211862e+01
	 7.160263e+00,  1.144738e+01
	 7.010352e+00,  1.072854e+01
	 1.500000e+01,  1.103119e+00
	 1.426688e+01,  1.304908e+00
	 1.500000e+01,  3.115803e+00
	 1.397143e+01,  1.702808e+00
	 1.397401e+01,  2.609424e+00
	 2.204620e+00,  1.276694e+01
	 2.665615e+00,  1.317728e+01
	 2.407873e+00,  1.251837e+01
	 2.659144e+00,  1.261905e+01
	 7.855662e+00,  8.432778e+00
	 7.695482e+00,  7.934618e+00
	 7.595824e+00,  8.531614e+00
	 7.442066e+00,  8.129239e+00
	 3.730795e-01,  4.588319e-01
	 7.191302e-01,  7.717205e-01
	 2.454603e-01,  0.000000e+00
	 1.516187e+00,  6.951523e-01
	 1.896403e+00,  1.705851e-01
	 1.893165e+00,  0.000000e+00
	 3.823972e-01,  3.581511e+00
	 6.212921e-01,  3.575251e+00
	 2.284351e-01,  3.187144e+00
	 5.787049e-01,  3.303452e+00
	 2.648964e-01,  3.173402e+00
	 7.747288e+00,  1.108598e+01
	 7.224592e+00,  1.059978e+01
	 7.461138e+00,  1.150179e+01
	 9.907856e+00,  1.074618e+01
	 9.973457e+00,  1.080517e+01
	 1.010448e+01,  1.050042e+01
	 1.018680e+01,  1.065963e+01
	 5.618634e+00,  1.500000e+01
	 5.615973e+00,  1.482805e+01
	 4.213760e+00,  1.500000e+01
	 4.248618e+00,  1.458725e+01
	 5.293037e+00,  1.442269e+01
	 5.097911e+00,  2.427361e+00
	 4.432143e+00,  2.181978e+00
	 5.382355e+00,  3.053778e+00
	 3.770622e+00,  4.065222e+00
	 4.187982e+00,  4.244866e+00
	 3.363849e+00,  3.376498e+00
	 5.122582e+00,  4.040338e+00
	 3.783868e+00,  2.421201e+00
	 5.400347e+00,  3.440577e+00
	 5.138276e+00,  4.022340e+00
	 4.195589e+00,  2.202085e+00
	 7.922191e+00,  9.851641e-01
	 8.731289e+00,  1.138615e+00
	 7.833127e+00,  2.415078e+00
	 8.799184e+00,  1.220409e+00
	 8.977824e+00,  1.638040e+00
	 1.435412e+01,  8.142445e+00
	 1.462093e+01,  8.175673e+00
	 1.411159e+01,  8.630070e+00
	 1.442623e+01,  8.868669e+00
	 1.482988e+01,  8.586205e+00
	 1.500000e+01,  8.094227e+00
	 1.500000e+01,  8.576930e+00
	 1.124306e+01,  8.505611e+00
	 1.131033e+01,  8.355843e+00
	 1.098030e+01,  7.874888e+00
	 1.057580e+01,  8.305592e+00
	 1.055019e+01,  8.045788e+00
	 4.816073e+00,  1.528880e+00
	 4.815398e+00,  1.528703e+00
	 4.902956e+00,  2.053457e+00
	 4.514365e+00,  2.097867e+00
	 9.048503e+00,  9.836235e-01
	 8.960331e+00,  9.270939e-01
	 6.516763e+00,  5.559428e+00
	 6.332356e+00,  6.087223e+00
	 6.287449e+00,  5.668453e+00
	 2.621316e+00,  3.954405e-01
	 2.883832e+00,  9.981454e-01
	 1.689001e+00,  1.432789e+00
	 2.582533e+00,  1.433334e+00
	 7.181715e-01,  2.827161e+00
	 7.334941e-01,  2.846253e+00
	 1.415178e+01,  3.596555e-01
	 1.399715e+01,  0.000000e+00
	 1.399110e+01,  9.539441e-01
	 1.329224e+01,  1.286663e+00
	 1.333805e+01,  1.288926e+00
	 1.265468e+01,  2.619342e-01
	 1.259836e+01,  5.163229e-01
	 1.263755e+01,  6.949218e-01
	 1.280573e+01,  0.000000e+00
	 7.898898e+00,  2.775558e-17
	 7.714091e+00,  4.275276e-01
	 7.339102e+00,  2.775558e-17
	 7.539843e+00,  4.641810e-01
	 1.240422e+00,  2.743821e+00
	 1.167004e+00,  2.484438e+00
	 7.971965e-01,  2.534386e+00
	 3.656302e+00,  2.176220e+00
	 3.194500e+00,  2.201907e+00
	 1.304396e+01,  5.186917e+00
	 1.326734e+01,  4.944450e+00
	 1.304013e+01,  4.163857e+00
	 1.268230e+01,  5.206993e+00
	 1.241393e+01,  4.494633e+00
	 1.017453e+01,  6.707724e+00
	 9.799003e+00,  6.289394e+00
	 1.007098e+01,  7.267775e+00
	 9.083402e+00,  6.972351e+00
	 9.594421e+00,  7.407088e+00
	 9.100265e+00,  6.694845e+00
	 9.763469e+00,  6.280578e+00
	 1.500000e+01,  1.095012e+01
	 1.467286e+01,  1.079241e+01
	 1.500000e+01,  1.207505e+01
	 1.477924e+01,  1.215279e+01
	 1.385997e+01,  1.121742e+01
	 1.428029e+01,  1.211981e+01
	 1.290979e+01,  7.797863e+00
	 1.284037e+01,  7.981363e+00
	 1.327397e+01,  8.032107e+00
	 1.325777e+01,  8.077269e+00
	 6.052287e+00,  7.227660e+00
	 5.677472e+00,  7.091143e+00
	 5.651287e+00,  6.302045e+00
	 1.194488e+01,  4.493738e+00
	 1.169070e+01,  5.194101e+00
	 1.191718e+01,  5.507159e+00
	 1.239261e+01,  5.506537e+00
	 4.103289e+00,  1.134742e+01
	 4.471953e+00,  1.121599e+01
	 3.654604e+00,  1.108577e+01
	 3.633031e+00,  1.102798e+01
	 4.063169e+00,  1.032933e+01
	 3.433571e+00,  4.605826e+00
	 3.641729e+00,  5.001039e+00
	 4.148899e+00,  4.865814e+00
	 3.160276e+00,  1.500000e+01
	 3.127657e+00,  1.466930e+01
	 2.505227e+00,  1.500000e+01
	 2.485093e+00,  1.461963e+01
	 2.572959e+00,  1.454786e+01
	 2.128883e+00,  1.408705e+01
	 2.066790e+00,  1.443108e+01
	 1.657569e+00,  1.408163e+01
	 1.537082e+00,  1.455583e+01
	 9.285483e+00,  7.259431e-01
	 9.976668e+00,  7.206746e-01
	 9.158923e+00,  9.831202e-01
	 9.360313e+00,  1.354907e+00
	 9.876403e+00,  1.320390e+00
	 7.493523e+00,  1.311799e+01
	 7.186088e+00,  1.339811e+01
	 8.110678e+00,  1.435691e+01
	 7.265269e+00,  1.431425e+01
	 8.329199e+00,  1.500000e+01
	 7.185468e+00,  1.500000e+01
	 7.082059e+00,  1.468103e+01
	 7.117681e+00,  1.448750e+01
	 6.135133e+00,  8.663910e+00
	 6.292338e+00,  8.047015e+00
	 1.224781e+01,  1.269562e+01
	 1.216683e+01,  1.309637e+01
	 1.277306e+01,  1.338407e+01
	 1.356973e+01,  8.811885e+00
	 1.374259e+01,  7.659222e+00
	 1.358770e+01,  8.817313e+00
	 9.178079e-01,  8.373240e+00
	 1.483289e+00,  8.347219e+00
	 6.096006e-01,  7.929567e+00
	 8.962150e-01,  7.173482e+00
	 1.544368e+00,  7.169364e+00
	 1.116836e+01,  9.934220e+00
	 1.151426e+01,  9.427911e+00
	 1.142731e+01,  9.306647e+00
	 1.091087e+01,  9.771098e+00
	 1.088897e+01,  9.638232e+00
	 1.032315e+00,  4.873491e+00
	 1.785692e+00,  4.966133e+00
	 1.569906e+00,  5.723700e+00
	 2.791877e-01,  9.727030e+00
	 4.682475e-01,  9.235063e+00
	 0.000000e+00,  9.761536e+00
	 0.000000e+00,  9.155645e+00
	 3.801730e+00,  9.690324e+00
	 3.971825e+00,  9.952863e+00
	 1.430939e+01,  9.394303e+00
	 1.450414e+01,  9.817837e+00
	 1.500000e+01,  9.817759e+00
	 3.742145e+00,  8.905873e-01
	 3.506942e+00,  6.891227e-01
	 3.658753e+00,  1.036241e+00
	 3.288998e+00,  9.946083e-01
	 7.900902e+00,  3.472535e+00
	 7.107892e+00,  2.865936e+00
	 7.273274e+00,  2.609849e+00
	 5.833629e-01,  9.907019e+00
	 6.593398e-01,  1.100119e+01
	 0.000000e+00,  1.117258e+01
	 1.311332e+01,  4.014125e+00
	 1.357356e+01,  3.534693e+00
	 1.320677e+01,  3.250520e+00
	 0.000000e+00,  6.037594e+00
	 0.000000e+00,  4.734822e+00
	 5.900980e-01,  4.990689e+00
	 3.366992e-01,  4.798912e+00
	 3.947963e+00,  1.356775e+00
	 4.399791e+00,  1.167413e+00
	 4.298903e+00,  8.556896e-01
	 2.556155e+00,  1.038592e+01
	 2.400376e+00,  1.079681e+01
	 2.712660e+00,  1.066545e+01
	 2.958729e+00,  8.107452e+00
	 1.866398e+00,  8.992355e+00
	 2.226819e+00,  9.026882e+00
	 2.815050e+00,  8.803160e+00
	 9.176377e+00,  1.207202e+01
	 1.059176e+01,  1.274961e+01
	 1.033653e+01,  1.311240e+01
	 9.483098e+00,  1.329302e+01
	 0.000000e+00,  1.302937e+01
	 1.106910e+00,  1.310617e+01
	 1.608419e+00,  1.259558e+01
	 1.371680e+00,  1.134529e+01
	 1.658527e+00,  1.235849e+01
	 8.084146e+00,  5.097267e+00
	 8.627108e+00,  5.441178e+00
	 9.431999e+00,  3.550662e+00
	 8.728135e+00,  3.379521e+00
	 9.796716e+00,  3.938837e+00
	 9.515493e+00,  5.321283e+00
	 9.833431e+00,  4.932117e+00
	 9.877626e+00,  4.241545e+00
	 8.156034e+00,  3.760142e+00
	 7.877342e+00,  4.309362e+00
	 1.030233e+01,  7.718696e+00
	 9.754173e+00,  7.859356e+00
	 9.560629e+00,  8.577608e+00
	 1.003673e+01,  8.807015e+00
	 3.915039e+00,  1.985050e+00
	 1.196805e+01,  2.277305e+00
	 1.161638e+01,  2.416323e+00
	 1.204910e+01,  2.456507e+00
	 1.167537e+01,  2.546989e+00
	 1.399026e+01,  9.415722e+00
	 1.393694e+01,  9.787270e+00
	 1.294976e+01,  9.845123e+00
	 1.276557e+01,  9.269636e+00
	 1.340452e+01,  1.014279e+01
	 2.095676e+00,  1.118529e+01
	 2.380854e+00,  1.176935e+01
	 2.822824e+00,  1.200768e+01
	 3.012557e+00,  1.206228e+01
	 3.112300e+00,  1.203545e+01
	 3.343074e+00,  1.185011e+01
	 1.500000e+01,  1.291053e+01
	 1.463812e+01,  1.290801e+01
	 1.500000e+01,  1.358385e+01
	 1.486466e+01,  1.358485e+01
	 2.279545e+00,  1.401672e+01
	 2.679843e+00,  1.320801e+01
	 1.262499e+00,  1.391095e+01
	 6.822511e+00,  1.500000e+01
	 6.824359e+00,  1.495716e+01
	 9.067495e-01,  1.686258e+00
	 1.309149e+00,  1.764714e+00
	 5.704426e-01,  1.332477e+00
	 5.549958e-01,  1.040703e+00
	 1.331339e+01,  1.073543e+01
	 1.318505e+01,  1.078805e+01
	 1.291699e+01,  1.148819e+01
	 1.169774e+00,  1.408697e+01
	 1.536726e+00,  1.455605e+01
	 6.844423e+00,  9.355502e+00
	 7.391136e+00,  9.121985e+00
	 7.288579e+00,  9.782436e+00
	 7.545209e+00,  9.423425e+00
	 1.446540e+01,  1.269256e+01
	 6.872636e+00,  7.795596e+00
	 2.288731e+00,  4.077518e+00
	 2.131909e+00,  4.081909e+00
	 2.076445e+00,  4.700020e+00
	 2.469830e+00,  4.543446e+00
	 9.076674e+00,  5.941767e-01
	 8.812921e+00,  0.000000e+00
	 7.843115e+00,  8.846107e-01
	 1.806190e+00,  9.211133e+00
	 1.068591e+00,  9.329235e+00
	 7.322993e-01,  9.037827e+00
	 5.066466e+00,  7.676719e+00
	 4.562136e+00,  7.800438e+00
	 9.782780e+00,  5.865053e+00
	 6.146386e+00,  1.289994e+01
	 6.936800e+00,  1.318229e+01
	 7.255116e+00,  1.280285e+01
	 6.276634e+00,  1.310757e+01
	 7.113723e+00,  1.218965e+01
	 1.135766e+01,  1.115344e+01
	 1.148767e+01,  1.084088e+01
	 1.102207e+01,  1.084298e+01
	 1.126120e+01,  1.064134e+01
	 1.500000e+01,  5.125777e+00
	 1.423383e+01,  5.454412e+00
	 1.357308e+01,  5.313043e+00
	 5.747200e+00,  1.377169e+01
	 6.101195e+00,  1.443393e+01
	 3.220650e+00,  7.420302e+00
	 3.322749e+00,  7.744733e+00
	 1.045420e+01,  2.321177e+00
	 1.038446e+01,  2.263573e+00
	 9.751511e+00,  2.835308e+00
	 1.014532e+01,  2.921718e+00
	 1.003787e+01,  6.002058e+00
	 5.434590e+00,  5.557123e+00
	 5.321058e+00,  5.825782e+00
	 1.642538e+00,  3.630265e+00
	 1.741787e+00,  3.312711e+00
	 2.615851e+00,  3.365868e+00
	 0.000000e+00,  1.421077e+01
	 4.101508e-01,  1.439166e+01
	 3.729949e+00,  7.016689e+00
	 4.151169e+00,  7.623698e+00
	 3.703097e+00,  6.568813e+00
	 4.533884e+00,  5.683101e+00
	 3.866086e+00,  6.009353e+00
	 3.160827e+00,  9.467558e+00
	 2.563272e+00,  9.927327e+00
	 2.053523e+00,  9.337857e+00
	 1.465515e+01,  1.403074e+01
	 1.284525e+01,  1.393566e+01
	 1.366981e+01,  1.450934e+01
	 1.439305e+01,  1.431253e+01
	 1.445027e+01,  1.268307e+01
	 1.048944e+01,  3.453605e+00
	 1.010262e+01,  3.947066e+00
	 9.727034e+00,  2.841073e+00
	 3.047502e+00,  1.061829e+00
	 2.804384e+00,  1.559727e+00
	 1.424235e+01,  6.159279e+00
	 1.500000e+01,  6.201193e+00
	 1.346901e+01,  5.407144e+00
	 1.026665e+01,  1.309804e+00
	 1.023031e+01,  7.217273e-01
	 1.006845e+01,  1.421043e+00
	 1.007914e+01,  6.684879e-01
	 3.158940e+00,  4.729658e+00
	 2.639285e+00,  3.353801e+00
	 5.856559e+00,  2.303944e+00
	 5.100921e+00,  2.422468e+00
	 5.681909e+00,  3.119077e+00
	 6.017863e+00,  2.613342e+00
	 1.500000e+01,  1.435320e+01
	 1.481843e+01,  1.430085e+01
	 1.410712e+01,  6.237969e+00
	 1.346838e+01,  6.045620e+00
	 3.558185e+00,  5.091925e+00
	 1.005977e+01,  1.500000e+01
	 1.016324e+01,  1.419978e+01
	 1.003609e+01,  1.380883e+01
	 1.039011e+01,  9.693043e+00
	 0.000000e+00,  3.742814e+00
	 0.000000e+00,  3.210954e+00
	 1.016685e+01,  1.114043e+01
	 8.503438e+00,  1.127907e+01
	 9.211885e+00,  1.055418e+01
	 1.245949e+01,  1.156365e+01
	 1.211388e+01,  1.133844e+01
	 1.192979e+01,  1.154895e+01
	 1.236854e+01,  1.181700e+01
	 1.217420e+01,  1.187509e+01
	 6.948305e+00,  2.371016e+00
	 7.007204e+00,  1.873936e+00
	 1.092179e+01,  7.568128e+00
	 1.031451e+01,  7.662692e+00
	 1.220438e+01,  3.228160e-01
	 1.211527e+01,  1.122967e+00
	 1.176342e+01,  9.046163e-01
	 1.142249e+01,  8.811282e+00
	 1.173388e+01,  8.511640e+00
	 1.228066e+01,  9.553713e+00
	 1.267488e+01,  9.248801e+00
	 1.230967e+01,  8.461903e+00
	 1.069784e+01,  4.727426e-01
	 1.061147e+01,  0.000000e+00
	 1.030419e+01,  0.000000e+00
	 1.500000e+01,  4.173823e-01
	 1.447479e+01,  1.804777e-01
	 1.203029e+01,  1.088488e+01
	 1.250108e+01,  1.049330e+01
	 1.254972e+01,  1.003027e+01
	 3.313283e+00,  0.000000e+00
	 2.914442e+00,  0.000000e+00
	 6.750354e+00,  2.541495e+00
	 6.238859e+00,  2.505109e+00
	 6.761096e+00,  1.601895e+00
	 6.111702e+00,  1.601667e+00
	 5.975640e+00,  2.195252e+00
	 1.234042e+01,  1.711312e+00
	 1.215069e+01,  2.117955e+00
	 1.093758e+01,  1.573268e+00
	 1.110930e+01,  2.301665e+00
	 1.136761e+01,  9.504344e-01
	 1.111622e+01,  2.306386e+00
	 1.184000e+01,  5.640722e+00
	 5.061503e+00,  5.075982e+00
	 4.593192e+00,  5.195283e+00
	 1.143939e+01,  5.376814e+00
	 1.121829e+01,  6.758776e+00
	 1.066110e+01,  6.425096e+00
	 1.079373e+01,  5.431369e+00
	 1.052319e+01,  5.956533e+00
	 1.246795e+01,  0.000000e+00
	 1.223987e+01,  0.000000e+00
	 6.701768e+00,  9.336455e+00
	 1.463754e+01,  1.450166e+01
	 1.346908e+01,  6.810168e+00
	 1.364192e+01,  6.850612e+00
	 1.326047e+01,  6.287553e+00
	 1.261911e+01,  1.799517e+00
	 1.255767e+01,  2.453390e+00
	 1.138938e+01,  1.138475e+01
	 1.050490e+01,  1.093058e+01
	 1.046115e+01,  1.100038e+01
	 5.261654e-01,  9.217484e+00
	 0.000000e+00,  7.811392e+00
	 2.423235e+00,  6.594086e+00
	 1.928243e+00,  6.351007e+00
	 1.504281e+00,  6.807082e+00
	 6.336908e+00,  7.985583e+00
	 1.017719e+01,  4.082738e+00
	 1.293222e+01,  7.220073e+00
	 1.322314e+01,  7.113114e+00
	 1.362538e+01,  7.284604e+00
	 5.664877e+00,  1.207208e+00
	 5.559625e+00,  1.110223e-16
	 7.510259e+00,  8.983529e+00
	 6.305619e+00,  9.053994e+00
	 7.527274e+00,  1.160930e+01
	 1.037743e+01,  4.917311e+00
	 1.476111e+01,  1.060507e+01
	 1.500000e+01,  1.061922e+01
	 0.000000e+00,  0.000000e+00
	 0.000000e+00,  6.990864e-01
	 1.144409e-01,  7.002201e-01
	 5.661746e+00,  3.469516e+00
	 1.449587e+01,  9.829518e+00
	 7.924571e+00,  9.177507e+00
	 6.615586e+00,  1.460214e+01
	 5.748485e+00,  1.376212e+01
	 3.598425e+00,  1.340897e+01
	 3.773899e+00,  1.420671e+01
	 1.084153e+00,  6.711668e+00
	 8.664918e-01,  7.122799e+00
	 3.758144e+00,  1.227139e+01
	 3.880376e+00,  1.213593e+01
	 3.874327e+00,  1.209824e+01
	 5.558887e+00,  1.308791e+01
	 5.021674e+00,  1.256714e+01
	 1.180229e+01,  1.500000e+01
	 1.189290e+01,  1.425781e+01
	 1.370054e+01,  1.500000e+01
	 1.126524e+01,  3.917223e+00
	 1.079362e+01,  3.997929e+00
	 1.047926e+01,  4.247964e+00
	 8.843923e-01,  4.749063e+00
	 8.249358e-01,  4.654112e+00
	 1.473734e+01,  1.500000e+01
	 1.475194e+01,  1.470833e+01
	 1.056566e+01,  1.558189e+00
	 1.255948e+01,  2.463857e+00
	 1.312745e+01,  2.949713e+00
	 9.458293e-01,  3.843706e+00
	 6.903718e+00,  5.141359e+00
	 6.992026e+00,  4.356357e+00
	 7.399741e+00,  4.162670e+00
	 0.000000e+00,  1.692007e+00
	 2.012501e-01,  1.694426e+00
	 6.072738e-01,  1.981217e+00
	 4.374892e+00,  1.259945e+01
	 3.928243e+00,  1.287643e+01
	 3.318197e+00,  6.462437e+00
	 3.293071e+00,  6.423479e+00
	 3.441178e+00,  7.068109e+00
	 1.007438e+01,  9.958302e+00
	 1.030041e+01,  9.692187e+00
	 1.062578e+01,  3.493744e+00
	 1.033333e+01,  1.864575e+00
	 5.745392e+00,  3.648103e+00
	 1.039512e+01,  1.331101e+01
	 1.091014e+01,  1.343476e+01
	 1.114002e+01,  1.404262e+01
	 1.058384e+01,  1.440708e+01
	 1.403492e+00,  1.500000e+01
	 3.670412e+00,  5.930343e+00
	 8.008405e-01,  9.523154e+00
	 1.134042e+01,  1.281096e+01
	 1.103548e+01,  1.309050e+01
	 1.133614e+01,  2.881826e+00
	 1.115306e+01,  3.355684e+00
	 8.188685e+00,  1.127510e+01
	 3.934399e-01,  1.500000e+01
	 0.000000e+00,  1.500000e+01
	 2.283573e+00,  1.213047e+01
	 2.273613e+00,  1.214487e+01
	 4.672746e+00,  0.000000e+00
	 1.500000e+01,  1.462869e+01
	 0.000000e+00,  7.048537e+00
	 1.204511e+01,  1.254304e+01
	 1.172563e+01,  1.278762e+01
	 1.038922e+01,  1.500000e+01
	 6.782381e+00,  3.949018e+00
	 1.500000e+01,  1.500000e+01
	 1.500000e+01,  0.000000e+00
	 1.447735e+01,  0.000000e+00
	 8.649025e+00,  9.088752e+00
	 9.281354e+00,  1.008739e+01
	 8.437596e+00,  9.040811e+00
Mesh Facets: 916
	24, 22
	55, 52
	30, 28
	65, 58
	54, 53
	45, 43
	63, 62
	100, 98
	71, 72
	116, 113
	97, 96
	131, 129
	6, 7
	20, 19
	78, 75
	151, 154
	156, 155
	146, 148
	27, 25
	115, 114
	121, 120
	178, 185
	186, 188
	175, 176
	8, 6
	6, 141
	209, 207
	83, 82
	29, 27
	169, 27
	199, 198
	61, 60
	138, 137
	234, 232
	42, 41
	251, 250
	248, 249
	68, 67
	87, 86
	79, 80
	216, 215
	152, 150
	23, 21
	47, 49
	278, 277
	64, 66
	283, 156
	156, 154
	154, 153
	78, 147
	77, 78
	90, 89
	277, 293
	275, 277
	298, 297
	48, 51
	60, 228
	60, 66
	66, 280
	284, 286
	38, 24
	23, 263
	24, 23
	4, 5
	40, 39
	293, 315
	293, 292
	34, 33
	320, 321
	160, 161
	302, 301
	163, 165
	135, 144
	181, 179
	101, 99
	261, 259
	306, 305
	227, 226
	352, 350
	237, 239
	104, 103
	317, 316
	251, 252
	357, 251
	173, 114
	114, 112
	211, 83
	84, 83
	239, 356
	239, 240
	209, 210
	351, 350
	350, 209
	30, 56
	30, 35
	108, 110
	167, 146
	145, 146
	186, 187
	379, 186
	308, 263
	263, 262
	69, 70
	206, 205
	321, 33
	321, 325
	33, 31
	95, 94
	55, 54
	396, 55
	295, 294
	197, 196
	54, 73
	133, 130
	36, 38
	38, 307
	206, 201
	386, 206
	169, 170
	169, 219
	375, 374
	356, 366
	356, 316
	315, 413
	316, 315
	219, 409
	219, 218
	385, 384
	310, 309
	353, 351
	351, 372
	81, 86
	258, 86
	322, 324
	406, 405
	172, 174
	397, 396
	434, 396
	196, 398
	196, 195
	245, 242
	82, 212
	82, 81
	81, 427
	412, 374
	229, 137
	139, 137
	374, 377
	136, 134
	352, 353
	446, 352
	423, 353
	398, 435
	398, 397
	433, 397
	440, 229
	230, 229
	250, 451
	41, 248
	41, 39
	314, 39
	248, 250
	270, 271
	117, 119
	456, 455
	212, 427
	212, 210
	210, 372
	427, 372
	126, 125
	311, 4
	4, 2
	19, 147
	19, 18
	290, 147
	159, 161
	330, 161
	183, 184
	268, 269
	478, 479
	439, 437
	98, 480
	179, 99
	99, 98
	177, 179
	268, 474
	268, 267
	395, 393
	485, 486
	172, 431
	171, 172
	285, 287
	465, 466
	336, 335
	470, 471
	222, 223
	12, 10
	409, 408
	418, 409
	498, 12
	13, 12
	506, 507
	183, 182
	183, 469
	182, 185
	185, 506
	182, 506
	123, 97
	63, 97
	63, 59
	368, 370
	447, 423
	426, 423
	448, 449
	492, 493
	392, 394
	1, 0
	278, 276
	519, 278
	264, 262
	383, 262
	266, 21
	22, 37
	22, 21
	217, 218
	70, 68
	384, 70
	255, 68
	218, 384
	100, 71
	52, 100
	53, 71
	53, 52
	324, 327
	324, 429
	260, 215
	213, 215
	490, 489
	188, 189
	188, 529
	16, 17
	109, 110
	110, 373
	369, 368
	508, 368
	523, 255
	255, 254
	124, 96
	391, 95
	95, 96
	386, 407
	325, 386
	326, 325
	505, 504
	525, 213
	158, 159
	473, 476
	467, 159
	14, 13
	214, 213
	13, 502
	208, 207
	207, 535
	113, 111
	113, 536
	536, 537
	142, 136
	444, 136
	65, 69
	65, 64
	310, 307
	310, 420
	402, 307
	279, 64
	416, 385
	69, 385
	441, 139
	139, 7
	7, 9
	380, 187
	15, 16
	16, 189
	187, 189
	469, 507
	507, 478
	496, 471
	471, 469
	477, 478
	283, 282
	535, 283
	534, 535
	371, 369
	530, 369
	400, 399
	253, 249
	249, 247
	388, 390
	389, 388
	388, 247
	247, 246
	355, 354
	236, 233
	522, 266
	266, 265
	349, 348
	93, 94
	387, 94
	44, 46
	553, 555
	424, 425
	220, 221
	501, 504
	533, 504
	482, 393
	392, 515
	392, 393
	461, 462
	340, 339
	282, 540
	282, 281
	300, 299
	425, 555
	426, 425
	555, 561
	509, 426
	496, 477
	494, 496
	477, 437
	437, 436
	101, 181
	102, 101
	181, 180
	513, 514
	491, 490
	164, 162
	443, 442
	490, 528
	430, 322
	323, 322
	74, 76
	560, 559
	376, 375
	410, 375
	272, 273
	560, 566
	560, 300
	298, 300
	455, 298
	117, 455
	117, 118
	320, 329
	320, 34
	26, 34
	456, 119
	570, 456
	119, 121
	175, 192
	175, 121
	128, 126
	126, 457
	517, 516
	29, 217
	29, 28
	56, 373
	56, 28
	523, 373
	217, 523
	549, 548
	72, 102
	72, 73
	102, 565
	295, 73
	296, 295
	36, 401
	37, 36
	37, 520
	145, 380
	145, 20
	20, 15
	380, 15
	395, 267
	267, 270
	394, 516
	394, 395
	127, 128
	454, 270
	128, 516
	243, 241
	167, 166
	378, 167
	429, 524
	429, 428
	558, 557
	403, 404
	494, 563
	495, 494
	57, 59
	531, 508
	59, 508
	443, 164
	164, 165
	134, 443
	134, 135
	165, 135
	142, 143
	539, 142
	412, 411
	412, 441
	360, 173
	190, 191
	173, 174
	8, 194
	8, 9
	9, 441
	432, 174
	314, 313
	314, 453
	362, 112
	112, 111
	111, 538
	452, 453
	583, 453
	17, 489
	17, 18
	466, 18
	489, 466
	234, 235
	587, 234
	367, 240
	238, 240
	92, 93
	552, 93
	550, 549
	224, 225
	573, 549
	157, 160
	579, 454
	269, 472
	269, 271
	333, 160
	454, 271
	500, 418
	419, 418
	231, 230
	230, 450
	381, 382
	292, 318
	421, 422
	291, 292
	344, 305
	305, 304
	3, 5
	5, 312
	404, 581
	405, 404
	245, 244
	438, 245
	149, 75
	75, 74
	430, 405
	430, 74
	417, 419
	576, 575
	588, 419
	361, 359
	571, 572
	540, 340
	534, 540
	363, 211
	211, 208
	534, 208
	340, 343
	524, 327
	327, 326
	326, 533
	558, 524
	558, 533
	120, 176
	120, 118
	190, 176
	190, 411
	566, 410
	410, 411
	118, 566
	309, 308
	309, 422
	422, 381
	308, 381
	556, 220
	337, 338
	565, 564
	565, 296
	220, 199
	294, 296
	197, 294
	199, 197
	513, 180
	513, 492
	470, 492
	470, 184
	180, 184
	311, 458
	532, 391
	40, 42
	40, 311
	246, 42
	246, 389
	391, 389
	363, 364
	363, 343
	343, 341
	484, 483
	201, 200
	505, 503
	505, 407
	407, 201
	400, 542
	400, 130
	129, 130
	129, 357
	357, 358
	414, 413
	413, 596
	596, 595
	191, 360
	192, 191
	192, 572
	572, 359
	360, 359
	346, 347
	106, 105
	365, 364
	364, 483
	460, 461
	483, 482
	482, 461
	526, 525
	510, 512
	14, 525
	11, 14
	61, 225
	225, 92
	61, 62
	92, 62
	77, 76
	77, 288
	323, 328
	323, 76
	144, 334
	141, 144
	141, 193
	362, 538
	362, 361
	570, 571
	537, 570
	361, 571
	537, 538
	202, 204
	331, 330
	330, 468
	599, 485
	285, 485
	285, 284
	284, 303
	32, 31
	203, 205
	205, 31
	221, 501
	221, 222
	501, 498
	498, 222
	446, 447
	600, 446
	509, 562
	447, 509
	500, 231
	500, 499
	140, 138
	138, 231
	547, 546
	51, 297
	297, 601
	51, 50
	475, 474
	484, 341
	484, 474
	341, 342
	417, 415
	417, 575
	575, 577
	290, 465
	289, 290
	487, 465
	272, 559
	47, 272
	299, 48
	48, 47
	559, 299
	274, 49
	521, 522
	522, 546
	50, 546
	50, 49
	591, 312
	583, 584
	583, 313
	313, 312
	214, 476
	216, 214
	475, 342
	342, 259
	216, 259
	476, 475
	416, 402
	416, 415
	415, 577
	402, 401
	577, 401
	588, 576
	588, 450
	521, 520
	274, 521
	450, 440
	440, 377
	273, 274
	376, 273
	377, 376
	576, 520
	257, 256
	586, 585
	604, 553
	553, 554
	542, 358
	253, 542
	358, 252
	252, 253
	567, 568
	408, 499
	408, 170
	170, 168
	140, 499
	140, 143
	582, 143
	434, 433
	155, 434
	260, 527
	260, 150
	151, 155
	150, 151
	511, 448
	433, 448
	604, 586
	451, 604
	451, 452
	452, 586
	512, 449
	449, 435
	435, 195
	198, 223
	198, 195
	223, 10
	512, 11
	10, 11
	439, 479
	439, 242
	241, 242
	379, 378
	378, 241
	479, 379
	228, 227
	228, 280
	306, 227
	279, 420
	280, 279
	421, 304
	420, 421
	306, 304
	551, 552
	399, 543
	399, 133
	132, 133
	573, 574
	573, 552
	544, 545
	493, 335
	335, 337
	493, 514
	564, 514
	337, 564
	334, 301
	301, 286
	334, 193
	193, 194
	432, 194
	432, 431
	287, 431
	287, 286
	84, 365
	365, 460
	85, 84
	460, 463
	600, 562
	562, 561
	561, 606
	606, 600
	491, 442
	442, 445
	488, 491
	158, 473
	158, 157
	157, 472
	472, 473
	480, 607
	607, 608
	480, 481
	510, 526
	526, 527
	511, 510
	527, 511
	532, 594
	124, 532
	122, 124
	344, 318
	318, 319
	598, 597
	345, 344
	462, 515
	462, 464
	1, 3
	1, 515
	590, 3
	602, 603
	349, 550
	226, 349
	550, 224
	224, 226
	90, 289
	91, 90
	487, 488
	289, 487
	582, 605
	539, 582
	444, 539
	445, 444
	488, 445
	544, 574
	355, 544
	104, 355
	106, 104
	548, 348
	348, 347
	574, 548
	106, 347
	354, 237
	236, 354
	238, 235
	238, 237
	235, 236
	464, 602
	464, 463
	602, 256
	256, 87
	87, 85
	85, 463
	486, 171
	486, 116
	171, 115
	116, 115
	567, 168
	26, 567
	25, 26
	25, 168
	333, 332
	333, 579
	578, 579
	597, 346
	346, 345
	597, 345
	383, 518
	383, 382
	589, 382
	593, 592
	495, 403
	495, 497
	406, 428
	403, 406
	428, 580
	503, 200
	503, 502
	202, 468
	200, 202
	467, 502
	467, 468
	329, 328
	328, 288
	88, 89
	569, 329
	288, 89
	149, 148
	149, 244
	244, 243
	243, 166
	166, 148
	601, 547
	601, 519
	519, 264
	264, 265
	265, 547
	556, 557
	556, 593
	557, 580
	593, 580
	587, 367
	595, 587
	595, 414
	367, 366
	414, 366
	79, 257
	79, 45
	554, 585
	554, 46
	46, 45
	603, 590
	257, 603
	591, 584
	590, 591
	584, 585
	43, 80
	43, 44
	44, 424
	424, 258
	80, 258
	105, 598
	598, 319
	317, 103
	319, 317
	103, 105
	152, 261
	152, 153
	339, 281
	281, 153
	261, 339
	177, 481
	178, 177
	481, 608
	608, 178
	517, 0
	517, 457
	457, 2
	2, 0
	551, 387
	551, 543
	387, 390
	390, 543
	531, 254
	57, 531
	58, 67
	58, 57
	254, 67
	336, 497
	336, 338
	338, 592
	497, 592
	518, 276
	589, 518
	276, 275
	291, 589
	291, 275
	132, 545
	131, 132
	232, 233
	232, 131
	545, 233
	605, 568
	605, 91
	88, 569
	88, 91
	568, 569
	578, 610
	578, 127
	459, 125
	125, 127
	581, 563
	438, 581
	563, 436
	436, 438
	204, 331
	204, 203
	108, 35
	108, 107
	35, 32
	203, 32
	609, 332
	331, 332
	528, 529
	162, 528
	599, 303
	303, 302
	162, 163
	529, 599
	163, 302
	611, 107
	530, 541
	530, 109
	107, 109
	609, 611
	611, 541
	123, 122
	370, 123
	458, 459
	458, 594
	541, 371
	371, 370
	610, 459
	610, 609
	122, 594
Facet Neighbors: 916
	4, 6
	-2, 10
	5, 11
	12, 13
	10, 14
	8, 16
	12, 19
	-2, 20
	14, 20
	-3, 23
	19, 25
	-4, 27
	1, 28
	3, 29
	15, 29
	30, 31
	-2, 31
	29, 34
	5, 35
	23, 36
	24, 37
	-3, 38
	-3, 39
	37, 40
	1, 41
	28, 41
	-2, 44
	17, 44
	5, 46
	35, 46
	42, 47
	12, 48
	28, 49
	-4, 50
	7, 53
	-4, 54
	53, 54
	13, 55
	17, 56
	16, 56
	45, 57
	30, 57
	4, 58
	9, 60
	-1, 61
	12, 62
	-2, 63
	31, 63
	30, 63
	29, 65
	15, 65
	18, 65
	-1, 66
	61, 66
	-1, 68
	9, 68
	48, 69
	12, 69
	62, 69
	64, 70
	6, 72
	58, 72
	4, 72
	0, 73
	7, 73
	-1, 74
	66, 74
	5, 75
	75, 76
	32, 77
	70, 78
	33, 78
	28, 78
	38, 80
	20, 80
	57, 81
	71, 82
	48, 82
	-2, 83
	51, 84
	21, 84
	74, 84
	54, 85
	-4, 85
	36, 86
	23, 86
	44, 87
	17, 87
	84, 88
	51, 88
	44, 90
	83, 90
	-2, 90
	11, 91
	5, 91
	22, 91
	34, 93
	29, 93
	39, 93
	-3, 93
	72, 94
	58, 94
	13, 95
	43, 96
	75, 96
	76, 96
	5, 96
	19, 97
	10, 99
	-2, 99
	67, 99
	42, 99
	14, 99
	27, 100
	6, 101
	72, 101
	43, 103
	96, 103
	35, 104
	46, 104
	92, 105
	88, 106
	84, 106
	-1, 106
	74, 106
	104, 107
	46, 107
	95, 107
	72, 108
	83, 109
	90, 109
	17, 109
	56, 109
	76, 110
	102, 110
	36, 111
	99, 112
	-2, 112
	99, 113
	42, 113
	52, 114
	44, 115
	17, 115
	109, 115
	105, 116
	49, 116
	28, 116
	92, 116
	28, 117
	83, 118
	-2, 118
	109, 118
	113, 119
	99, 119
	112, 119
	116, 120
	49, 120
	-4, 121
	53, 121
	7, 121
	73, 121
	54, 121
	59, 122
	24, 123
	-1, 123
	115, 124
	44, 124
	90, 124
	109, 124
	26, 125
	73, 125
	0, 125
	29, 127
	3, 127
	65, 127
	32, 128
	77, 128
	38, 129
	59, 130
	-3, 131
	114, 131
	-2, 132
	80, 132
	20, 132
	38, 132
	130, 133
	59, 133
	98, 133
	-3, 134
	111, 134
	36, 134
	64, 134
	127, 135
	79, 136
	129, 136
	47, 137
	2, 137
	104, 138
	107, 138
	137, 139
	2, 139
	-3, 140
	38, 140
	129, 140
	38, 141
	-3, 141
	140, 141
	25, 142
	19, 142
	12, 142
	89, 142
	118, 143
	109, 143
	119, 144
	136, 145
	98, 146
	0, 146
	61, 147
	-1, 147
	58, 147
	94, 147
	58, 148
	6, 148
	4, 148
	46, 149
	13, 149
	95, 149
	55, 149
	107, 149
	20, 150
	-2, 150
	14, 150
	10, 150
	76, 151
	110, 151
	57, 152
	45, 152
	135, 153
	39, 153
	-3, 153
	3, 153
	22, 154
	91, 154
	89, 154
	142, 154
	149, 154
	55, 154
	25, 155
	97, 155
	19, 155
	103, 156
	96, 156
	76, 156
	139, 156
	152, 157
	32, 157
	130, 157
	128, 157
	2, 157
	45, 157
	139, 157
	44, 158
	-2, 158
	23, 159
	-3, 159
	-1, 159
	28, 160
	117, 160
	13, 161
	12, 161
	72, 161
	108, 161
	101, 161
	62, 161
	107, 161
	95, 161
	116, 162
	28, 162
	1, 162
	93, 163
	3, 163
	153, 163
	39, 163
	140, 164
	-3, 164
	136, 164
	129, 164
	131, 164
	63, 165
	-2, 165
	158, 165
	89, 166
	154, 166
	100, 167
	54, 167
	53, 167
	97, 167
	97, 168
	167, 168
	53, 168
	84, 169
	50, 169
	148, 170
	58, 170
	82, 171
	19, 172
	97, 172
	8, 173
	-4, 173
	109, 173
	47, 174
	139, 174
	156, 174
	133, 175
	146, 175
	98, 175
	126, 175
	81, 176
	165, 176
	63, 176
	68, 177
	173, 178
	109, 178
	-4, 178
	143, 178
	164, 179
	136, 179
	131, 179
	114, 179
	80, 180
	20, 180
	38, 180
	145, 180
	135, 181
	33, 181
	117, 181
	153, 181
	110, 182
	76, 182
	15, 182
	177, 183
	92, 183
	105, 183
	60, 183
	183, 184
	177, 184
	68, 184
	-1, 184
	123, 184
	24, 184
	76, 185
	75, 185
	5, 185
	123, 186
	-1, 186
	24, 186
	40, 186
	37, 186
	26, 187
	125, 187
	146, 187
	46, 188
	5, 188
	91, 188
	11, 188
	154, 188
	149, 188
	171, 189
	20, 190
	14, 190
	180, 190
	99, 190
	67, 190
	101, 191
	6, 191
	148, 191
	93, 192
	29, 192
	3, 192
	163, 192
	133, 193
	59, 193
	146, 193
	98, 193
	26, 193
	122, 193
	187, 193
	52, 194
	34, 194
	93, 194
	151, 195
	110, 195
	174, 195
	102, 196
	179, 196
	136, 196
	12, 197
	154, 197
	142, 197
	181, 198
	33, 198
	117, 198
	28, 198
	78, 198
	28, 199
	160, 199
	105, 200
	116, 200
	86, 200
	40, 200
	36, 200
	41, 200
	1, 200
	162, 200
	111, 200
	73, 201
	121, 201
	86, 202
	23, 202
	159, 202
	121, 203
	201, 203
	153, 204
	3, 204
	127, 204
	135, 204
	50, 205
	-4, 205
	88, 205
	51, 205
	19, 206
	172, 206
	171, 206
	48, 206
	189, 206
	32, 207
	193, 207
	130, 207
	59, 207
	77, 207
	122, 207
	138, 208
	107, 208
	49, 208
	120, 208
	94, 209
	74, 209
	108, 209
	66, 209
	82, 209
	71, 209
	0, 210
	73, 210
	196, 211
	102, 211
	52, 211
	114, 211
	29, 211
	15, 211
	110, 211
	182, 211
	107, 212
	191, 212
	208, 212
	86, 213
	186, 213
	176, 214
	165, 214
	87, 214
	44, 214
	158, 214
	81, 214
	151, 215
	76, 215
	156, 215
	195, 215
	174, 215
	37, 216
	24, 216
	40, 216
	200, 216
	183, 216
	105, 216
	184, 216
	72, 217
	108, 217
	209, 217
	94, 217
	174, 218
	79, 218
	180, 218
	190, 218
	47, 218
	67, 218
	99, 218
	42, 218
	180, 219
	145, 219
	136, 219
	129, 219
	38, 219
	125, 220
	155, 220
	7, 220
	73, 220
	53, 220
	168, 220
	97, 220
	87, 221
	214, 221
	81, 221
	133, 221
	43, 222
	139, 222
	156, 222
	103, 222
	167, 223
	100, 223
	27, 223
	-4, 223
	85, 223
	106, 224
	-1, 224
	-4, 224
	200, 225
	40, 225
	186, 225
	213, 225
	86, 225
	82, 226
	21, 226
	87, 227
	221, 227
	126, 227
	133, 227
	175, 227
	152, 228
	144, 228
	157, 228
	2, 228
	48, 229
	206, 229
	12, 229
	19, 229
	15, 230
	65, 230
	76, 230
	182, 230
	78, 231
	28, 231
	41, 231
	202, 232
	86, 232
	186, 232
	-1, 232
	213, 232
	159, 232
	43, 233
	77, 233
	128, 233
	-3, 234
	134, 234
	64, 234
	70, 234
	5, 235
	43, 235
	96, 235
	174, 236
	47, 236
	139, 236
	137, 236
	118, 237
	-2, 237
	178, 237
	143, 237
	208, 238
	138, 238
	28, 238
	49, 238
	170, 239
	68, 239
	-1, 239
	9, 239
	130, 240
	221, 240
	133, 240
	81, 240
	107, 241
	212, 241
	191, 241
	127, 242
	65, 242
	135, 242
	183, 243
	60, 243
	68, 243
	9, 243
	177, 243
	60, 244
	148, 244
	170, 244
	239, 244
	9, 244
	210, 245
	203, 245
	201, 245
	73, 245
	157, 246
	45, 246
	240, 246
	81, 246
	57, 246
	130, 246
	161, 247
	107, 247
	241, 247
	101, 247
	191, 247
	212, 248
	208, 248
	148, 248
	244, 248
	120, 248
	116, 248
	60, 248
	183, 248
	92, 248
	191, 248
	56, 249
	203, 250
	-4, 250
	173, 250
	223, 251
	167, 251
	85, 251
	54, 251
	185, 252
	138, 252
	104, 252
	35, 252
	238, 252
	28, 252
	199, 252
	112, 253
	-2, 253
	152, 253
	57, 253
	31, 253
	30, 253
	144, 253
	119, 253
	250, 254
	-4, 254
	121, 254
	203, 254
	144, 255
	119, 255
	113, 255
	47, 255
	42, 255
	137, 255
	228, 255
	2, 255
	131, 256
	114, 256
	52, 256
	93, 256
	194, 256
	-3, 256
	48, 257
	69, 257
	82, 257
	161, 257
	62, 257
	209, 257
	108, 257
	71, 257
	172, 258
	167, 258
	100, 258
	27, 258
	189, 258
	206, 258
	169, 258
	136, 259
	79, 259
	145, 259
	180, 259
	218, 259
	78, 260
	70, 260
	231, 260
	41, 260
	200, 260
	111, 260
	134, 260
	64, 260
	87, 261
	227, 261
	17, 261
	126, 261
	237, 262
	178, 262
	-4, 262
	-2, 262
	181, 263
	117, 263
	135, 263
	157, 264
	32, 264
	207, 264
	130, 264
	-2, 265
	-3, 265
	132, 265
	228, 266
	152, 266
	144, 266
	253, 266
	220, 267
	155, 267
	25, 267
	209, 268
	74, 268
	226, 268
	82, 268
	175, 269
	126, 269
	0, 269
	146, 269
	210, 269
	249, 269
	171, 270
	82, 270
	206, 270
	48, 270
	65, 271
	18, 271
	135, 271
	242, 271
	252, 271
	199, 271
	160, 271
	117, 271
	263, 271
	258, 272
	169, 272
	84, 272
	21, 272
	171, 272
	82, 272
	189, 272
	226, 272
	84, 273
	169, 273
	205, 273
	51, 273
	50, 273
	269, 274
	126, 274
	249, 274
	56, 274
	17, 274
	261, 274
	134, 275
	-3, 275
	36, 275
	23, 275
	252, 276
	185, 276
	5, 276
	35, 276
	77, 277
	207, 277
	193, 277
	226, 278
	82, 278
	268, 278
	147, 279
	94, 279
	209, 279
	218, 280
	196, 280
	136, 280
	110, 280
	102, 280
	195, 280
	222, 281
	139, 281
	233, 281
	43, 281
	157, 281
	128, 281
	76, 282
	230, 282
	18, 282
	185, 282
	65, 282
	29, 283
	211, 283
	52, 283
	194, 283
	34, 283
	239, 284
	-1, 284
	147, 284
	58, 284
	170, 284
	174, 285
	218, 285
	195, 285
	280, 285
	205, 286
	-4, 286
	224, 286
	88, 286
	106, 286
	56, 287
	16, 287
	250, 287
	173, 287
	8, 287
	269, 287
	249, 287
	245, 287
	210, 287
	203, 287
	16, 288
	8, 288
	173, 288
	109, 288
	56, 288
	226, 289
	268, 289
	84, 289
	74, 289
	21, 289
	57, 290
	30, 290
	176, 290
	63, 290
	81, 290
	132, 291
	38, 291
	265, 291
	-3, 291
	146, 292
	187, 292
	125, 292
	0, 292
	172, 293
	258, 293
	97, 293
	167, 293
	154, 294
	197, 294
	13, 294
	12, 294
	55, 294
	136, 295
	79, 295
	218, 295
	280, 295
	147, 296
	279, 296
	61, 296
	209, 296
	66, 296
	258, 297
	27, 297
	50, 297
	-4, 297
	169, 297
	252, 298
	271, 298
	282, 298
	18, 298
	185, 298
	277, 299
	193, 299
	125, 299
	26, 299
	196, 300
	211, 300
	179, 300
	114, 300
	233, 301
	43, 301
	91, 301
	22, 301
	5, 301
	235, 301
	277, 301
	77, 301
	153, 302
	181, 302
	234, 302
	70, 302
	33, 302
	-3, 302
	78, 302
	301, 303
	166, 303
	154, 303
	22, 303
	301, 304
	303, 304
	25, 304
	142, 304
	125, 304
	220, 304
	166, 304
	89, 304
	299, 304
	277, 304
	267, 304
Mesh Regions: 305
	63, 171, 216, 451, 728, 849
	12, 24, 278, 412
	196, 200, 258, 539, 662
	13, 173, 240, 280, 378, 423
	0, 42, 62, 223
	2, 18, 28, 67, 94, 106, 352, 362, 564, 770, 890
	0, 60, 114, 222, 374
	34, 64, 159, 503
	5, 307, 821, 828
	43, 55, 582, 596, 602
	1, 4, 108, 232
	2, 93, 364
	3, 6, 31, 45, 57, 209, 269, 396, 542, 857
	3, 37, 102, 225, 268, 856
	4, 8, 112, 231, 369
	14, 50, 339, 458, 544
	5, 39, 818, 827
	27, 38, 87, 131, 142, 699, 762
	51, 737, 795, 876
	6, 10, 107, 208, 249, 305, 430, 543
	7, 8, 74, 183, 229, 330, 368
	80, 530, 748, 836
	95, 241, 889, 904
	9, 19, 85, 263, 418, 767
	20, 163, 349, 355, 478
	10, 207, 247, 721, 907
	169, 358, 384, 881
	11, 113, 518, 680, 869
	12, 25, 32, 72, 146, 148, 266, 277, 402, 404, 549, 577, 641
	13, 14, 17, 49, 97, 172, 377, 457, 798
	15, 41, 48, 648, 838
	15, 16, 47, 647
	69, 175, 255, 435, 709
	71, 334, 400, 898
	17, 96, 388, 802
	18, 29, 118, 639, 771
	19, 84, 135, 190, 410, 766
	20, 23, 357, 477
	21, 73, 177, 184, 202, 204, 331, 500, 843
	22, 98, 238, 282
	23, 356, 409, 479, 525
	24, 25, 411, 550, 692
	30, 111, 139, 495, 659
	103, 116, 512, 557, 565, 790, 887
	26, 27, 86, 90, 141, 166, 261, 469
	40, 236, 259, 608
	28, 29, 119, 126, 224, 361
	30, 195, 310, 492, 568, 658
	31, 56, 77, 433, 540, 669, 735
	32, 145, 156, 443, 578
	33, 301, 426, 757, 870
	79, 89, 429, 756
	140, 387, 455, 665, 800
	34, 36, 158, 295, 299, 505
	35, 36, 82, 161, 294, 635
	37, 227, 246, 858
	38, 39, 132, 628, 761, 817, 831
	40, 41, 75, 235, 611, 646, 837
	42, 61, 101, 219, 221, 303, 806
	162, 178, 186, 381, 438
	43, 343, 594, 598, 624
	44, 53, 217, 865
	45, 58, 273, 673
	46, 47, 48, 288, 319, 840
	59, 191, 562, 696
	49, 50, 51, 174, 545, 591, 736, 797
	52, 53, 66, 448, 867
	110, 372, 493
	54, 55, 320, 346, 580, 595
	56, 57, 58, 670
	59, 70, 563, 690, 897
	76, 450, 676
	60, 61, 62, 100, 115, 128, 270, 484
	63, 64, 160, 170, 415, 452, 504, 606
	65, 66, 81, 124, 446, 723, 835
	67, 68, 104, 351
	68, 105, 133, 233, 252, 338, 350, 473, 546, 793
	69, 176, 439, 558, 772, 893
	70, 71, 72, 403, 548, 689, 900
	193, 489, 685, 860
	73, 74, 182, 329
	75, 317, 471, 510, 586, 610, 841
	76, 77, 304, 449, 529, 671, 725, 733, 750, 776
	78, 91, 129, 149
	79, 80, 81, 88, 122, 300, 747, 753, 834
	82, 83, 520, 634
	84, 85, 408, 417, 464, 528, 552
	86, 87, 468, 508, 531, 697
	88, 89, 121, 428, 815
	210, 243, 291, 912
	90, 91, 92, 130, 167
	93, 94, 95, 242, 363, 888
	120, 147, 341, 626
	96, 97, 98, 99, 279, 376, 389, 666
	100, 101, 220, 445, 487, 779
	102, 127, 226, 275
	103, 104, 105, 106, 117, 251, 566
	107, 248, 296, 297, 306, 507, 852
	187, 215, 315, 383
	108, 109, 110, 111, 112, 136, 138, 153, 371, 494
	113, 293, 517, 679
	114, 115, 272, 373, 616
	134, 393, 454, 785
	116, 117, 250, 515
	118, 119, 125, 197, 638
	120, 144, 342, 406, 482
	121, 122, 123, 124, 521, 816
	125, 126, 127, 198, 228, 274, 442, 461, 587, 614
	128, 271, 447, 485, 675
	129, 130, 131, 132, 143, 151, 168, 212, 309, 322, 830
	133, 134, 234, 337, 391, 459, 784
	135, 189, 414, 694
	136, 137, 154, 643
	138, 139, 152, 657
	140, 180, 328, 456, 664, 885
	141, 142, 143, 165
	144, 145, 146, 147, 155, 276, 407, 623
	148, 267, 335, 401, 706, 743
	149, 150, 151, 211, 571
	152, 153, 154, 213, 650, 656
	155, 156, 444, 622
	157, 158, 159, 160, 161, 416, 420, 653
	162, 385, 440
	163, 164, 348, 353
	165, 166, 167, 168
	169, 170, 171, 359, 501, 848, 880, 909
	316, 533, 700, 727, 759
	172, 173, 174, 192, 424, 590
	175, 176, 257, 559, 792
	177, 194, 203, 286, 499
	178, 185, 256, 437, 583, 612, 711
	179, 180, 287, 327, 663
	181, 182, 183, 184, 714, 842
	185, 186, 187, 313, 380, 511, 534, 585
	188, 189, 190, 191, 561, 695, 764
	192, 237, 333, 425, 592, 707, 738
	193, 194, 214, 285, 326, 395, 498, 684, 783, 859
	195, 196, 199, 570, 660
	197, 198, 441, 576, 637
	199, 200, 253, 260, 311, 513, 569, 788
	201, 202, 203, 206, 283
	204, 205, 206
	207, 208, 209, 210, 244, 398, 908
	211, 212, 324, 574
	213, 537, 649, 655, 717
	214, 332, 497, 686
	215, 216, 314, 360, 382, 729, 846
	217, 218, 219, 220, 778, 805, 863
	221, 222, 223, 302, 375, 599, 620
	224, 225, 226, 227, 228, 245, 366
	229, 230, 231, 232
	233, 234, 390, 472
	235, 236, 254, 536, 645, 716
	237, 238, 239, 240, 281, 336, 422, 894
	241, 242, 243, 244, 245, 246, 292, 365, 397, 854, 903
	247, 248, 249, 502, 720
	250, 251, 252, 253, 312, 474, 514
	254, 255, 256, 257, 258, 259, 260, 538, 607, 708, 791
	261, 262, 290, 470
	263, 264, 265, 419, 556
	266, 267, 405, 742
	268, 269, 270, 271, 272, 273, 274, 275, 613, 672
	276, 277, 278, 413
	279, 280, 281, 282, 379
	283, 284, 285, 286, 287, 325
	288, 289, 290, 318, 467
	291, 292, 902, 911
	293, 294, 295, 296, 298, 516, 633, 678, 853
	297, 298, 299, 506
	300, 301, 683, 746, 754, 872
	302, 303, 579, 600, 807
	304, 367, 432, 732, 749
	305, 306, 431, 677, 850
	307, 308, 309, 321, 631, 820, 829
	310, 311, 312, 392, 476, 488, 567, 808
	313, 314, 315, 316, 535, 726
	317, 318, 319, 466, 839
	320, 340, 345, 597
	321, 322, 323, 324, 573, 702
	325, 326, 327, 328, 394, 884
	329, 330, 331, 332, 370, 490, 496, 687
	333, 334, 335, 336, 399, 705, 895
	337, 338, 339, 460, 547
	340, 341, 342, 343, 344, 481, 593, 625
	344, 345, 346, 347, 348, 349, 483
	350, 351, 352, 636, 769, 796, 877
	353, 354, 355, 356, 357, 465, 526, 553
	358, 359, 360, 386, 847
	361, 362, 363, 364, 365, 366
	367, 434, 681, 751
	368, 369, 370, 371, 372, 491
	373, 374, 375, 462, 589, 617, 627
	376, 377, 378, 379
	380, 381, 382, 383, 384, 385, 386, 436, 774, 879
	387, 388, 389, 667, 801
	390, 391, 392, 475, 786, 810
	393, 394, 395, 453, 782, 882
	396, 397, 398, 855
	399, 400, 401, 402, 403
	404, 405, 642, 741
	406, 407, 408, 409, 410, 411, 412, 413, 414, 480, 524, 693
	415, 416, 421, 605
	417, 418, 419, 551
	420, 421, 604, 629, 654, 826
	422, 423, 424, 425
	426, 427, 428, 429, 755, 812
	430, 431, 432, 433, 434, 541, 682, 734
	435, 436, 437, 438, 439, 440, 710, 773
	441, 442, 443, 444, 463, 575, 619
	445, 446, 447, 448, 449, 450, 486, 674, 722, 780, 866
	451, 452, 603, 730, 825
	453, 454, 455, 456, 457, 458, 459, 460, 799, 883
	461, 462, 463, 588, 618
	464, 465, 527, 555
	466, 467, 468, 469, 470, 471, 509
	472, 473, 474, 475, 476
	477, 478, 479, 480, 481, 482, 483
	484, 485, 486, 487
	488, 489, 490, 491, 492, 493, 494, 495, 688, 781, 809, 861
	496, 497, 498, 499, 500
	501, 502, 503, 504, 505, 506, 507, 719, 910
	508, 509, 510, 511, 532, 584
	512, 513, 514, 515, 787
	516, 517, 518, 519, 520, 632
	521, 522, 523, 814
	524, 525, 526, 527, 528
	529, 530, 724, 752, 775, 832
	531, 532, 533, 534, 535, 698
	536, 537, 538, 539, 661, 715
	540, 541, 542, 543
	544, 545, 546, 547, 794
	548, 549, 550, 691
	551, 552, 553, 554, 555, 556
	557, 558, 559, 789, 886
	560, 561, 562, 563, 896
	564, 565, 566, 891
	567, 568, 569, 570
	571, 572, 573, 574, 701
	575, 576, 577, 578, 640
	579, 580, 581, 582, 601, 803
	583, 584, 585, 586, 609
	587, 588, 589, 615
	590, 591, 592, 739
	593, 594, 595, 596, 597
	598, 599, 600, 601, 602, 621
	603, 604, 605, 606, 824
	607, 608, 609, 610, 611, 612
	613, 614, 615, 616, 617
	618, 619, 620, 621, 622, 623, 624, 625, 626, 627
	628, 731, 760, 823
	629, 630, 631, 651, 819
	632, 633, 634, 635
	636, 637, 638, 639, 640, 641, 642, 740, 768, 873
	643, 644, 645, 646, 647, 648, 649, 650, 718
	651, 652, 653, 654
	655, 656, 657, 658, 659, 660, 661, 662
	663, 664, 665, 666, 667, 668
	669, 670, 671, 672, 673, 674, 675, 676
	677, 678, 679, 680, 681, 682, 683, 745, 851, 868
	684, 685, 686, 687, 688
	689, 690, 691, 692, 693, 694, 695, 696
	697, 698, 699, 700, 763
	701, 702, 703, 704
	705, 706, 707, 744
	708, 709, 710, 711
	712, 713, 714, 844
	715, 716, 717, 718
	719, 720, 721, 915
	722, 723, 724, 725, 777, 833
	726, 727, 728, 729, 730, 731, 758, 822
	732, 733, 734, 735
	736, 737, 738, 739, 740, 741, 742, 743, 744, 874
	745, 746, 747, 748, 749, 750, 751, 752
	753, 754, 755, 756, 757
	758, 759, 760, 761, 762, 763
	764, 765, 766, 767
	768, 769, 770, 771
	772, 773, 774, 878, 892, 914
	775, 776, 777
	778, 779, 780, 864
	781, 782, 783, 784, 785, 786, 811, 862
	787, 788, 789, 790, 791, 792
	793, 794, 795, 796, 797, 875
	798, 799, 800, 801, 802
	803, 804, 805, 806, 807
	808, 809, 810, 811
	812, 813, 814, 815, 816
	817, 818, 819, 820, 821, 822, 823, 824, 825, 826
	827, 828, 829, 830, 831
	832, 833, 834, 835, 836
	837, 838, 839, 840, 841
	842, 843, 844, 845
	846, 847, 848, 849
	850, 851, 852, 853
	854, 855, 856, 857, 858
	859, 860, 861, 862
	863, 864, 865, 866, 867
	868, 869, 870, 871, 872
	873, 874, 875, 876, 877
	878, 879, 880, 881, 913
	882, 883, 884, 885
	886, 887, 888, 889, 890, 891, 892, 893, 901, 905
	894, 895, 896, 897, 898, 899, 900
	901, 902, 903, 904, 906
	905, 906, 907, 908, 909, 910, 911, 912, 913, 914, 915
Seed Numbers: 305
	0
	1
	2
	3
	4
	5
	6
	7
	8
	9
	10
	11
	12
	13
	14
	15
	16
	17
	18
	19
	20
	21
	22
	23
	24
	25
	26
	27
	28
	29
	30
	31
	32
	33
	34
	35
	36
	37
	38
	39
	40
	41
	42
	43
	44
	45
	46
	47
	48
	49
	50
	51
	52
	53
	54
	55
	56
	57
	58
	59
	60
	61
	62
	63
	64
	65
	66
	67
	68
	69
	70
	71
	72
	73
	74
	75
	76
	77
	78
	79
	80
	81
	82
	83
	84
	85
	86
	87
	88
	89
	90
	91
	92
	93
	94
	95
	96
	97
	98
	99
	100
	101
	102
	103
	104
	105
	106
	107
	108
	109
	110
	111
	112
	113
	114
	115
	116
	117
	118
	119
	120
	121
	122
	123
	124
	125
	126
	127
	128
	129
	130
	131
	132
	133
	134
	135
	136
	137
	138
	139
	140
	141
	142
	143
	144
	145
	146
	147
	148
	149
	150
	151
	152
	153
	154
	155
	156
	157
	158
	159
	160
	161
	162
	163
	164
	165
	166
	167
	168
	169
	170
	171
	172
	173
	174
	175
	176
	177
	178
	179
	180
	181
	182
	183
	184
	185
	186
	187
	188
	189
	190
	191
	192
	193
	194
	195
	196
	197
	198
	199
	200
	201
	202
	203
	204
	205
	206
	207
	208
	209
	210
	211
	212
	213
	214
	215
	216
	217
	218
	219
	220
	221
	222
	223
	224
	225
	226
	227
	228
	229
	230
	231
	232
	233
	234
	235
	236
	237
	238
	239
	240
	241
	242
	243
	244
	245
	246
	247
	248
	249
	250
	251
	252
	253
	254
	255
	256
	257
	258
	259
	260
	261
	262
	263
	264
	265
	266
	267
	268
	269
	270
	271
	272
	273
	274
	275
	276
	277
	278
	279
	280
	281
	282
	283
	284
	285
	286
	287
	288
	289
	290
	291
	292
	293
	294
	295
	296
	297
	298
	299
	300
	301
	302
	303
	304
Phase Numbers: 305
	0
	0
	0
	0
	0
	1
	0
	0
	0
	0
	0
	0
	1
	0
	0
	0
	0
	0
	0
	1
	1
	0
	0
	0
	0
	0
	0
	0
	1
	0
	0
	0
	0
	0
	0
	0
	0
	0
	0
	0
	0
	0
	0
	0
	0
	0
	0
	0
	0
	0
	0
	0
	0
	0
	0
	0
	0
	0
	0
	0
	0
	0
	0
	0
	0
	0
	0
	0
	0
	0
	0
	0
	0
	0
	1
	0
	1
	0
	0
	0
	0
	0
	0
	0
	0
	0
	0
	0
	0
	0
	0
	0
	0
	0
	0
	0
	0
	0
	0
	1
	0
	0
	0
	0
	0
	0
	0
	1
	0
	1
	0
	0
	0
	0
	0
	0
	0
	0
	0
	0
	0
	1
	0
	0
	0
	0
	0
	0
	0
	0
	0
	0
	0
	0
	0
	0
	0
	0
	0
	0
	0
	0
	0
	0
	0
	0
	0
	0
	0
	0
	0
	0
	0
	1
	0
	0
	0
	1
	0
	0
	0
	1
	0
	0
	0
	0
	0
	0
	0
	0
	0
	0
	0
	1
	0
	0
	0
	0
	0
	0
	0
	0
	0
	0
	0
	0
	0
	0
	0
	0
	0
	0
	0
	0
	0
	0
	0
	0
	0
	0
	1
	0
	0
	0
	0
	0
	0
	0
	0
	1
	0
	0
	0
	0
	0
	0
	0
	0
	1
	0
	1
	0
	0
	0
	0
	0
	0
	0
	0
	0
	0
	0
	0
	0
	0
	0
	0
	0
	0
	0
	0
	0
	0
	0
	0
	0
	0
	0
	1
	0
	0
	0
	1
	1
	0
	0
	0
	0
	1
	0
	0
	0
	0
	0
	0
	0
	0
	0
	0
	0
	0
	0
	0
	0
	0
	0
	0
	0
	0
	0
	0
	0
	0
	0
	0
	0
	0
	0
	0
	0
	0
	0
	0
	0
	0
	0
	0
	0
	0
	0
	0
	1
	0
	0
	1
Volumes: 305
	0.3924698341760462
	0.1258229541121012
	0.34138065807174445
	0.15981763658639045
	0.1283893075801755
	3.196163630475896
	0.16526406153438405
	0.09402404280694182
	0.1305460390957169
	0.2411194730322939
	0.1729922589686971
	0.0763202323513378
	2.948605845637748
	0.8173016385997262
	0.307257266142805
	0.767414398548334
	0.08716334937407406
	1.006394473956723
	0.15501496211828103
	3.0068166891584642
	1.7299261577365528
	0.16880323645977352
	0.13858235921956663
	0.9910924017483274
	0.09723980602763384
	0.3941481537428254
	0.03683389253677588
	0.6454227274045378
	3.1877078089177564
	1.6770089187212243
	0.3136932277628838
	0.12737834481881571
	0.28310060410024196
	0.10407067778642207
	0.034033704254603704
	0.19623790861032686
	1.277993388095497
	0.08878128846017067
	1.4997724258707452
	0.1637843104157476
	0.1285761812159531
	0.23696374226016084
	0.5671952930005119
	0.8127582455742535
	1.2516662742613782
	0.051746158985920485
	0.8595475194516143
	0.7406920617248136
	0.6298883133851052
	0.48455345147424583
	0.2552584226951755
	0.19931997292483872
	0.4200083840462126
	1.1699961284372054
	0.7187121212872226
	0.1798863202603656
	0.5762399285489805
	0.7582276751888714
	1.1192521767610693
	0.18429485868229256
	0.5403650821216874
	0.20726711032044293
	0.106822420372869
	0.6893907857936258
	0.08654356227648681
	0.9257241011510677
	0.8091747471543256
	0.1533201018029665
	0.7693476932041996
	0.08439583047560717
	0.24777006231962606
	0.05392600184950569
	1.515592406660136
	1.749410235660683
	2.866030919116693
	0.31672878370115176
	3.144521830430115
	0.7275445866583858
	0.6421670679793081
	0.0642294042838818
	0.347943269548173
	1.0241960232590737
	1.4196922002447343
	0.16774817731190733
	1.6623406110064738
	0.06315247232395726
	0.9103632871209483
	0.5714434172770586
	0.15814039713896214
	0.2349004715141
	0.3094671691133256
	0.36158259168421863
	0.15416724624653133
	1.2249466660403645
	0.8100445756066015
	0.21806030819298097
	1.4175405774282868
	0.8576344006835124
	0.1193192453428075
	3.165771944241098
	0.4275888392332939
	0.3518771417584411
	0.16976129169173673
	0.06047986120485486
	0.5244184837023311
	0.48099127956947846
	1.4135896700435837
	3.212912688687814
	0.7108028787989655
	3.078619196964393
	0.7604168695530295
	0.11580154490911324
	0.6788187751393506
	0.10969289650008002
	0.2183781530079676
	0.18508041642308362
	1.4709318091215648
	0.47738865842725264
	0.18297234882120011
	0.5930448514217284
	0.10043256940817627
	2.9127166472167194
	0.03374084674065414
	0.14856730883875607
	0.14329309106845758
	1.7158112091461677
	0.1636641290436413
	0.5155153093514131
	0.2073699127883806
	0.37176584269432894
	1.0203121691280463
	0.2886724482554518
	0.8443891407834202
	1.5564466307561642
	0.6586028823919262
	0.794288757933266
	1.534110899456059
	0.2000285564698964
	0.46471154798765274
	1.4696828500078265
	0.15703455511476047
	0.04423851602149259
	1.2115197936947406
	0.10005839420906257
	0.3860236713840315
	0.20839520710693848
	0.6962695513133791
	1.0263674804455696
	0.6676808404482895
	0.9944547450547747
	0.03846237515144481
	0.07220887572205777
	0.5343293964327885
	2.732353815576693
	1.65200572150203
	0.20924147389999703
	0.987795590285765
	3.117683560029685
	0.07712665788439461
	0.20067886396357407
	0.10343995474106349
	3.265916937196435
	0.22626059091156564
	0.17837874449534885
	1.1404897972959032
	0.29567728518792746
	0.1163574995312858
	1.6871879287295084
	0.163477578435423
	1.5275621121048713
	0.2350920484965423
	0.1501954365701475
	0.7345120239418939
	1.5731022502262324
	1.715377900496562
	0.40794735750870537
	0.17929150741940064
	0.08631716043445521
	0.606513746207395
	0.8348243864343876
	1.7135378999233581
	1.1218431061827285
	0.559523599757533
	1.3421691983295676
	0.9672005876471683
	1.1772861710631677
	0.902766395346145
	0.13621691696078492
	0.5929649179621974
	0.22049923768649873
	0.5781619095610635
	0.847128073589575
	0.03540601342897451
	1.1614801327895095
	0.07464835904981888
	0.32004352228051
	0.46698513950133913
	0.18323686252251384
	0.11610340851944068
	0.14969135478746634
	3.127444415367098
	0.32028263812461205
	0.16942210730750623
	0.7942792662372264
	0.07984472284258548
	0.5004258729615623
	1.502290730660408
	1.4111431615191976
	0.8546017064311788
	3.302154854229201
	0.24369253166428376
	1.6164105390017522
	0.19585544277319136
	0.2289932176713926
	1.4403093095719186
	0.43791667981735244
	0.8873654810734584
	0.08990313199053554
	3.25816836193523
	0.7236003488774885
	3.222127306631292
	0.5909193641730909
	0.4117450533913344
	0.47270758021057047
	0.281523492018566
	0.4153104067852816
	0.26256151704832226
	0.8349949184993739
	0.6475835571445525
	0.1919541284180698
	0.36217392118429237
	0.11930174795491114
	0.41763078141583715
	0.26797519007061615
	0.8985775859234614
	0.1901426882069086
	0.09696523468164849
	0.10308160786724359
	0.8688057523680757
	1.1259786560782878
	0.30385365452461405
	0.17537766441917957
	0.1239477288521112
	0.15122166849115976
	0.7395889125366741
	0.29044878821583087
	0.9949775990909885
	0.42532217959972385
	3.208728738967743
	0.15006974021499236
	1.0949785273383577
	0.12111065121163796
	3.0677761735354574
	2.286009783267596
	0.27667924478604916
	1.0435001247902354
	0.8625193201485857
	1.6204745626635746
	3.2276123773976484
	0.11141759285797133
	1.0495160860589254
	0.23962695920253196
	0.0843571736801349
	0.07567104920852048
	0.11143068337808196
	0.1567697069074478
	0.1198580499821961
	0.1654321071114462
	0.7898055790022026
	1.4444884432854217
	0.4400738105197365
	1.6398780371432427
	1.279643346770507
	0.16431811236766306
	0.561426139822417
	0.26339295372547983
	0.2580129203431568
	1.6022736987128283
	0.09139691024170127
	0.12779725824345559
	1.0369388454346304
	0.975095305495483
	0.4924161916787345
	0.2089363100564911
	0.6100857901666414
	0.28145049434646996
	0.8023147949252127
	1.4519769907769011
	0.21954598106255924
	0.3135595205491123
	0.4151288276296611
	0.1152715496303397
	0.07244085334675765
	0.31332516977854286
	0.3548921192406525
	0.16385615041567791
	0.19826459378743616
	0.6368609674658502
	0.19612318044905203
	0.5277629302502388
	0.13334661512235102
	3.1731590353049386
	1.601071444308325
	0.39781760411252476
	3.3055740131353333
