3.899999999999999821e-03 2.599999999999999881e-03
1.500000000000000031e-03 1.000000000000000021e-03
7.301200000000000094e-04 5.223699999999999741e-04
4.072699999999999953e-04 3.325599999999999737e-04
2.759999999999999867e-04 2.381999999999999894e-04
2.021199999999999961e-04 1.712100000000000091e-04
1.457499999999999920e-04 1.244700000000000060e-04
1.052199999999999989e-04 8.973099999999999859e-05
8.092700000000000631e-05 7.372299999999999871e-05
6.582700000000000519e-05 5.873699999999999684e-05
